-0.02556993;0.20512067;-0.366212
0.029544055;0.15940903;-0.52421963
0.07363524;0.16971472;-0.6381257
0.14015819;0.2857718;-0.48237556
0.08087656;0.24111742;-0.44840044
0.11470125;0.20383143;-0.44153285
0.060510997;0.13494015;-0.4422888
0.0734088;-0.023297878;-0.48195603
0.08372704;-0.029575802;-0.43243983
0.06073163;0.031026857;-0.37407684
0.117335305;0.007633986;-0.300824
0.08761825;-0.031392813;-0.22503419
0.038844593;-0.03761425;-0.13783985
0.012325675;0.0417836;-0.14152189
0.11611054;0.21623938;-0.155405
0.111638434;0.3167415;-0.099324
0.033060744;0.3299557;-0.1341467
0.045198597;0.31396458;-0.08231736
0.017408878;0.31835914;-0.12210389
-0.023572898;0.31406233;-0.14768311
-0.04385832;0.31999984;-0.10408399
-0.097586654;0.36849988;-0.03951719
-0.08431932;0.4213624;0.04182375
-0.067455456;0.31208992;0.1256465
-0.022714367;0.16373444;0.1473922
-0.011921493;0.051300053;0.25385126
-0.047037195;-0.010522458;0.281206
-1.2975602E-4;-0.036542967;0.2218398
0.012396195;0.10514063;0.29309684
0.041166957;0.116925;0.22510247
0.15793356;-0.1048975;0.08008198
0.08259685;-0.208918;-0.007809416
-0.021422518;-0.17182189;-0.023435032
-0.054638013;-0.14995752;-0.08124802
-0.10621041;-0.14340352;-0.18999842
-0.15996833;-0.06784781;-0.27856123
-0.052974664;0.36915925;-0.15409899
-0.0048797308;1.3859524;0.11734581
-0.11015379;1.549387;0.40325165
-0.18187302;0.86763453;0.28510132
-0.16424842;0.23473263;-0.16566895
-0.062648736;-0.1794014;-0.53253514
0.01238101;-0.3810211;-0.6885281
-0.008845192;-0.3360669;-0.6383225
-0.113326155;-0.18291602;-0.566908
-0.12816092;-0.04164531;-0.5863389
-0.046278737;-0.03175375;-0.61750865
0.044227008;-0.150403;-0.5611944
0.029131608;-0.2625099;-0.42395553
-0.06419472;-0.33813292;-0.3313519
-0.07635577;-0.45800632;-0.25570652
-0.061084617;-0.36640507;-0.20456523
-0.0051176935;-0.6524991;-0.05583968
-0.047844157;-1.1079367;0.050640754
-0.007025324;-1.4550993;-0.026674895
0.10062974;-1.5359545;0.003660084
-0.0132462075;-1.4717324;0.07636557
-0.21059696;-1.3516535;0.034529954
-0.27160257;-1.3914301;-0.12862603
-0.18915705;-1.6053317;-0.19977583
-0.13882564;-1.8608278;-0.17544566
-0.21731052;-2.0394435;0.08933097
-0.2707234;-2.0018673;0.40115228
-0.41032875;-1.8514938;0.6459218
-0.440763;-1.6452576;0.76205
-0.036985386;-1.1146436;0.63464
-0.05771331;-1.0901524;0.6155245
-0.21179564;-1.5158719;0.56116956
-0.42256153;-2.2720726;0.31924817
-0.6536742;-2.586408;0.0053985296
-0.81356436;-1.8503764;-0.43005618
-0.6852265;-0.6303011;-0.14091994
-0.7138062;-0.072990894;0.16070154
-0.89604497;0.14160728;-0.16362627
-0.83246094;-0.0054641743;-0.255901
-0.7440938;-0.97624636;-0.0031583079
-0.895275;-1.8497471;0.29122335
-0.99747;-2.1485476;0.68454117
-0.988601;-2.321963;1.075758
-0.9752558;-2.2013204;1.4418564
-0.91457963;-1.5673064;2.59411
-1.0379137;-0.31009513;3.150288
-1.195956;0.7019239;3.1827304
-1.1770773;0.9396641;2.6774344
-0.92916185;0.9329813;1.8794475
-0.6948919;0.86201006;0.778558
-0.5356011;0.66148305;-0.2740286
-0.5206683;0.33543643;-0.89422286
-0.4305972;-0.03165086;-0.25600332
-0.5741652;0.121554315;0.77019733
-1.0562072;0.93474346;1.3036579
-1.4160595;1.6712322;1.8929263
-1.6629257;2.1760483;1.964341
-1.7228088;2.3095887;1.6089728
-1.5945679;2.0406396;0.99967825
-1.3024122;1.6723555;0.3997426
-0.883043;1.5871031;0.5135441
-0.740907;1.9032762;0.6170853
-0.7688975;2.0395644;0.7811682
-0.92351645;1.9399035;0.7561846
-1.0622506;2.036493;0.40494767
-1.0318317;2.0944288;0.11770813
-0.7637467;2.0122619;-0.1558335
-0.37974733;1.9965281;-0.3184168
-0.17371975;2.07691;-0.30473343
-0.27296016;1.7334031;0.21246324
-0.6800869;0.9007849;0.6637206
-1.286257;-0.0801533;0.71222645
-1.8165056;-0.77232575;0.9197812
-2.070392;-0.9147356;1.1608249
-1.8344386;-0.9098402;1.32866
-1.2644259;-0.8772618;1.437928
-0.6631032;-0.63091105;1.4065924
-0.074232556;-0.22133039;1.2065239
0.43280146;0.06404897;0.68396914
0.7009287;0.12780167;-0.046574704
0.7552742;-0.15029773;-0.70600975
0.7557818;-0.69289446;-1.2273078
0.7022817;-1.1607609;-1.6443462
0.6133879;-1.2989212;-1.746727
0.6078978;-1.3086683;-1.3786316
0.610537;-1.3469346;-1.2216552
0.64546084;-1.6072352;-1.1585742
0.5991812;-1.8107882;-1.0206094
0.39496994;-1.740818;-0.8477375
0.19722596;-1.4676543;-0.74694
0.06793701;-1.0022485;-0.747552
0.03716211;-0.5924238;-0.4730416
0.07894844;-0.46456406;-0.3784333
0.08269;-0.47321373;-0.46524662
0.244277;-0.5582585;-0.5096973
0.3501091;-0.7059818;-0.41400784
0.10977478;-0.7647854;-0.19995627
-0.33327392;-0.61807835;0.040034983
-0.67755663;-0.16633768;0.338278
-0.8107953;0.29817986;0.48312238
-0.73926127;0.54010636;0.5302479
-0.388284;0.55083513;0.52419835
-0.02859595;0.4156681;0.25060865
0.22790448;0.22784697;-0.16201307
0.30107358;0.019777576;-0.46086046
0.27523386;-0.0013654395;-0.5499384
0.15846835;0.18953265;-0.4399507
0.05646218;0.29693863;-0.24571055
-0.0032677567;0.1328634;-0.11531844
-0.0026142055;-0.09527178;-0.061004754
-0.0036538644;-0.24809243;-0.030053804
-0.04901684;-0.34847394;0.075956956
-0.065775976;-0.44127914;0.092015564
-0.11590203;-0.4905233;0.029862452
-0.109909125;-0.41741866;-0.038610037
-0.0629273;-0.34330994;-0.07463803
-0.03706059;-0.28089795;-0.08471043
0.04457028;-0.17471835;-0.10526834
0.093468726;-0.14914969;-0.14046468
0.04586873;-0.20369475;-0.06862174
-0.08205502;-0.19420579;-0.0048973896
-0.18908152;-0.099114634;0.03983209
-0.1559527;0.05195829;-0.06188433
-0.015387169;0.13219163;-0.14325747
0.13300276;0.19012831;-0.058355972
0.18296471;0.21304014;-0.0029347767
0.15965302;0.18449461;0.01640218
0.098816164;0.15540819;0.013121743
0.054834183;0.13526405;0.07299739
0.007148596;0.09883624;0.09589791
-0.0020936232;0.07438149;0.045468334
0.0116063515;0.017317696;-0.026125334
0.030378832;-0.07677084;-0.06465027
-0.023353186;-0.13016668;-0.06422021
-0.0585263;-0.14788334;-0.038876172
-0.12025854;-0.17455667;-0.024850937
-0.10948808;-0.13652034;-0.026130749
-0.033684216;0.02515873;-0.014654599
0.03789638;0.14981449;-0.0117236795
0.078754604;0.17141409;-0.015628943
0.056753684;0.19181877;-0.018753154
0.036027946;0.11439252;0.09124748
-0.017271394;0.06495151;0.06049798
-0.07084837;0.00664871;0.14839838
-0.106678694;-0.24155603;0.2374687
-0.1470617;-0.46824482;0.14622496
-0.09811811;-0.42772087;0.07947997
0.05900551;-0.19530168;-0.048916023
0.19720441;0.17813365;-0.18288282
0.18041977;0.39094442;-0.25880626
0.14589833;0.38775554;-0.282045
0.096406154;0.33364192;-0.075636
-0.09553132;0.21378854;0.2082412
-0.3881438;0.13978083;0.20409296
-0.51051503;0.099324666;0.19452436
-0.37872455;-0.025227766;0.19936949
-0.14204213;0.24700528;0.4344956
0.022303795;0.70072925;0.82884645
0.035030536;1.2152709;0.58182716
0.25927442;1.216748;0.84671175
0.2472633;1.3124609;0.3961194
0.06812313;1.7333671;0.14814551
-0.35722023;1.7658197;0.2810164
-0.7795262;1.3245698;0.29981312
-0.8783085;0.90260017;0.40235052
-0.73702174;0.5402442;0.4656304
-0.5552424;0.25016412;0.33500433
-0.35825643;0.1485688;0.08675346
-0.12723014;0.21455815;-0.24934724
0.07165339;0.3880528;-0.49322778
0.17451021;0.47889924;-0.5383322
0.13804567;0.30841237;-0.5119158
0.024499033;0.20278458;-0.50953263
-0.058525775;0.21769641;-0.5638761
-0.04994562;0.31585637;-0.5511009
0.044418506;0.4000972;-0.3908807
0.16365981;0.3986422;-0.18770456
0.23874034;0.20399678;-0.07516365
0.31130478;-0.13936606;0.021119079
0.4412313;-0.34899285;0.110645264
0.4975163;-0.39599115;0.20101622
0.51832557;-0.2304648;0.22956297
0.47403544;-0.06366871;0.07740037
0.5807909;0.025432218;-0.1568297
0.69275767;0.010775462;-0.26296377
0.74912804;-0.04294213;-0.404121
0.8118024;-0.028689642;-0.41704682
0.86389506;-0.0018579637;-0.39613745
0.8633817;-0.014962933;-0.24815996
0.86306864;-0.015681284;-0.029777965
0.77854085;-0.07367784;0.05742763
0.6725397;-0.20855165;0.102192104
0.67396927;-0.3602007;0.19425368
0.56788635;-0.47409806;0.21165295
0.45802;-0.4784972;0.15057236
0.5390723;-0.5820165;0.045457885
0.6550859;-0.8046757;0.042616308
0.72524065;-0.96249056;0.102843046
0.6739425;-0.9528049;0.11352444
0.648529;-0.93255645;0.12206955
0.5531982;-1.0288577;0.07890564
0.44255856;-0.82308614;0.063124515
0.27904683;-0.8787814;0.03174961
0.20604998;-0.9639626;-0.055850312
0.25077748;-1.0149201;-0.22593024
0.25999698;-0.8744361;-0.2807442
0.30409133;-0.67454886;-0.17459536
0.56514806;-0.41307658;-0.23967628
0.6771185;-0.18046127;-0.21674103
0.37606975;-0.294369;-0.22339283
0.35710582;-0.090182714;-0.31621426
0.27318466;-0.053396173;-0.17797141
0.29667273;0.018220562;-0.22362712
0.39515066;-0.05261105;-0.2789017
0.30205804;-0.06240134;-0.02312136
0.23852143;0.11101643;0.08775291
0.21269214;0.029438142;-0.03604767
0.034216218;-0.40457448;-0.15383814
-0.15075202;-0.6486596;-0.15432051
-0.22216412;-0.77830267;-0.07970641
-0.24804379;-0.95076716;-0.22626513
-0.24765378;-0.9981137;-0.2685121
-0.29812303;-0.98911595;-0.28355968
-0.3072484;-0.95379275;-0.36747274
-0.20751749;-0.82865924;-0.51585317
-0.12929524;-0.5035524;-0.75643253
-0.113592446;0.1034081;-0.942646
-0.035405204;0.5546015;-0.91661686
0.069332086;0.5061812;-0.7989185
0.04999692;-0.004430053;-0.79225975
-0.053752463;-0.48479405;-0.91505784
-0.090658225;-0.7472102;-1.0507963
-0.070964076;-0.99776816;-1.118762
-0.027865011;-1.3575896;-1.1137596
-0.13713576;-1.6548216;-1.1472577
-0.26127112;-1.7988573;-0.93030614
-0.19729814;-2.1078358;-0.55674493
-0.16174476;-2.5737686;-0.34852093
-0.35517704;-2.8527648;-0.37256676
-0.60015726;-2.419712;-0.5293034
-0.4879383;-1.3732696;-0.78906775
-0.04933503;-0.32986566;-1.0906292
0.38162574;0.24235748;-1.2115659
0.4678006;0.19388598;-1.1630027
0.22892797;-0.19489121;-1.1897771
-0.013732628;-0.49341297;-1.2393217
-0.16645485;-0.4572304;-1.2594261
-0.26128888;-0.2470343;-1.1286347
-0.3184061;-0.016377442;-0.82790774
-0.30238113;0.15564805;-0.39201367
-0.15596741;0.33701843;-0.027673438
-0.002117676;0.66336477;0.13098624
-0.02825664;0.7494418;0.301664
-0.12260531;0.49955344;0.4038312
-0.2738655;0.27464277;0.37931496
-0.33393615;0.1009642;0.39876446
-0.27105516;0.04952136;0.42057407
-0.10395351;0.039617088;0.45208427
0.08363406;0.08169367;0.4882299
0.17940725;0.002854937;0.43120894
0.088057056;0.10853395;0.37934214
-0.04244498;0.18682715;0.36909872
-0.08942474;0.24946173;0.22184147
-0.021539789;0.18081938;0.035285678
0.057377543;0.10090551;-0.11239646
0.10683954;-0.019275595;-0.14460467
0.15109663;-0.15292047;-0.16099623
0.21853355;-0.17233638;-0.18660949
0.17248309;-0.1003691;-0.22897509
0.14736147;-0.024045283;-0.25505507
0.058514178;0.049513772;-0.03998156
-0.012563657;0.008361018;0.093014754
0.07823032;-0.074561186;0.0978493
-0.029603241;-0.034648947;0.04077944
-0.1611826;0.11603084;-0.07675145
-0.15003982;0.055324674;-0.19577615
-0.0067506093;0.03175974;-0.09880842
-0.12258799;0.069157794;-0.07592174
-0.39260164;-0.013423767;-0.021674892
-0.44240162;-0.12948902;0.18734759
-0.32169473;-0.14109121;0.26706555
-0.18430892;0.09962703;0.29177746
-0.14549401;0.31095162;0.31779698
-0.22948115;0.2987613;0.39798757
-0.37499118;0.12025904;0.49807757
-0.271282;0.08370723;0.43908703
-0.11565841;0.22321579;0.27314463
-0.15190172;0.22857262;0.42789072
-0.10413857;0.101608105;0.46731257
0.025868833;0.08128648;0.28947505
0.08182788;0.12127919;0.31595504
0.11155605;0.18452334;0.33713904
0.16385421;0.23511867;0.31033623
0.19045837;0.24434495;0.32014397
0.21369483;0.32672596;0.31236517
0.2514246;0.25513077;0.24676715
0.23160844;0.1541046;0.21616372
0.16809925;0.17953369;0.21668097
0.1516669;0.20612696;0.16396978
0.13461477;0.13990156;0.13742582
0.09050432;0.13067125;0.16306566
0.043887828;0.123287;0.111702524
0.061672762;0.036129598;0.061237022
0.028635085;0.016403679;0.05836462
-0.025138807;0.06312294;0.015441694
0.0029358293;0.07549836;-0.0032716447
0.044536162;0.029148683;0.006757684
0.027816432;0.017068947;-0.019593854
-0.02735623;0.019905157;-0.03755008
-0.008603734;0.022174126;-0.055040065
-0.0068829875;0.005239301;-0.04090705
-0.024647014;0.010441441;0.011024358
-0.052530114;-0.0103968475;0.015069487
-0.06663346;-0.07706748;0.05580559
-0.06502552;-0.086653985;0.07276947
-0.015692292;-0.031823184;0.07384057
0.024164917;0.0057914513;0.11532246
-0.017386816;0.017133161;0.09225797
-0.034612577;0.026206529;0.06443138
-0.039408814;0.027215224;0.0577951
-0.012386425;0.015522178;0.02436108
-0.029049765;-0.043832257;0.028863864
-0.036521062;-0.091315806;0.0043410915
-0.0581231;-0.11680265;-0.030902127
-0.10196723;-0.12469211;-0.0028467015
-0.07571441;-0.081003696;-0.03977736
-0.05314965;-0.014802954;-0.044321887
-0.036660347;0.0069076368;-0.02920751
-0.027375152;-0.04447389;-0.08899101
-0.012134497;-0.10432911;-0.12431781
-0.011660722;-0.12721328;-0.13070424
-0.007375453;-0.09552063;-0.1076884
0.022615263;0.011083495;-0.11115072
0.06418596;0.021366796;-0.107670575
0.06267689;-0.032906562;-0.07676146
0.019672764;-0.08882525;-0.07390917
0.011831962;-0.0648102;-0.102877334
0.01727807;-0.05809816;-0.06042687
0.02124433;-0.04647853;-0.07021649
0.04004234;-0.018432822;-0.08429819
0.081643246;-0.0022462583;-0.048688557
0.0809396;-0.026797006;-0.051450845
0.095220424;-0.033937607;-0.078660674
0.076176345;-0.058400083;-0.08792854
0.0988317;-0.040470067;-0.067217834
0.12515911;0.011373946;-0.041274264
0.14465854;0.015349157;-0.033019412
0.12900808;-0.025220675;-0.048290532
0.12976897;-0.0014265396;-0.035507426
0.12647142;0.06135877;-0.022155939
0.08242714;0.024087016;-0.01772475
0.07766046;-0.13073039;-0.0860548
0.06759712;-0.17958431;-0.16259384
0.048608944;-0.13116744;-0.16445008
0.038887154;-0.10493396;-0.13156006
0.049859725;0.028552832;-0.08337305
0.07816903;0.085342266;-0.029198438
0.057066474;0.043273814;0.02664125
0.03784068;0.015869051;0.005688
0.005272543;-0.03730476;0.013925401
-0.0051569655;-0.042343806;0.00801532
-0.0025630724;-0.046375047;-0.090462744
-0.009081708;-0.10585003;-0.053620197
-0.08070286;-0.07843003;0.019603845
-0.016124792;-2.4402363E-4;0.08443308
0.115225166;0.056054782;0.00817146
0.12108638;-0.036406174;-0.17783783
-0.09297464;-0.51037496;-0.067270264
-0.30602035;-1.0833;-0.24444121
-0.39794126;-1.31664;-0.53149045
-0.30311865;-1.097062;-0.6689424
-0.22140117;-0.63389957;-0.5992164
-0.09665218;-0.58211964;-0.44499812
0.051193878;-0.8969457;-0.4309985
-0.026232395;-1.0425565;0.005201203
-0.16864216;-0.75904524;0.37603596
-0.14038248;-0.11973621;0.50082874
-0.25410286;0.97921103;0.663163
-0.2376573;1.9646188;1.0774055
0.083702296;2.43107;0.5212993
0.8618837;2.176106;0.13891447
1.2691945;1.6033849;0.16113158
0.91535556;1.3295829;0.47265527
0.52759695;1.3074163;0.7187492
0.31270257;1.2834331;0.8718744
0.2009433;1.1798714;0.9256245
0.2177859;1.2501471;1.0311246
-0.060927536;1.2469927;1.5967747
-0.40889826;1.2507192;2.0930448
-0.17555612;1.6193253;2.0806859
0.2908051;2.1970227;1.5770487
0.44045657;2.6404307;1.1678889
0.40861526;2.7959383;1.0405611
0.22064221;2.6180007;1.0636989
-0.11801748;2.0561192;0.96345913
-0.49832022;1.1183329;0.9270173
-0.77951556;0.51341635;0.9041138
-0.8322062;0.69276434;0.9357911
-0.73099935;1.3237427;0.8798829
-0.5445651;1.9148536;0.7226563
-0.32471457;2.1330547;0.565625
-0.2808654;1.82285;0.37750003
-0.38719234;1.5106238;0.20825002
-0.37498823;1.4319365;0.060350016
-0.3765531;1.2088305;0.06078001
-0.3299534;0.49440813;0.10487401
-0.05712679;-0.23455164;-0.078600794
0.18007982;-0.7122507;-0.07538063
0.22257948;-0.6655037;0.102195494
0.08040734;-0.70076233;0.100506395
-0.10793976;-1.0277973;-0.057094883
-0.16096118;-1.1245816;-0.05192591
-0.107675195;-1.0856028;-0.091540724
-0.13594484;-1.2966073;-0.28573257
-0.22184181;-1.5185359;-0.30358607
-0.366951;-1.4788911;-0.061618853
-0.5367004;-1.4753004;-0.04304508
-0.6209619;-1.5193028;-0.12818606
-0.5541914;-1.4248172;-0.34629884
-0.41249374;-1.1117288;-0.4207891
-0.25167468;-0.60657054;-0.23038127
-0.35270694;-0.20244394;-0.059305012
-0.24349368;-0.29633015;0.11505599
-0.39596683;-0.55581415;0.060794793
-0.49138284;-0.6727763;-0.0076141665
-0.20130938;-0.30384603;-0.099841334
0.14520249;0.12723567;-0.09862307
0.34980458;0.26428854;0.03360155
0.304746;0.44424334;0.07688124
0.20937297;0.6194572;0.06775499
0.21530111;0.5924407;0.09170399
0.33308074;0.50364006;-0.0016368064
0.4272556;0.53416204;-0.06380945
0.41465604;0.46326715;0.017702444
0.32781857;0.27530122;0.032911956
0.2315908;-0.020384021;0.032579564
0.14503828;-0.27099472;-0.011436349
0.11993687;-0.35898328;-0.11539908
0.15923074;-0.2512491;-0.11731926
0.123478346;-0.1634993;-0.08135541
0.0241733;-0.29954943;-0.0088343285
-0.024801984;-0.32713956;0.024182538
0.12957248;-0.15233664;-0.05565397
0.3774861;-0.11249431;-0.18202318
0.62737954;-0.004057949;-0.28311855
0.78549737;-0.0110588595;-0.27649483
0.7565229;-0.088534586;-0.27744585
0.582562;-0.16614017;-0.24695669
0.3683934;-0.16572464;-0.17881535
0.23143347;-0.110704705;-0.11180228
0.28436553;0.04268623;-0.09569183
0.39780492;0.22164899;-0.07030346
0.48621267;0.3632567;-0.056242768
0.48740765;0.40779284;-0.0137442155
0.3993011;0.3277968;0.039004628
0.2866284;0.10754993;0.018703703
0.19336522;-0.17646006;-0.11628704
0.19531718;-0.28960556;-0.19927964
0.29687873;-0.16293444;-0.1531737
0.3109405;-0.013160051;-0.022538964
0.17531489;-0.0042780405;0.09446883
0.026189415;0.0012650675;0.019325063
0.0053265314;-0.003675446;0.015460051
-0.012926275;-0.062315356;0.04986804
-0.10096602;-0.12328979;-0.010105568
-0.21592906;-0.10800683;-0.10183445
-0.28993076;-0.058280464;-0.13771756
-0.3022571;-0.00443687;-0.06017405
-0.3418057;0.037075505;0.05186076
-0.48594454;0.123410404;0.3664886
-0.88250566;0.053415824;0.5306909
-1.2670885;-0.17757984;0.4495527
-1.2568837;-0.43737638;0.35964218
-0.82738197;-0.3514636;0.28146374
-0.23104618;0.16101663;0.14392099
0.23078805;0.7022508;0.13388678
0.30338043;0.8852381;0.15085943
0.16965748;0.634753;0.15818754
0.10330411;0.20311491;0.14530003
0.10959641;-0.13594557;-0.02750997
0.1622865;-0.27750647;-0.22200797
0.23451671;-0.25481766;-0.33385637
0.35636336;-0.063229136;-0.2795851
0.43430945;0.1791042;-0.16741808
0.4091663;0.29953337;-0.090184465
0.32889554;0.3458767;0.021602426
0.26155394;0.29232636;0.07353194
0.1975244;0.16198608;0.027575552
0.10255077;-0.056348637;0.015810443
0.091415614;-0.05757891;0.050148353
0.03875749;0.008624372;0.07136868
-0.039306507;-0.104038;-0.12415505
0.06386729;-0.023855403;-0.43682405
0.108906336;-0.011271821;-0.09320924
-0.33631244;-0.41682994;0.20668261
-0.9104562;-0.81002647;-0.12215391
-1.3258259;-0.9042712;0.6085269
-1.3995279;-0.60779196;0.5680715
-0.95477855;-0.20810854;0.2107072
-0.4097213;0.36163816;0.24981576
0.09526984;1.0299355;0.10610261
0.3596143;1.1083235;0.12863208
0.57480085;0.64759624;0.07165567
0.49851254;0.22432698;-0.14892547
0.3316225;0.2622741;-0.21914037
0.25201678;0.37231928;-0.0690623
0.18051967;0.060355417;-0.017749839
0.23972823;-0.21734066;-0.13294987
0.36834508;-0.21762253;-0.19385989
0.5087386;-0.033473026;-0.18633792
0.5601159;0.07165908;-0.16782033
0.5059052;-0.15204774;-0.14675626
0.4008179;-0.4872632;-0.21115501
0.30737308;-0.6304355;-0.33767402
0.2935547;-0.57934844;-0.3451392
0.31765625;-0.44316626;-0.20736137
0.20178126;-0.4779705;-0.09713909
0.05673751;-0.3839389;-0.29021126
0.173515;0.19128639;-0.40091902
0.123187006;0.3842791;0.023014784
-0.45301288;-0.17851421;0.41841182
-0.3624103;-0.14281137;0.33472946
-1.1053579;-0.9486241;0.6115336
-1.7114348;-1.5995243;0.82672685
-2.1562572;-1.6858695;0.6113815
-1.8703183;-0.43932053;0.3953552
-0.7165671;1.0391686;0.23503415
0.75682443;2.0016475;-0.03697268
1.6605377;2.366943;-0.073328145
1.5963988;2.2537105;-0.0024125152
0.8732129;1.7818747;-0.10818001
0.3423203;0.6309685;-0.399044
0.20901248;-0.54444396;-0.5754852
0.40236622;-0.5433677;-0.5416382
0.61329925;0.096555874;-0.42081052
0.6359519;0.9288072;-0.12414843
0.6025115;0.70085824;0.16318126
0.4913842;-0.6580634;-0.07570499
0.44154486;-0.9420757;-0.46681398
0.5063609;-0.27241057;-0.4734512
0.5863387;0.57894653;0.16498904
0.30032098;0.584251;0.64449126
-0.42536822;-0.22400546;0.590593
-1.1578727;-1.0120169;0.42247438
-1.4144634;-1.858051;0.075479515
-1.6121554;-2.1083157;-0.01461639
-1.9979275;-1.5835277;0.8383069
-1.4475608;-0.10900961;0.21439551
-0.45707205;0.7456048;0.10276641
0.29684237;0.91054636;0.0072131264
0.5017317;0.9659371;-0.2754795
0.38224474;0.7758747;-0.1516336
0.41126454;0.71054345;-0.14630687
0.31533977;0.8403098;-0.11704551
0.08000618;0.86052907;-0.1186364
0.056192447;0.56967324;-0.07615912
0.20198521;0.09167611;-0.060927298
0.24596317;-0.21884662;-0.054991838
0.18153615;-0.31413978;-0.12524347
0.18741642;-0.40756184;-0.09394477
0.24173002;-0.47448698;-0.11890582
0.312134;-0.40146458;-0.17637466
0.39736345;-0.27742165;-0.17234972
0.390547;-0.26256233;-0.06912978
0.20853136;-0.49129987;0.082196176
-0.08786241;-0.6836649;0.009506941
-0.18474305;-0.5000569;-0.26739445
0.004939934;-0.06879553;-0.20141555
-0.047610555;-0.008161423;-0.05488245
-0.41894782;-0.44559163;0.11859404
-0.968752;-0.87522334;0.16362524
-1.3816422;-1.2470536;0.4559002
-1.1764076;-0.9913929;0.04597015
-0.6751104;-0.014989335;-0.04447388
0.072600886;0.66144603;0.0769209
0.4141415;0.46978182;0.030286716
0.25279757;0.28207546;0.061729375
0.23680837;0.7772229;0.0556335
0.3158139;1.1061532;-0.0367432
0.40186986;0.87554765;-0.06689456
0.48048025;0.49106312;-0.12226565
0.40157172;0.24910049;-0.03531252
0.25250736;0.1367804;0.021749984
0.16177152;-0.021825688;0.011149988
0.17160472;-0.27371055;-0.15983
0.29978377;-0.41896844;-0.309114
0.3413895;-0.38673726;-0.2160412
0.22545536;-0.4218898;0.033417035
-0.011041959;-0.5187618;0.014233628
-0.05688044;-0.32438448;-0.3011131
0.18223003;0.4217424;-0.42839047
0.19734652;0.96551895;-0.23021238
-0.7303552;-0.20570984;1.73458
-2.4007392;-2.0630054;1.193914
-3.097154;-2.6785293;-0.34486875
-1.1253793;-1.4396985;-1.000895
0.92235273;0.37324125;-1.000716
1.2913978;1.1407804;-0.5818228
0.81085265;1.2094994;0.23454176
-0.010058123;0.8894745;0.8313834
-0.42743126;0.6475171;0.5588567
-0.07182782;0.66176367;0.059585385
0.5476159;0.60128593;-0.11483169
0.78086615;0.41696626;-0.11686535
0.5825054;0.29607302;-0.08724228
0.34920746;0.1399834;-0.032293826
0.30983472;0.049486727;0.07416494
0.4107584;-0.001035619;0.08433195
0.51063794;-0.186766;-0.05128444
0.5077291;-0.4322253;-0.27852756
0.5960271;-0.40046772;-0.30407205
0.55494666;-0.14381169;-0.21825764
0.34083232;-0.11348685;-0.012106107
0.0906346;-0.22828948;0.09656511
-0.067336075;-0.18263158;0.014752092
-0.040587608;0.04764473;-0.16319832
-0.030126335;0.23186578;-0.15555866
-0.14675732;0.06674263;0.106803074
-0.7358629;-0.9934809;0.9604425
-1.8967957;-2.1979098;0.61835396
-1.8963429;-1.8833277;-0.45531684
-0.6705899;0.05271278;-0.42050347
0.6045437;1.5562327;0.30734724
1.0141037;1.3902987;0.37087777
0.6026892;1.121614;0.28420222
0.32121387;1.5707287;0.108611785
0.4616586;1.8694736;-0.23186058
0.5857331;0.894407;-0.30423847
0.57561773;-0.23838069;-0.34964076
0.51283795;-0.13132954;-0.27346262
0.4766766;0.43399885;-0.018770091
0.6422788;0.46673036;0.066233926
0.73882306;-0.34927198;-0.14701286
0.6316834;-0.7200426;-0.3863603
0.5553467;-0.39790908;-0.26533824
0.5192774;-0.14801475;-0.049770582
0.45135942;-0.1246618;-0.06481647
0.34702504;-0.21066694;-0.08310317
0.16355753;-0.27009606;-0.010232539
-0.15040398;-0.48795184;0.17931397
-0.76797944;-1.0841115;-0.21904883
-1.3704382;-1.6672891;0.92476094
-2.0000615;-2.0307064;0.71480876
-1.6840336;-1.24019;-0.578153
-0.29058626;0.25159794;-0.4875224
0.47964036;1.1184659;0.15998209
0.3571498;1.4682102;0.15298566
0.11540734;1.3683182;-0.065111466
-0.061189752;0.668092;-0.020839175
-0.2536393;0.06884861;-0.016671339
-0.31580207;0.14257888;-0.013337072
-0.16846196;0.5125006;0.089330345
-0.06582426;0.3787505;0.24646427
-0.12551098;-0.09856211;0.19717142
-0.16544785;-0.27572468;0.095237136
-0.13802233;-0.13776726;0.06993971
0.008332133;0.0507237;0.06845177
0.13850164;0.13276646;-0.051488586
0.26431695;0.05308817;-0.07244087
0.22082855;-0.17940447;-0.089202695
0.12705347;-0.32321107;-0.058862157
0.06687715;-0.27263135;-0.078339726
0.04803297;-0.1712301;-0.025171781
0.068895124;-0.17604657;-0.08888742
0.078162976;-0.14083725;-0.06485994
0.022296006;-0.16735731;0.04811205
-0.10677257;-0.16513585;0.013489638
-0.09088681;-0.12429617;-0.06420829
0.051509306;-0.12599944;-0.07011663
0.014644943;-0.067987055;-0.0748433
-0.06679967;0.07529786;-0.041124646
-0.036252238;0.11961329;-0.026649715
0.020607587;0.05819063;0.04743023
0.02039232;-0.025322497;0.012944182
0.010454481;-0.089007996;-0.002144654
-0.010777041;0.13191861;0.029534277
-0.012527883;0.22272238;-0.0076225786
0.041930817;0.037552904;0.012651937
0.0085446555;-0.14339517;-0.01487845
0.006835724;-0.19284114;-0.04940276
-0.04062517;0.0066645877;-0.008272208
-0.032500137;0.00533167;-0.006617767
-0.11975011;0.069890335;-0.005294213
-0.040331338;-0.13158773;-0.07923537
0.09234431;-0.20683269;-0.0821383
0.05473482;0.07203385;0.0030393628
-0.0097277695;0.19200209;0.00868149
0.0015927842;-0.0073358347;6.951922E-4
0.045414854;-0.23086867;-0.030693846
0.005863132;-0.23156993;-0.068305075
-0.087496996;0.11005655;0.014105938
-0.09851322;0.21304524;0.04253475
-0.059669953;-0.09675131;0.0277778
-0.013360961;-0.38521355;-0.07777776
-0.048970018;-0.111295834;-0.043472208
-0.06984008;0.15940084;-0.009777766
-0.02130175;-0.011541835;-0.007822213
-0.0342289;-0.24517097;-0.03125777
-0.04476593;-0.21957427;-0.037506215
-0.030148683;-0.07097192;0.013745027
-0.048923634;-0.034902535;0.0047460217
-0.11765453;-0.14042203;-0.039953183
-0.19363534;-0.14202513;-7.1254617E-4
-0.11848249;-0.1386201;-0.019320037
0.008534317;-0.06402108;-0.02795603
0.052921202;-0.041841865;-0.0036148236
0.05561821;-0.03347349;-0.034141857
-0.012927305;0.11697121;0.016436514
-0.107998095;0.112326965;0.00689921
-0.15915239;-0.09138843;0.011769368
-0.07566175;-0.14811075;-0.028084505
0.016033102;-0.040363595;-0.047467604
0.035873357;-0.008853375;-0.06297408
0.0019408722;-0.1086452;-0.056629267
-0.04825199;-0.18691616;-0.051553413
-0.08078909;-0.16203293;0.01500727
0.015837476;-0.14525135;0.037005816
0.1753653;0.008798926;-0.10164535
0.24380787;0.11172664;-0.08131628
0.07434316;-0.074681185;0.059946977
-0.15888484;-0.05661995;0.18545759
-0.102107875;0.21095404;0.25461605
0.18042308;0.5015757;0.19119285
0.44121346;0.6012606;0.10295428
0.43890828;0.38569596;0.057363424
0.10620474;-0.016443225;0.0021407404
-0.05097371;-0.16940458;-0.09828741
0.12992416;-0.09802366;-0.15987992
0.35472056;-0.12060643;-0.19040394
0.32205772;-0.19492264;-0.13357316
0.090849295;-0.19031312;-0.04435852
-0.00739869;-0.124125496;-0.004236818
0.08158105;-0.027425393;-0.07213946
0.20745234;0.057747185;-0.088961564
0.2503369;0.11494775;-0.033669252
0.2096445;0.1435207;-0.0456854
0.1927156;0.06794156;-0.067798324
0.15573497;0.03872825;-0.047988657
0.091775484;0.059107598;0.005359075
0.07732663;0.061348576;-0.05196274
0.082955055;0.016266363;0.008429808
0.041364048;0.03176309;0.044243846
0.014341238;0.028535472;0.029145077
0.06147299;0.047828376;-0.08293394
0.13355339;0.1320127;-0.14134715
0.20449896;0.21029766;-0.13807772
0.18625543;0.27605063;-0.19171217
0.13337934;0.272403;0.12788026
-0.31595278;-0.0695776;0.4085542
-0.88479346;-0.46347457;0.23934336
-1.0965066;-0.82702965;0.03522469
-0.9422444;-0.7553737;0.034429755
-0.67352206;-0.288674;0.3337938
-0.21518484;0.3112483;0.19203505
0.05578181;0.6568112;0.14112803
0.098141074;0.8270114;0.23790243
0.33124724;0.86942166;0.21532194
0.4946853;0.3705373;0.0035075534
0.36293572;-0.09263265;-0.22844395
0.11847358;-0.17098112;-0.18900517
0.012356992;-0.016472397;-0.076204136
0.13840123;0.05244708;-0.11721331
0.33650222;-0.056479834;-0.16252065
0.39185804;-0.26237136;-0.13001652
0.32286143;-0.4348971;-0.21651322
0.3293829;-0.51666766;-0.36071056
0.3916313;-0.57583416;-0.38231847
0.4781488;-0.5419173;-0.29335478
0.3942378;-0.52728385;-0.15968381
0.13726524;-0.55620205;-0.11524705
-0.024562815;-0.32933667;-0.21094763
-0.03527525;0.11153067;-0.20625812
-0.11806395;0.40172455;0.16624351
-0.5788262;0.41200462;0.45799482
-1.1772211;0.2811662;0.49764585
-1.7244917;-0.22975454;1.0106167
-1.5350621;0.16307136;0.68974334
-0.68625283;1.3632696;0.30804467
0.211154;1.7367095;-0.09731426
0.7661888;1.1862426;-0.2466014
0.65513855;0.34040028;-0.07228113
-0.019639155;-0.31986728;0.2421751
-0.6168832;-0.41995633;0.31249008
-0.5126472;-0.07815255;0.25624207
0.03031194;0.19997795;0.12374365
0.37444487;0.25216988;0.00524492
0.38588402;0.17204839;-0.039554063
0.26066035;0.12670122;-0.025393251
0.19134077;0.10761097;-0.0015646009
0.23158824;0.050151277;-0.03250168
0.3059737;-0.06612898;-0.08850134
0.36743522;-0.11540318;-0.13330108
0.32441694;-0.18607254;-0.0066408603
0.07984605;-0.39729553;0.032187313
-0.03026379;-0.5631489;-0.08675015
0.041023344;-0.51770663;-0.18190011
0.12656868;-0.2766653;-0.1705201
0.16062994;0.023980249;-0.11766608
0.1261602;0.111371696;-0.012882861
0.03999066;-0.021840142;0.052193712
-0.0902731;-0.025284613;-0.026995031
-0.105030976;0.02195981;-0.027846025
-0.03011853;0.092567846;-0.02852682
0.0809833;0.3209293;-0.060321458
0.11244289;0.45986843;-0.017007165
0.07511056;0.46945724;0.03639427
0.025322825;0.4115033;0.06661542
0.043305136;0.47139013;0.14079233
0.15495661;0.7208621;0.21888387
0.16849653;0.6016897;0.2313571
-0.028093396;-0.0030232524;0.24133568
-0.27911535;-0.038356103;0.36806855
-0.49126104;0.20837761;0.5319548
-0.44857523;0.1401396;0.71306384
-0.19606721;0.33398667;0.8079511
0.12654467;0.7593768;0.7276109
0.31139198;0.89656395;0.7445887
0.41395733;0.78014183;0.808171
0.4538221;0.23153532;0.9965368
0.21540144;0.443822;1.1972294
-0.14135072;0.5425576;1.2265335
-0.21464308;-0.24173516;0.80622685
-0.20804259;-1.2902632;0.28248146
-0.17034031;-1.9853355;-0.13026483
-0.2741629;-2.1695185;-0.5792119
-0.32636157;-1.8012397;-1.0696195
-0.12710486;-1.1097418;-1.4744456
0.68347234;-0.8815434;-1.8170564
2.7483404;-2.1146097;-1.9161452
3.8299222;-2.5041878;-2.4454162
1.1264379;0.062274765;-1.4032079
-1.0004122;1.8279448;-0.70069134
-0.58548605;2.3334496;-1.0511781
0.66832995;2.4241815;-1.5440675
1.6596639;2.259267;-2.047754
2.0308561;1.7230387;-2.0725782
1.693435;1.1065559;-1.8768126
0.88912296;0.6594635;-1.604575
0.17692335;0.45257083;-0.99616003
-0.28971133;-0.009037101;-0.31255302
-0.6739566;-0.6509797;-0.037542414
-0.91104025;-1.1598462;0.17621607
-0.9803947;-1.2606895;0.35972285
-1.0624408;-0.9132391;0.32527828
-1.2272964;-0.3837163;0.060222626
-1.3990246;-0.32103553;0.0075531015
-1.4524227;-1.3427659;0.4685425
-1.6848142;-3.0210876;0.659209
-2.2495847;-4.06687;0.6086172
-2.7488866;-3.9347463;0.69939375
-2.8397343;-2.6665468;0.73764
-2.3311625;-0.99886256;0.646362
-1.3836799;0.21965997;0.5514646
-0.3796002;0.522603;0.30992168
0.22483547;0.22433238;0.013562344
0.24510275;-0.27365908;-0.12977512
-0.13907404;-0.37205228;-0.2850701
-0.41360298;-0.08201682;-0.36868107
-0.20119488;0.39063653;-0.44806987
0.2738097;0.92188424;-0.4897059
0.7592822;1.0593824;-0.24176471
0.967289;0.83500594;0.26283824
0.794925;0.5211297;0.9946456
0.40049073;0.16690378;1.6894665
0.054181654;-0.34147698;2.1140733
-0.19806093;-1.0106816;2.3225086
-0.35571438;-1.5460453;2.001757
-0.38222775;-1.4493362;1.1826555
-0.3057822;-1.159469;0.9461244
-0.110250756;-0.29632518;-0.030600503
0.31570566;0.72231483;-0.5494804
0.66421;1.2403519;-0.6145843
0.7113241;1.3485315;-0.50416744
0.643864;1.3413252;-0.55333394
0.675638;1.2605602;-0.6114172
0.7936354;1.1678231;-0.7078837
0.87201774;1.2811335;-0.541307
0.78198916;1.5217818;-0.2330456
0.62324756;1.5174254;0.088563524
0.40875432;1.3326904;0.37085083
0.10903471;0.9802148;0.6216807
-0.12917848;0.59042186;0.6473445
-0.3254131;0.633275;0.5178756
-0.3982211;1.0269325;0.46430048
-0.4104714;1.1699835;0.3464404
-0.44136542;0.8625493;0.3334023
-0.4603189;0.38378942;0.26047185
-0.50809884;0.06640654;0.10837749
-0.49456504;-0.04999977;0.099201985
-0.39565203;-0.11031231;0.09811159
-0.33566225;-0.18043736;0.0034892715
-0.27399856;-0.31153738;-0.015958583
-0.2422457;-0.4976674;-0.11901686
-0.20160908;-0.7012589;-0.23271349
-0.18042788;-0.7656946;-0.31742078
-0.14629543;-0.7063057;-0.32268664
-0.11313009;-0.66504455;-0.2706493
-0.044410326;-0.5226607;-0.26651946
0.05431549;-0.2837535;-0.22571556
0.16415551;-0.09887782;-0.19932245
0.25954708;-0.035352256;-0.15320796
0.27655855;-0.031406805;-0.16631636
0.21933034;-0.109500445;-0.2080531
0.108459875;-0.23135035;-0.26644248
0.081006184;-0.30695528;-0.23190399
0.15672085;-0.24868923;-0.22302318
0.1732557;-0.19270138;-0.28466853
0.16155379;-0.026036106;-0.29648483
0.24608873;0.18854612;-0.11843787
0.28290614;0.1414619;0.017749704
0.14790694;-0.10870548;0.026699763
0.03404821;-0.24321438;-0.009890189
-0.041657917;-0.29457152;-0.08916215
-0.111817546;-0.30753222;-0.06507972
-0.14309174;-0.23040077;-0.045813777
-0.12018628;-0.13119562;-0.074151024
-0.10767246;-0.079956494;-0.0155708175
-0.13018094;-0.1327152;0.06254335
-0.13861741;-0.17179716;0.093784675
-0.18735877;-0.12806273;0.15627775
-0.24578544;-0.12745018;0.1625222
-0.27123773;-0.13633515;0.123767756
-0.25722456;-0.09031811;0.055264205
-0.1674984;-3.7949148E-4;0.019211363
-0.09767059;0.124696404;0.01536909
-0.078136474;0.24038212;0.062295273
-0.14844668;0.0798057;0.22483622
-0.2336011;-0.26740545;0.24861898
-0.3247715;-0.40454936;0.17389518
-0.36098906;-0.28301448;-0.035883855
-0.33332253;-0.41391158;-0.12245709
-0.22212675;-0.9780043;-0.11671567
-0.13043578;-1.2417784;-0.24962254
-0.1711455;-0.83404773;-0.36844802
-0.09082265;-0.4078632;-0.25100842
0.22187313;-0.25441554;-0.30705673
0.49546725;-0.18165743;-0.3518954
0.578283;-0.02657595;-0.2940163
0.55454534;0.20998923;-0.39146304
0.68113625;0.3679914;-0.64442044
0.8050653;0.3975181;-0.64053637
0.74756783;0.16176449;-0.79367906
0.42383552;-0.1580884;-1.1693183
-0.09940815;-0.3452207;-0.5104546
-0.62698746;-0.04492658;0.32288632
-0.5570587;0.43905872;0.68018407
0.0730542;0.648122;0.65039724
0.6041953;0.7216226;0.5890678
0.657575;0.9647981;0.45250425
0.5412944;1.2124635;0.0057533863
0.48498863;1.0402833;0.11710271
0.2958034;0.6494141;0.66868216
0.049142722;0.49609378;0.58494574
0.04673605;0.59062505;0.5242066
0.09324822;0.78031254;0.46936527
0.20662983;0.83675003;0.42549223
0.31803823;0.87252504;0.57164377
0.3481806;1.0277075;0.25106502
0.50120074;0.96591604;-0.11789799
0.51033556;0.6992953;-0.12556839
0.4293622;0.57506126;0.24954529
0.40442726;0.578799;0.48088622
0.33526057;0.5333517;0.659709
0.25102094;0.5688689;0.4902672
