-0.46641356;-0.5198408;0.20332322
-0.71063083;-0.8721226;-0.19827892
-0.79662967;-1.3226981;-0.44768563
-0.66074127;-1.5519085;-0.62221104
-0.43640548;-1.1477767;-0.5212063
-0.4350619;-0.5994714;-0.27321506
-0.68711203;-0.09832714;-0.08419704
-1.1325021;0.45883828;0.14826737
-1.4028767;0.6045706;0.3186139
-1.2316763;0.6086565;0.3283286
-0.9970598;0.5681752;0.22828789
-0.9429604;0.26079017;0.24200532
-0.834837;-0.02261787;0.34985426
-0.69443214;0.0944057;0.3423834
-0.71648324;0.35052457;0.45203173
-0.83724904;0.54916966;0.43037537
-1.0647211;0.52683574;0.3349253
-1.2747262;0.20896858;0.24450274
-1.2725153;-0.17032515;0.3190397
-1.0352974;-0.5800101;0.46304426
-0.7802887;-0.6702581;0.6626229
-0.5304321;-0.5799565;0.7113483
-0.31140622;-0.52021515;0.66595364
-0.22036523;-0.65367216;0.61088794
-0.11696601;-0.6604377;0.69496036
0.09783344;-0.46585017;0.84346825
0.32729018;-0.08518013;0.9185246
0.5274572;0.4568559;1.0629447
0.65946573;0.90298474;1.2316058
0.6010101;1.0598878;1.3665346
0.42690182;1.1291602;1.3276026
0.25558394;1.0752032;1.2902071
0.07556091;0.7257875;1.2821658
-0.073145024;0.61813;1.2101076
-0.12726602;0.641379;1.2837111
-0.14985968;0.5506032;1.4332188
-0.11793463;0.39048257;1.477825
0.06268355;0.26863605;1.43226
0.25327185;0.31178385;1.252058
0.33074248;0.43380207;1.0641464
0.19740647;0.59079164;0.73881716
-0.07723107;0.86013335;0.48480374
-0.061784856;0.68810666;0.38784298
-0.4154435;1.9098604;0.010274381
-0.3323548;1.5278883;0.008219506
-0.28307134;1.9098107;-0.049674395
-0.1440352;1.9153485;-0.09598952
-0.073040664;1.4072788;-0.114291616
-0.02405753;0.98676056;-0.19768329
0.14716023;0.7222209;-0.35814664
0.39897817;0.47465175;-0.4615173
0.6027763;0.3234714;-0.50358886
0.60097104;0.13377711;-0.5278711
0.42530808;7.716916E-4;-0.47229686
0.16759022;0.031867355;-0.5278375
0.04032217;0.10674388;-0.66602
0.17835149;0.2791451;-0.51094097
0.35908744;0.49050358;-0.2243778
0.4614887;0.40021536;-0.12637724
0.5613785;0.21704729;-0.24485178
0.68347776;-0.23261216;-0.5333814
0.7342822;-0.74858975;-0.8798301
0.8905508;-0.81449676;-1.0632391
1.1874406;-0.48284742;-1.1068413
1.1796399;0.10434706;-0.86672306
0.915587;1.0116026;-0.5933784
0.6824696;1.9170946;-0.40907773
0.46628818;2.6270351;-0.4585122
0.34490556;2.2492843;-0.044934753
0.53373694;1.8740368;0.095302194
0.51448953;1.67921;0.29499176
0.49596664;1.2284266;0.6891184
0.6498983;0.69192094;0.8825447
0.6761686;0.20275548;0.69666076
0.39405993;-0.23232687;0.5854536
0.099622935;-0.78508025;0.4902379
0.27969834;-0.92025167;-0.0140596805
0.6893837;-1.1674514;-0.17374775
1.060882;-1.440211;-0.12962319
1.3768306;-1.6443564;-0.29744855
1.4795895;-1.9592351;-0.32858384
1.2867966;-1.983013;0.024632923
1.0919372;-1.0301604;-0.06779366
0.6954248;-0.53662837;-0.6636099
0.075089835;-0.8668027;-0.76213795
-0.10555313;-0.70906717;-0.84408534
0.2030575;-0.29850373;-0.8596433
0.412446;-0.05130298;-0.51896465
0.92370677;0.20895761;-0.56829673
2.2264655;0.4046661;-0.77963734
3.2936723;0.6502954;-0.9643349
2.278688;0.6389863;-1.2245929
-0.4770497;0.33306405;-1.0734243
-2.2816398;0.31020123;-0.80405194
-2.200312;0.641911;-0.65730405
-1.1383744;0.9557163;-0.66803074
0.017425444;1.3255105;-0.6484871
0.70144033;1.5041584;-0.5406647
0.7674023;1.1252017;-0.16065675
0.5951718;0.3970364;0.079287104
0.40113747;-0.2729959;0.22436719
0.14590997;-0.9746467;0.47324374
-0.07702202;-1.6000298;0.54422
-0.22099262;-1.7643989;0.397876
-0.0736691;-1.2458941;0.2401758
0.22856472;-0.31859028;0.20776564
0.48910177;0.41856527;0.4005875
0.56628144;0.63016474;0.53922004
0.33427513;0.37131926;0.443876
-0.0013298892;0.015805416;0.1582258
-0.17606391;-0.12485567;0.035955645
-0.22835113;-0.0076970337;0.053764515
-0.2545559;0.16102988;-0.075738385
-0.19426972;0.1585114;-0.17309071
-0.07416578;0.06274662;0.020902433
-0.10933262;-0.006052705;0.076096945
-0.1999661;-0.043904662;-0.010997443
-0.27872288;-0.21324873;-0.033797953
-0.2292283;-0.46434897;-0.09578837
-0.074007645;-0.5496042;-0.1578807
0.1689189;-0.38343334;-0.14192955
0.2663851;-0.10987168;-0.12604365
0.17560808;0.105852656;-0.16333492
0.04361147;0.16905713;-0.14629292
-0.07761082;0.1008707;-0.09828434
-0.10583866;-0.01617844;-0.12550248
-0.0034209276;0.05893225;-0.18477698
0.22538826;0.3455833;-0.23844658
0.26156062;0.57959163;-0.32356977
0.096748486;0.46992332;-0.5635433
0.008648789;0.17281365;-0.85239714
6.690305E-4;0.005438419;-0.92723024
0.006785224;0.07153823;-0.7152217
0.01167818;0.12129309;-0.5424898
-0.025032457;-0.010778029;-0.39961687
-0.070025966;-0.22112243;-0.2103185
-0.06852077;-0.22533543;0.0958077
0.017058382;0.06504415;0.36727116
0.094896704;0.45672283;0.5360044
-0.0084576355;0.67787826;0.7319285
-0.10364111;0.6376151;0.95429283
-0.048537888;0.2647796;0.72593427
-0.045080308;-0.41473883;0.5088724
-0.026689248;-0.8833536;0.32897294
-0.093226396;-0.9441829;0.24442835
-0.11833112;-0.6490963;0.020542676
-0.054039896;-0.32240203;-0.20544086
-0.07760692;-0.20479663;-0.2581027
-0.090210535;-0.33571228;-0.15648215
0.15908158;-0.44356984;-0.00331072
0.28351524;-0.24548087;0.12235142
0.21431221;0.012990304;-0.14274386
0.15269977;0.0041422434;-0.3298201
-0.09659018;0.0783138;-0.41698107
-0.14602216;0.31577605;-0.45389736
-0.01994272;0.5338708;-0.21468039
0.14967082;0.6520967;0.28763068
0.48848665;0.55448985;0.44885457
0.37828934;0.18421686;0.14970864
0.23388146;-0.11043901;-0.6661706
0.06835517;-0.2883512;-0.581374
-0.20781587;-0.10255597;-0.56666166
-0.1725027;0.39764273;-0.9533293
-0.24737716;0.3634267;-0.28141347
-0.40102673;0.19699134;-0.5923183
0.05417862;-0.20178193;0.15739538
-4.0710243E-4;-0.73017555;0.8352913
-0.20345068;-0.28726542;0.018233042
-0.28151053;-0.26106235;0.31927392
-0.26583344;-0.118224874;0.13823165
-0.15016675;0.0647951;0.6168353
-0.010758399;-0.3575389;1.4872183
0.03201828;-0.84228116;1.7335246
-0.23063537;-0.83632493;1.6024446
-0.4751333;-0.44718492;1.1413307
-0.47073165;0.18600206;0.6599396
-0.2578353;0.70973915;0.31857666
-0.07814325;0.65841633;-0.045138657
0.0031104002;0.19704555;-0.3579859
0.00248832;-0.13298856;-0.45826375
-0.18238434;0.09048416;-0.429111
-0.26778248;0.42863733;0.078586206
0.00452402;0.18353486;0.87849396
0.11611921;-0.46254712;1.1152952
-0.37897962;-0.6044127;1.6078612
-0.7531837;0.17896985;2.070664
-0.583797;1.1728634;2.081531
-0.17641257;1.3070407;1.6527249
-0.009880056;0.6675076;1.0784299
-0.12040404;0.08088105;0.5377439
-0.17132324;-0.32592016;-0.04167985
-0.0026835883;-0.30448613;-0.5458439
0.34160313;0.059536096;-0.4773001
0.5826575;0.38356638;-0.52559006
0.572376;0.030290602;-0.98609704
0.2891508;-0.34295502;-1.3451277
0.09069564;-0.50248903;-1.3604771
0.32880652;-0.6082412;-1.0602567
0.6161702;-0.35846797;-0.32008037
0.46168616;-0.36489937;-0.9623143
0.18809894;0.390893;-2.1386015
0.07860415;-0.2138481;0.19224386
-0.3152417;-0.22732848;-0.8243299
0.18843165;0.83688724;-0.9500889
0.5351203;1.0695097;-0.80069613
0.19059625;1.8102953;-0.4780569
0.17122701;2.1072206;0.26130447
0.07135661;1.3201514;0.5121686
-0.09603971;-0.055988174;0.40035987
-0.11745677;-1.093228;-0.042212114
-0.025215417;-1.1745825;-0.6337697
0.0017026657;-0.83497846;-0.5601407
-0.0017628674;-0.25079525;-0.50123763
0.13921471;0.3884263;-0.34786507
0.23012176;1.2505848;-0.58454204
0.068472415;0.9754678;0.27924135
-0.27022207;-0.14071949;0.15776809
0.23069735;1.2987525;-2.7675354
1.0970578;1.5846075;-1.378091
-1.4098537;-2.5376852;2.3428397
-2.943508;-4.348898;2.3992717
-0.061056368;-2.4791183;-0.5321451
1.90428;1.1729553;-1.2866535
1.5234239;0.9383642;-1.0293229
1.0437391;3.5631914;-0.45158327
0.1474913;3.275553;-0.40345412
-0.16950695;2.101302;-0.6321383
0.19564444;1.0033071;-0.15727313
0.28151554;-0.32157308;-0.136756
0.15021244;-1.6564772;-0.2562798
-0.09858005;-1.9048693;-0.6081489
-0.25386405;-1.4973329;-0.19901907
-0.6593412;-0.62599134;-0.36234027
-0.34309798;0.5054569;-0.2539347
-0.17135338;0.5723343;-0.65783525
-0.2214577;-0.055413812;-0.83642447
-0.27404118;-0.9615185;-0.9183583
-0.23173293;-1.0707773;-1.0065616
0.16148865;-0.35037187;-0.9294681
-0.052059077;-0.9365475;-0.37013695
-0.14164726;-1.758613;-0.022672068
-0.02269281;-2.4225154;0.8029561
0.07559575;-2.4786372;1.2798649
0.054226603;-2.0860348;1.0051419
-0.27849373;-1.3782029;0.79473853
-0.55717;-0.061937306;0.5029783
-0.46448597;1.0973252;0.16488266
-0.31221378;1.1528602;0.27878112
-0.28102103;0.1097881;0.6480249
-0.12169182;-1.1496695;0.77154493
0.027646543;-1.7978606;1.2266109
0.15336724;-1.3882885;1.9781637
0.20394379;-0.079380795;2.054406
0.09753003;0.41462037;2.09665
0.043649025;0.12857129;1.6273198
0.10991922;-0.097142965;0.8518559
0.062935375;-0.25896436;0.3721097
-0.1809017;-0.4165465;0.18206276
-0.28222135;-0.3301122;-0.069974795
-0.09452709;-0.04221476;-0.23410484
0.12750334;0.23185319;-0.16228387
0.14575267;0.37923256;-0.1485771
0.09160213;0.47838604;-0.081361674
0.013906705;0.46083385;-0.34008935
-0.107624635;0.081167065;-0.59082144
-0.25172472;-0.42256635;-0.76015717
-0.110754766;-0.4193031;-1.0018758
0.3832712;0.22080754;-1.5577506
0.5159919;0.81414604;-1.9899504
0.44404355;1.1575668;-2.4443042
0.31148484;0.8541785;-3.050951
-8.121221E-4;0.21459277;-3.1261125
-0.2850247;-0.10020079;-3.0661244
-0.021769758;0.09796437;-2.1880558
0.5544592;0.3846215;1.3378366
0.81856734;1.1826972;4.424957
0.44235387;1.9445952;4.5118403
-0.7867419;0.4259887;3.5063474
-1.3668935;-0.36858404;1.2425779
-0.9872648;0.9270078;-0.34343767
-0.58356184;1.8384812;-1.3450626
0.32377553;1.4770349;-1.6182376
1.8902705;0.934753;-0.12271509
1.9434663;-0.25063512;-0.28098458
0.029773066;-2.5176957;0.29864985
-1.6011815;-2.9610314;0.6889199
-1.5996952;0.5764873;0.7042609
-0.00788119;3.8959556;1.8759087
0.95932007;3.2316082;1.806977
0.81120604;0.15130213;1.4924566
0.05521483;-1.7055207;1.1345903
-0.56832814;-1.6175417;1.5576723
-0.7202875;-0.3549708;2.3555129
-0.50123;1.2378983;2.9156601
-0.22285901;2.1778188;2.6512783
-0.1407872;1.5602237;1.8022726
-0.25012976;0.60442895;0.635568
-0.29385382;0.112449415;-0.24779558
-0.20695806;0.041522034;-1.0357364
-0.19369143;0.39181137;-1.4723392
-0.15807815;1.0888398;-1.6028713
-0.0014625209;1.0894312;-1.813547
0.020704983;-0.0057988255;-1.7508377
-0.120936014;-1.0968266;-1.3631701
-0.07174881;-1.4915237;-1.3780361
0.36447597;-1.493219;-0.7868039
0.56345576;-0.2539502;-0.94819313
0.85076463;1.1499648;-1.2335545
1.0806117;1.7605969;-0.8993436
0.71448934;1.6363095;-2.6952562
1.3153415;1.0640281;-4.113236
2.221023;1.4754412;-3.6273077
1.7018186;1.7186342;-1.2018461
-0.18229516;-0.53446764;2.5768044
-3.0145862;-3.9103866;1.8645685
-2.274169;-9.062684;1.1572797
0.7056649;-9.950148;-1.6218324
0.8645319;-2.0038679;-1.9791065
0.029125521;7.1094055;0.6710116
-0.60794955;9.756274;1.8743093
-0.31760967;6.4300194;1.3588225
0.6146623;3.4283907;0.733933
0.89172983;1.4325563;0.63402134
-0.34911615;-0.18875873;0.7884671
-0.8324179;-0.3597579;1.0682737
-0.6003093;-0.26475945;1.060869
-0.18337247;-0.5948154;0.5424451
-0.043572973;-0.6613992;-0.03791888
-0.3598584;-1.0806818;-0.3459601
-0.7378867;-2.3372018;-0.9314556
-0.43093437;-3.1088238;-1.7607895
0.12400251;-3.0308092;-2.2836316
0.23357701;-3.0496473;-1.813624
0.4118616;-2.2928429;-0.8477742
0.8044893;-0.5186493;-0.78681314
0.7435914;0.5882056;-1.0630442
0.17612314;0.033064473;-0.42309165
-0.5622265;-1.1204234;0.7162142
-0.9216562;-1.6619637;1.2979714
-0.7310749;-2.320196;2.3649397
-0.27860996;-2.2780318;3.1325767
0.08336203;-1.4099255;3.2591863
-0.08643538;-1.0185653;2.944849
-0.4035233;-1.6742272;2.4808793
-0.05094364;-1.8643818;1.6409534
-0.18762991;-1.1227554;0.16276272
-0.15947893;0.026795635;-1.2760398
0.14429186;1.4026865;-2.373957
0.043558486;2.4408991;-2.6366656
-0.5464032;2.307407;-2.0421448
-0.18399757;2.156863;-1.330591
0.7590519;2.2801778;-1.0988477
1.0447415;2.0569549;-0.9040782
0.98579323;1.4205638;-0.70763755
0.6136346;0.5098886;-0.35829753
0.16590768;-0.13740164;-0.20695053
-0.22664885;-0.3192963;-0.13118543
-0.4813191;-0.39606205;0.21692666
-0.12568027;-0.25434965;0.26416633
0.2682058;-0.2066047;0.086333066
0.16456462;-0.10278377;-0.03874605
-0.002723298;0.24902299;-0.17318434
-0.17717864;0.71640587;0.24739003
-0.3417429;1.2137498;0.507287
-0.28589433;1.0522498;0.37770462
-0.003715463;-0.10976268;0.35528868
0.14390263;-1.4909352;0.61235595
0.0744971;-1.8458731;0.65238476
-0.015402317;-1.2516985;0.5062828
-0.17794685;-0.5326088;0.62377626
-0.25485748;0.020787964;0.420896
-0.12263598;0.16350538;-0.0664082
-0.11998379;0.0870543;-0.44375157
-0.014737031;0.025893437;0.12624875
0.22258538;-0.29491025;0.419749
0.1718183;-1.0828032;0.6201742
-0.05004536;-2.0318675;1.6867644
-0.040036287;-1.625494;1.3494115
-0.31327903;-1.6378952;1.4920292
-0.47249824;-0.3696912;1.4123733
-0.44987357;1.497997;1.1486487
-0.30989885;2.7515225;0.80641896
-0.2979191;2.860593;0.14201015
-0.36646026;2.3017557;-0.48326686
-0.40254322;1.8851546;-0.8428635
-0.48140958;1.5792174;-0.6711658
-0.25075266;1.2446239;-0.40880764
0.23689787;0.70507413;-0.09579611
0.5426433;0.21562181;0.2733631
0.5684896;0.18030995;0.6374405
0.23604171;0.40049797;0.3287024
0.14508337;0.44383588;-0.033913087
0.1629417;0.3488187;-0.7802555
0.33972836;-0.10688254;-1.1335794
0.42178267;-0.49644354;-1.692801
0.42492616;-0.49090484;-1.9167408
0.3336909;-0.089598864;-1.4568301
0.11695273;0.45332092;-0.9201516
0.037312187;0.96265674;-0.8314338
0.17047475;0.9232504;-0.51045954
0.2145048;0.5604753;-0.19743012
0.15285385;0.2335365;-0.1485691
0.109783076;0.1774542;0.22176972
0.08782646;0.5130571;0.71804076
0.17026116;0.8530238;0.9806826
0.21745893;0.91015345;0.14704609
0.08646715;0.366404;-0.48705062
-0.12770128;-0.53578305;-0.622453
-0.13341102;-1.0786264;-0.6448374
0.04014618;-1.2207136;-0.42993242
0.16961694;-1.2171959;-0.17675844
0.14194356;-1.0628192;-0.32890674
0.07605484;-0.90494287;-0.5381254
-0.15790613;-1.0098919;-0.6070628
-0.2919499;-1.2985384;-0.52471274
-0.09605992;-1.2763307;-0.1103952
0.17627707;-0.7241896;0.30543384
0.12852165;-0.11528919;0.73184705
-0.10968268;0.27183115;0.78860265
-0.38149613;0.30496493;0.81525713
-0.37707192;0.12990944;0.7303307
-0.16415752;0.04767755;0.83113956
-0.16570103;-0.39779547;0.73678666
-0.14818582;-0.64636135;0.82692933
-0.15917365;-0.27021408;0.35216844
-0.14921393;0.5432037;0.67235976
0.07750386;0.7142505;0.33788782
0.10575309;0.105775386;-0.36406475
-0.08727253;-0.5981922;-0.7381268
0.26455697;-0.33792874;-0.78112644
0.3866456;0.357782;-0.38427615
0.25931647;1.1237257;-0.16367093
-1.0456718;0.30523047;0.14718826
-1.7552874;-0.6214406;0.6333756
0.63327;3.0772617;0.7535755
0.16286603;2.3086355;1.1028603
-0.60408217;0.70769936;-0.10521169
-0.57076573;-0.9674343;-1.1263568
-0.1941126;-2.3223848;-1.1010854
0.44158491;-2.029783;-0.48868087
0.6688929;-0.35976383;-0.044069707
0.43198934;0.8168764;0.12724423
0.04559148;0.67693865;0.3267954
-0.119776815;0.16811341;0.5051863
-0.32707146;-0.8186343;0.24164905
-0.22103216;-1.5892824;0.52144426
-0.0049507297;-1.605801;0.4671554
0.064789414;-1.0658908;0.18622431
-0.04504347;-0.5870876;0.12710445
-0.13915977;-0.22904508;-0.31706643
0.13554718;-0.16448607;0.15259685
0.7646877;0.32778615;2.2627025
0.4617502;0.4591039;2.722662
-0.5430998;-0.52334183;2.2218795
-0.97510487;-1.0155485;0.87125367
-0.6175839;-0.5593138;-0.70612204
0.02780788;0.23692396;-1.6867727
0.3722463;1.1176642;-2.1447306
0.6540471;1.8597564;-2.1345346
1.2044877;2.3596802;-1.5982527
1.0760901;2.3744628;-1.0176646
-0.070377916;1.0816015;-0.49225667
-0.60005236;-0.4019063;-0.44693032
-0.086291865;-0.8418375;-0.31066927
0.2684665;-0.639095;-0.35791042
0.48352322;-0.55190104;-0.24570332
0.43056858;-0.65089583;-0.15281266
0.11320485;-0.65821666;0.37774986
-0.17818612;-0.32344833;1.1490749
-0.5550489;0.03030384;0.37550992
-0.7065391;-0.16950692;-1.4433421
-0.6527313;-0.20435554;-2.9488144
-0.14093503;0.54276556;-2.9142272
0.781002;1.3310875;-0.93362784
1.3435516;1.1906512;2.1140351
0.13734126;0.18298972;4.569353
-1.493252;-1.7270458;5.186733
-1.4883516;-2.6566365;3.493136
-0.33443126;-2.2096844;1.6757588
0.23245499;-1.4864974;0.36560705
0.14846398;-1.0266979;-0.7012644
0.034396186;-0.6776084;-1.2422615
-0.17248306;0.32353833;-0.9563092
-0.51923645;1.3900807;-0.06192235
-0.56851417;1.8792521;0.42546213
-0.20793632;2.0971515;0.1559947
0.24302594;2.129284;-0.34707925
0.45379576;0.99405205;-0.7057884
0.5411616;-0.14538337;-1.1615057
0.32980427;-0.014744195;-0.9573296
0.060718425;0.47570464;-0.49086365
0.07669974;0.9704075;-0.25519094
0.2332348;1.3911697;-0.23227774
0.43971282;1.438717;0.13917781
0.43302026;1.4150361;0.42384225
0.29641622;0.8179664;0.5359488
0.16213298;-0.021408131;0.41625905
0.082831375;-0.4015015;0.09238223
0.0631401;-0.2946387;-0.20109421
0.10988708;-0.24196096;-0.42650038
0.08790967;-0.03419377;-0.7005753
0.035952732;0.25389498;-0.77608526
0.066262186;0.26795974;-0.6083682
0.08425975;0.2721803;-0.46794456
0.0986578;0.18102548;-0.28373066
0.11642624;-0.008304615;-0.40510952
-0.022484008;0.15273131;-0.4990876
-0.12423721;0.44913816;-0.21177009
-0.10563976;0.4323574;0.16808394
-0.059511814;0.16385467;0.32196715
0.00864055;-0.14235376;0.32632372
0.02566244;-0.056851756;0.06418397
0.026779952;0.0021748461;0.0013471773
0.021423962;-0.109197624;0.13232774
-0.04223583;0.0829544;0.3496122
-0.030663665;0.48589477;0.54843974
0.094219066;0.7086377;0.5137518
0.18475026;0.40792578;0.26725143
0.1228002;-0.05100313;0.26380116
-0.08300984;-0.279865;0.19229092
-0.14453287;-0.5840483;0.41008273
-0.0781263;-0.9078636;0.24994119
0.0062489635;-0.9825409;-0.16254705
0.02374917;-0.6266577;-0.5394126
0.03462434;-0.38413867;-0.6502801
0.01832447;-0.19324844;-0.4514741
0.039659575;0.1649325;-0.32055426
0.17235266;0.16632101;-0.112693414
0.23163213;-0.087255694;0.18484527
0.1228057;-0.4190233;0.36350122
-0.014255438;-0.51178116;0.10642597
-0.10827935;-0.43129992;-0.19610922
-0.22412348;-0.20441493;-0.29438737
-0.2511738;0.28959304;-0.0605099
-0.15093903;0.59729946;0.24534208
-0.033251222;0.42627704;0.31189865
-0.010975977;0.22617789;0.23389393
-0.024405781;0.06766106;0.062115144
0.08360037;-0.30524614;-0.19093288
0.1200053;-0.53794694;-0.4433713
0.05225424;-0.48504505;-0.30469704
-0.051946606;-0.36303604;0.121867366
-0.041557286;-0.29042882;0.09749389
-0.08012083;0.025469443;0.30299512
-0.0015966635;0.32350054;0.12364609
0.029972669;0.5033317;0.052041873
-0.08227187;0.8987591;0.2791335
-0.1564425;0.9143198;0.4545568
-0.05952899;0.41192457;0.26052043
-0.0038731946;-0.10327284;0.011541351
-0.018723555;-0.07324327;-0.23139192
0.066271156;0.30546787;-0.20386353
0.13739192;0.55257744;-0.41934082
0.15053853;0.3615932;-0.5010977
-0.042069167;0.049821433;-0.26962814
-0.15865533;-0.105455354;0.18117249
-0.08004927;0.088291965;0.632438
0.051585585;-0.008272678;0.7497004
0.106893465;-0.83318067;0.17163531
-0.017610226;-1.811857;-0.7095668
-0.4297132;-2.0213606;-0.1832784
-1.6593956;0.11259901;-1.2622477
-1.3306414;1.8098058;-1.9191731
0.6448619;0.3773368;-0.94783854
3.3408895;-2.308287;2.7479792
1.9227116;-0.6091294;-0.27974167
-0.34308073;0.35488394;0.7668317
-2.4182146;-0.31921783;1.5040903
-1.4501966;-0.2725618;0.34389725
0.7179677;-0.3274244;-0.18738219
1.0431241;-0.532252;-0.6936557
0.2094993;-0.73673916;-0.5767996
-0.67615056;-0.7456413;-1.0755022
-0.93154544;-0.33870053;-1.2650893
-0.63898635;0.002477066;-0.9542589
0.029435916;0.061356653;-0.4259071
0.6610487;-0.20560218;-0.35322568
0.316339;-0.8035442;-0.08101805
-0.4094288;-0.9428354;-0.20856445
-0.24316806;-1.9855183;-0.63247657
-0.05078444;-3.5821648;-0.12629375
-0.25000256;-2.7907317;-0.2338475
-0.55312705;-0.5950854;-0.537078
-0.5831266;0.7364317;-0.5530999
-0.15712631;1.1797704;-0.4034174
0.20242396;1.4985038;-0.16023393
0.39318916;1.3441155;0.20150036
0.48017633;0.5596674;0.5440128
0.24351606;-0.29914105;1.1914603
-0.32081214;-0.34868786;1.3312932
-0.68164974;-1.3508253;1.4306595
-0.5234448;-0.74003524;0.38202763
0.031244181;0.5860968;1.168122
-0.31562966;-0.021747543;1.4813727
-1.1212537;-0.68614805;1.6382232
-1.503253;-1.2176684;0.61057854
-1.1026024;-0.65225977;0.5853378
-0.8039569;1.4875672;0.36202025
-0.52129054;2.1384912;0.6489912
-0.13890742;2.032668;1.181693
0.34512407;2.5276968;1.6172293
0.5760993;2.9470599;1.9312835
0.2858794;2.8190737;2.2387767
-0.10567148;2.41229;2.1847715
-0.46578717;1.7134259;1.8540672
-0.60387975;0.87113136;1.2457538
-0.5768538;-0.13434492;0.54660296
-0.45523304;-1.2332572;-0.23771761
-0.37981144;-1.9053557;-0.8964241
-0.38509914;-1.707097;-1.2327642
-0.4518293;-0.7234902;-1.1049614
-0.46146345;-0.20535465;-0.46209413
-0.116045766;-0.34397122;0.2365747
0.7196634;0.15138553;0.08300975
1.6944807;0.46798342;-0.0960922
2.0399597;0.8665742;-0.56749874
1.4850926;0.7791969;-0.766499
0.3911991;0.63820124;-0.4631992
-0.4745407;0.81134224;-0.20180936
-0.59213257;0.26235506;-0.5708225
-0.13933104;-0.5080847;-0.944158
0.39166015;-0.24709277;-1.2022014
0.5227031;-0.2507992;-0.6586361
0.23066251;-0.36470187;-0.5644089
-0.07797;0.15120725;-0.43590212
0.012624002;0.8178408;-0.15809669
0.3975992;1.008179;0.026647648
0.5430794;0.6842775;-0.17555688
0.40633848;0.074375115;-0.0748205
0.3875708;-0.33659366;-0.5067314
0.41005662;-0.6325562;-1.1647601
0.3655453;-0.64979494;-1.3880581
0.24243625;-0.20577346;-1.5510715
0.12207399;0.34006873;-1.6674197
0.1414092;0.2642425;-1.4261233
0.36937734;0.19264399;-1.2924612
0.5986269;1.1821425;-0.9417814
0.8164015;2.165343;-0.3003001
0.7031212;2.2572744;0.0035099182
0.44374695;1.2620695;0.20280793
0.4362476;-0.22755145;-0.06587865
0.58024806;-0.77374035;-0.5402029
0.55169845;-0.83696103;-0.49778733
0.34760875;-0.49925634;-0.5872924
0.015587006;0.18067305;-0.5807714
-0.5125304;0.24981187;-0.44742963
-0.7912743;-0.13315831;-0.3329437
-0.7173945;-0.8416829;-0.20854245
-0.29579055;-1.0374088;0.009728536
0.17586754;-0.49320832;0.25465783
0.38444403;-0.014879144;0.48653877
0.22005524;0.09122168;0.54860604
-0.017705815;-0.019210152;1.0138848
-0.30791464;-0.24896187;1.9454829
-0.5807067;-0.32338825;2.4063864
-0.5364404;-0.23761685;2.406359
-0.29790232;-0.19399972;2.2063372
-0.078946844;-0.28332478;1.1025698
0.21809253;-0.65165985;-0.42106918
0.458849;-1.1119529;-1.2618554
0.33582923;-1.4364372;-1.5938593
0.12491337;-1.3100873;-1.4125874
-0.034444302;-0.7527574;-0.9769449
-0.08693044;-0.024080891;-0.73780596
-0.003919353;0.41198528;-0.52461976
0.09686452;0.38427573;-0.022820808
0.09936661;-0.047266915;0.32549337
0.023243291;-0.31281352;0.75101966
-0.103280365;-0.13775082;1.1258157
-0.3294993;0.16011184;1.0444026
-0.29172444;0.18590197;0.4698971
-0.027129548;-0.052840922;-0.011582337
0.19704635;-0.26414773;-0.31551588
0.24201208;-0.3441307;-0.5305377
0.071734674;-0.31905454;-0.63380516
-0.20511226;-0.22399364;-0.5039191
-0.41096482;0.08486759;-0.3593853
-0.37252185;0.44914407;-0.22813325
-0.123017475;0.38587776;-0.05750659
0.15158601;-0.016297797;0.08524472
0.2556438;-0.5677257;0.22757079
0.24514005;-0.7213681;0.13205662
0.22736204;-0.17396948;-0.3881047
0.18813963;0.34207442;-0.8511088
0.15051171;0.38459703;-0.9543245
0.007909365;0.26549014;-0.5525221
-0.17804751;-0.011045395;0.026732314
-0.208063;-0.20571132;0.28076085
0.021049595;-0.22706905;0.5933587
0.16683967;-0.056655243;0.54968697
0.20222174;0.092175804;0.38974956
0.1555274;0.0049906448;0.27742463
0.118171915;-0.13038248;-0.18431029
0.16953753;-0.24493098;-0.6068232
0.18563002;-0.3537573;-0.6542086
0.07350402;-0.54706836;-0.48899186
-0.081821784;-0.6642172;-0.3224435
-0.09983243;-0.5641862;-0.32982978
-0.042365942;-0.413849;-0.24511383
0.053607248;-0.18732919;-0.16484107
0.1616358;0.020449148;-0.11312286
0.12305864;0.13354681;-0.2779983
0.01094691;-0.052537546;-0.48021114
-0.109992474;-0.35453004;-0.5419814
-0.17861898;-0.542999;-0.61483514
-0.21164519;-0.6281492;-0.5043681
-0.20994115;-0.5712694;-0.29255697
-0.10545292;-0.5038905;-0.07779558
0.04063767;-0.3843624;0.054951034
0.113760136;-0.25123993;0.014273328
0.11600811;-0.11349194;-0.22608134
0.14905648;-0.13454355;-0.40430257
0.10674519;-0.32950985;-0.36094207
0.04164615;-0.32298288;-0.35594115
0.03331692;-0.2208863;-0.31287792
0.026653536;-0.17670904;-0.25030234
-0.009927171;0.014882769;-0.17524187
-0.032941736;0.13378121;-0.10113099
-0.0013533894;0.24764997;0.030032706
0.06141729;0.16061997;0.21465117
0.18663383;-0.15587902;0.25922093
0.18055706;-0.28720322;0.07300174
-0.018054347;-0.42351258;-0.20722361
-0.04569348;-0.6044351;-0.30015388
0.2821952;-0.25542304;-0.32449812
0.6382562;0.47691157;-0.6064735
0.37310493;0.80809176;-0.9648663
-0.47026604;0.1074109;-1.1859555
-0.40746284;-0.5609463;-1.4233738
0.017779728;-1.061257;-1.2250272
0.53297377;-0.33963063;-0.9319748
0.513879;0.26267052;-0.46393925
0.12985322;0.3320114;-0.14771391
-0.23361742;0.4437341;0.25917262
-0.51814395;0.3487373;0.55968183
-0.45201516;-0.56788516;0.30555797
-0.02411212;-1.0543082;0.17413388
0.4744603;-0.6559465;0.3502446
0.45456824;-0.043507203;0.33332068
-0.036345407;-4.30762E-4;0.19009405
-0.34782633;-0.26909462;0.16926274
-0.34388605;-0.34965068;-0.09037106
-0.18448384;-0.36722055;-0.23479685
-0.07258708;-0.9281514;0.06528752
-0.008069662;-1.1487712;-0.513395
-0.02520573;-1.472142;-0.22634098
0.061085414;0.23166147;0.094708465
0.16136833;1.2103292;0.11170427
-0.07715534;1.5120133;0.4299884
-0.34922427;0.9689857;0.13617823
-0.5356294;-0.26543647;0.014411336
-0.11287853;1.2501508;-0.80565846
0.62532216;1.2594956;-1.3646684
0.98775774;1.6700965;-1.5551869
-0.12229381;1.4470147;-2.7347744
0.058414955;0.9122993;-2.5253196
0.95298195;0.5485894;-1.6546307
0.98113555;-0.24862847;-1.040892
0.38490847;-0.9989028;-0.5647449
-0.14207323;-1.3241222;0.36617285
0.41759142;-0.6186728;1.1392274
0.6903231;0.47381178;0.013530315
-0.0914915;0.54154944;-0.458707
-0.78569317;-0.035510458;0.48733127
-0.90355456;-0.34715837;1.0828338
-0.5603436;-0.3589767;0.8854076
-0.048274916;-0.65905637;0.6872324
0.13638006;-1.3209951;0.67244214
0.10285405;-1.6786711;0.5188131
0.06353324;-1.4241868;0.039855156
-0.024173407;-0.82684946;-0.47749087
0.018161274;-0.011479586;-0.4317974
0.15827902;1.1314414;0.029879473
0.15162322;2.5473406;0.38569558
-0.047451425;3.6593568;0.8960565
-0.26296115;4.0974073;1.287939
-0.3228689;3.4693322;1.2131636
-0.28329512;1.7779071;1.4142809
-0.1203861;0.24644677;1.9751747
-0.07130888;-0.6903426;2.1817024
-0.3007971;-0.93039906;2.1703618
-0.49376267;-0.13181925;1.8425394
-0.6450102;1.3062633;1.6896566
-0.8503831;2.4043856;1.7736002
-0.7428065;3.4711647;1.6157552
-1.0973701;3.6128693;2.830104
-2.281021;2.138733;4.845333
-2.743567;0.34301764;4.5887666
-0.91360354;-0.9853515;2.6335132
0.96599215;-1.8410156;0.6693107
1.3102938;-2.284531;-0.9239265
0.623235;-2.208875;-1.6610162
-0.370162;-1.8061625;-1.406938
-0.57425463;-0.87618;-0.9693003
0.012471314;0.26077476;-0.6660653
0.66622704;0.7732682;-0.5078522
0.84860665;0.68189585;-0.42190677
0.6257603;0.57422763;-0.2625254
0.28810826;0.7293528;0.09935466
-0.0913884;0.6083846;0.5513587
-0.21686073;0.49437368;0.906712
0.020261424;0.51600677;0.7816196
0.05683414;0.18123803;0.29717067
-0.3389077;-0.6593797;-0.24038847
-0.50550115;-1.3048475;-0.46106076
-0.26065093;-1.6079406;-0.47822362
0.20085426;-1.8285398;-0.6107039
0.16693342;-2.0206444;-0.7854381
0.18354672;-1.8540156;-0.9627255
0.31558737;-1.0863374;-0.9670554
0.12746991;-0.6237574;-1.0142694
0.13322592;-0.62244344;-0.95204043
0.29095575;-0.33076727;-0.6366324
0.17026459;-0.03805131;-0.4999309
-0.07628833;-0.0038785497;-0.3874447
-0.07353066;-0.49372783;-0.35995576
0.51617545;-0.89341974;-0.5723396
0.47856537;-0.6553608;-0.4703717
-0.2140227;-0.093038656;-0.17004736
-0.37121814;0.4411941;-0.089162886
-0.20634952;0.75451773;0.047419693
-0.07445462;0.9254892;-0.12768924
0.3748113;0.55914134;-0.2584014
0.39672405;0.086375594;-0.18484612
-0.060745765;-0.39183703;-0.041626893
-0.34547162;-0.8775321;0.15732348
-0.21387729;-1.0270257;0.24460879
0.010148168;-0.79349554;0.28631204
-0.016881466;-0.37542143;0.15717462
-0.08850517;-0.33158717;-0.0273853
0.14482087;-0.39964473;-0.01878324
0.28148168;-0.28846577;-0.08690159
0.037685353;-0.5120226;-0.22264628
-0.15110172;-1.0346181;-0.25936702
0.054118626;-1.0495695;-0.2699936
0.1557949;-0.7302806;-0.2941199
-0.20036408;-0.46234947;-0.2352959
-0.43216628;-0.47925457;-0.24761173
-0.19260801;-0.44590366;-0.31371439
0.09591359;-0.041097928;-0.3259715
0.18610588;0.39212167;-0.4795272
0.0801347;0.39807233;-0.5070593
0.048482757;0.15283287;-0.49783492
0.1762862;-0.2089837;-0.49670544
0.15977897;-0.40156198;-0.43173933
-0.009676828;-0.31499958;-0.31414148
-0.023366462;-0.22387466;-0.15287568
0.009431831;-0.016599728;-0.055113044
-0.061204534;0.3085952;0.065284565
-0.083338626;0.45000118;0.07879015
-0.10104591;0.40062594;0.05053212
-0.23708673;0.26112574;0.056050695
-0.33341938;0.2307756;0.20109056
0.052014496;0.18149549;0.10149745
0.15723659;0.15457138;-0.18442704
0.14141428;0.09240711;-0.30691662
0.11000642;0.055175684;-0.3580333
0.12550513;-0.002734451;-0.36298916
0.05665411;0.45093745;-0.25757882
0.10782329;0.38574997;-0.33106306
0.07063363;-0.36015004;-0.61485046
0.0627569;-0.54437006;-0.7325054
-0.071669474;-0.15424603;-0.6391293
0.16141441;-0.6265218;-0.6066159
-0.042743463;-0.67934245;-0.44779274
0.106430225;-0.37472397;-0.40823418
-0.2992308;-0.17165416;-0.48127484
-0.09250966;0.08455166;-0.3678324
1.0822423;-0.18548366;-0.5692659
0.5782938;-0.40463695;-0.65853775
-0.28736493;-0.80495954;-1.0822989
-0.26426697;-1.4502176;-1.2066594
-0.46766356;-1.3414241;-0.94423383
0.14461915;-1.3106393;-1.0005043
0.10944532;-0.47351143;-1.0990362
-0.049943745;-0.025684144;-0.997979
0.172545;-0.55179733;-0.88060975
0.150536;-0.68206286;-0.92284715
0.0798038;-0.6831503;-1.029684
0.14509304;-0.9652702;-1.2159346
0.19732444;-1.1159662;-1.2852478
0.06098455;-0.74902296;-1.1063232
-0.073087364;-0.95546836;-0.93037105
-0.04596989;-1.8206247;-0.3622656
-0.0055259117;-1.6564997;0.23909377
-0.07942073;-0.6439498;0.20846252
-0.12603658;0.25984016;0.44255126
-0.31332928;1.0141221;0.9359197
-0.4850384;1.8800477;1.2293571
-0.56615573;2.5759132;1.3662982
-0.5216746;2.5294805;1.6641322
-0.42671466;1.7923344;1.9984933
-0.21949673;1.1963675;2.1894197
0.13690262;1.110219;2.1827857
0.17827208;0.8006752;2.3462286
-0.063632324;0.16554017;2.0988579
-0.13215587;-0.17381786;1.4572113
0.02865031;-0.14530428;1.062644
0.18542024;0.21500657;1.0876153
0.032711197;0.36575526;0.5950922
-0.31133103;-0.14802079;0.038573746
-0.5053148;-1.1027917;-0.172266
-0.40112686;-1.5009834;-0.28468782
-0.2615265;-0.76641166;-0.30743775
-0.23422119;0.36187068;-0.4803252
-0.18737696;0.28949654;-0.38426015
-0.14677657;0.8472222;-0.17303312
-0.15179625;0.7215278;0.2240735
-0.371437;0.27409723;0.4026963
0.2091004;-0.19634722;0.40965703
0.48290533;-0.28520277;0.16366313
0.011324256;-0.18753722;-0.148757
-0.037815597;-0.33440477;-0.1127556
-0.020877477;-0.20189881;0.016045524
-0.304202;0.58535594;0.21439892
-0.058986586;1.7339097;0.7480816
0.40281072;2.0902529;0.5797153
0.8222486;1.7722023;0.5231472
0.6859239;1.2568243;0.7997678
0.3581141;0.79295945;0.66481423
-0.36350873;-0.004694951;0.3693514
-0.497057;-0.76313096;0.9736061
-0.041395582;-0.8386298;0.77263486
0.33250853;-0.39590383;0.118107915
0.40350682;-0.03234805;0.12573633
-0.17406954;0.05224656;-0.058785938
-0.36738062;0.19492225;0.04672125
-0.3439045;0.5278128;0.181127
-0.3063736;0.16287524;-0.0082233995
-0.22009888;-1.0384498;0.34967127
-0.016704107;-0.5807598;0.595362
0.15538672;2.0135171;0.16691461
1.9555594;3.8363996;-0.2070933
2.3331976;3.6396275;-0.5406746
0.316558;0.5015458;-0.11691471
-1.1342536;-2.294076;0.48146823
-1.0699029;-2.6415107;0.32579958
0.090952694;-1.5538336;-0.10186034
0.37276214;0.33193314;0.14038673
-0.47679028;0.6686715;0.7841844
-1.1064322;-0.7775628;0.7835975
-1.5570208;-1.1064253;0.542503
-2.822179;-0.11326519;0.8902524
-3.847587;-0.08436215;2.049702
0.17583661;0.72157276;1.3022616
7.246919;4.043274;-1.3988158
6.8037853;4.9748535;-2.2565527
-0.7944717;0.21582027;-0.47399208
-3.6699524;-1.5757813;-0.50106865
-0.35471186;0.7057812;-1.14148
1.9193555;3.8450937;-1.2100589
1.1604844;3.9432626;-1.5102347
0.27838752;1.2647662;-1.2081877
-0.19291498;-0.24033545;-0.8243627
-0.382457;-0.20574492;-0.26886514
-0.065340586;0.15517946;0.3442829
0.0039775316;0.68327445;0.7848013
-0.043692976;0.92161953;0.72159106
0.12754562;0.5021394;0.67102283
-0.060463503;-0.121140055;0.39931828
-0.7046208;-0.54495895;0.29132962
-0.94494665;-0.59104526;0.4205637
-0.45595732;-0.5130706;0.56457597
0.21648414;-0.823933;0.46728575
0.32631233;-1.2474277;0.12070361
-0.16395015;-1.1143484;-0.0034371116
-0.4124101;-0.39147872;0.33475032
-0.06742809;0.41025454;0.6615502
0.10230753;0.46804738;0.8573652
0.07559602;0.1197504;0.6452672
-0.09577318;-0.35029343;0.46621373
-0.40161854;-0.29898474;0.40422097
-0.39941984;0.12057783;0.30775177
-0.24141087;0.11716539;0.17745143
-0.20875369;0.17615418;-0.061163858
-0.07637796;0.39756396;-0.039556086
0.07327264;0.36976016;-0.019144868
0.11799311;0.16948977;-0.2153159
0.14751948;0.028365254;-0.26912773
0.2492656;-0.075159356;-0.20280217
0.38066247;0.04729439;-0.05911674
0.25765496;0.3766783;0.12458161
-0.009501019;0.6441405;0.2152903
-0.0013508148;0.5840624;-0.07776777
0.13641934;0.40045303;-0.20283921
0.12788548;0.29926866;-0.16852137
0.08043338;0.11285244;-0.2316921
0.036221705;-0.060841095;-0.27597868
0.050852366;0.0010829835;-0.29578295
0.050056893;0.13680388;-0.28037634
0.021295514;0.002216547;-0.19930108
0.06078641;-0.2337248;-0.040690865
0.09550413;-0.27120838;-0.060677692
0.06702831;0.02810167;0.14833285
-0.083877355;0.4514364;0.38741627
-0.22335188;0.67677414;0.366183
-0.17868151;0.4632943;0.3429464
0.053929795;0.1120417;0.29623213
0.13689384;-0.07696821;0.24011071
0.08139007;-0.15161362;0.123338565
