0.78777075;-2.3737698;-3.0013928
-0.2635334;-5.095891;-3.9245517
-1.7108268;-6.9829626;-2.7271414
-3.2702239;-5.41762;-0.30515063
-2.6786792;-0.7590961;0.9496295
0.10705671;1.4708481;1.3440785
2.277833;1.9798034;0.68776286
2.8816414;1.1463428;-0.1279147
1.1482818;0.22019924;0.26329324
-0.5634058;1.2355344;0.70438457
-0.2265059;2.15249;0.5197577
0.3223109;1.5204295;0.45955613
-0.04293253;0.6038436;0.62389493
-0.5628616;0.3549499;0.66786593
-0.51903933;0.3870849;0.6655427
-0.3269502;0.7377929;0.84493417
-0.15452892;0.9433593;1.0071974
-0.10799813;0.69062495;0.9682579
-0.14421101;0.29468748;0.63085634
-0.2950563;-0.061125018;0.12343504
-0.523545;-0.30515;-0.23250197
-0.63758606;-0.384745;-0.6485016
-0.41944382;-0.560921;-0.82192624
-0.037117563;-0.58623683;-0.760666
0.30155596;-0.24398945;-0.6741578
0.56897914;0.054808445;-0.63307625
0.58916765;-0.046778247;-0.622086
0.4080529;-0.3030476;-0.5851688
0.23269232;-0.36431307;-0.41188502
0.1306851;-0.30082545;-0.20763303
0.13892308;-0.29066038;-0.06923142
0.15879472;-0.3106533;0.100864865
0.15008265;-0.27977264;0.17756689
0.07240987;-0.30194312;0.20767851
0.04816227;-0.18217948;0.2473928
0.08267044;-0.03636859;0.28541425
0.089183226;0.055280127;0.3033314
0.09595596;0.2098491;0.3364151
0.05606164;0.28975427;0.38788208
-0.051244438;0.31930342;0.33530566
-0.1058393;0.41169274;0.28699455
-0.017874565;0.45747918;0.24834563
0.062262848;0.44723335;0.19867651
0.12090403;0.4827867;0.3214412
0.16195759;0.15185435;0.18840297
0.010816079;-0.6441415;0.04447237
-0.20228463;-1.5215632;-0.4519221
-0.2899527;-2.1422505;-0.9490377
-0.32180592;-2.0200505;-1.3873551
-0.12697598;-1.5410404;-1.7130091
0.50681764;-1.6390823;-0.9735323
0.27908692;-0.10814083;0.55554914
-0.04274608;2.5916123;1.7069393
0.26463127;3.7920399;2.2530515
0.5503769;3.5984757;2.3399413
0.44606322;2.7529993;1.9657029
0.1079248;1.7156807;0.98506236
0.05958203;1.2639508;0.01304988
0.21416953;1.5603794;0.016689904
-0.022121409;2.3165407;0.89460194
-0.15715025;3.0326517;1.3719316
0.49820557;2.070262;-0.002454769
0.8676074;0.27339703;-1.0957139
0.6292422;-0.17542301;-1.526571
0.4573;-0.44268215;-2.0556319
0.6455275;-3.1252394;-3.8570054
0.33439076;-7.2845664;-4.868417
-1.6934249;-8.202653;-2.768171
-3.818021;-3.6058726;0.7823382
-2.998167;2.659052;2.4821205
0.7573258;3.1491165;1.7231964
2.8953137;1.1880432;0.75355715
2.041251;0.9613721;0.67159575
-0.1439523;1.1612852;1.1372765
-0.8507087;1.1024656;1.2348213
-0.32431698;0.64916;1.081607
-0.6594536;0.2990155;1.0215356
-0.9947504;0.6095249;1.1484785
-0.36142528;0.37824494;0.7500328
0.15539102;0.22290844;0.025026232
0.31571907;1.1877017;-0.598729
0.72171587;2.2314115;-0.13523321
1.3949509;1.7948947;-0.44568658
1.4909607;-0.03322483;-1.1784242
0.7372998;-2.4718924;-2.5864894
-0.44766018;-4.696264;-3.748879
-1.5909406;-6.188261;-3.3928533
-2.7165024;-5.631859;-0.98459506
-3.066952;-2.624237;1.381074
-2.0941865;0.9287353;1.7142341
-0.5769118;2.3929882;1.2401373
0.8330018;1.4237655;0.5827349
1.1757765;0.37026247;0.3943129
0.11718366;-0.072540015;0.50920033
-0.95390934;0.632593;0.56361026
-0.79125243;2.0966995;0.7008882
0.15918554;2.719547;0.9294606
0.71172345;2.0959501;1.0498184
0.5271912;1.154885;0.9523547
0.031127995;0.5035956;0.53688383
-0.2672851;0.14818895;0.21075705
-0.18101558;0.12636366;-0.08764436
-0.09324997;0.35577843;-0.16386549
-0.015224974;0.22368525;-0.043592393
-0.015304979;-0.5413643;0.008876085
-0.15130648;-1.3893415;-0.36164913
-0.35854518;-1.9864732;-0.8143193
-0.42746115;-2.3360536;-0.7670804
-0.3075939;-2.331343;-0.6417894
-0.24920014;-1.8525742;-0.9946815
-0.11654761;-1.4633094;-0.81762016
-0.030738087;-0.99564755;-0.6384711
-0.04802797;-0.09964302;-0.4014019
0.049077626;1.0359106;0.22575347
0.2376996;2.2349784;0.56185275
0.48547217;2.8192327;0.9869822
0.5680652;2.5803862;1.1770858
0.43335843;1.945559;1.0604186
0.15371801;1.5251971;0.8733349
0.033911906;1.2795328;0.6549179
0.14119202;1.0876887;0.47393432
0.28482863;0.98577595;0.33539745
0.4763004;0.7401833;0.36206797
0.48494658;0.2890216;0.37715438
0.25201976;-0.10159521;0.2454735
0.0594283;-0.42190117;0.0776288
0.030355142;-0.7547084;-0.11914696
0.23678412;-0.9412668;-0.29531756
0.5034898;-0.9280134;-0.530004
0.75161994;-0.8049107;-0.49275324
0.8233663;-0.5814286;-0.3317026
0.76396644;-0.37139285;-0.24661207
0.720304;-0.13148929;-0.19103967
0.72175103;0.01668357;-0.09658173
0.71905124;0.028971856;-0.12726538
0.7381316;-0.12994751;-0.1643123
0.68406;-0.507083;-0.33144984
0.56834173;-0.9337914;-0.49953488
0.5140484;-1.1876581;-0.3340029
0.44951996;-1.2407515;0.05154768
0.30024096;-1.0519762;0.24748814
0.1733959;-0.560331;0.27924052
0.14809172;-0.11076477;0.12339241
0.21417649;0.036388185;-0.11378607
0.2979037;-0.020889452;-0.10977886
0.34379172;-0.23546156;-0.36594808
0.32425213;-0.55711925;-0.5146335
0.25237045;-0.7050704;-0.17733178
0.071427606;-0.52030635;0.01750958
-0.10379542;-0.24124506;-0.10474233
-0.14436446;0.028878955;0.03495613
-0.07525719;0.27935317;0.3029649
-0.008252628;0.19535753;0.10487192
-0.1081646;-0.20308897;-0.059852462
-0.50205904;0.05627882;-0.785382
-0.9779168;0.89814806;0.35919443
-0.9491303;1.6919559;1.3686055
-0.23069094;1.1863773;0.45738444
-0.08499221;-0.4508982;-0.040342454
-0.71140194;-0.90759355;-0.12602396
-1.0058403;0.014550155;-0.10081917
-0.47498477;0.7241401;-0.18690534
0.16180907;0.8949371;-0.22452427
0.26724023;1.1581372;-0.17961942
0.10275702;1.4515097;-0.062445533
-0.042208444;1.5440203;0.056293573
-0.09118863;1.4274037;0.0012848593
-0.07685716;1.260673;-0.0114721125
-0.10757948;1.5647883;0.19707231
-0.108719826;2.494723;0.57640785
0.38004074;2.1336477;0.26112628
0.7729535;0.39725026;-0.503599
0.6089878;-1.2486061;-0.9872542
0.508284;-2.467635;-1.2804283
-0.15440796;-4.358483;-3.1712177
-0.9312412;-7.2680364;-3.1744742
-2.2356179;-8.033179;-0.5833293
-3.8541193;-3.1202931;1.6302116
-2.8114204;1.8475155;2.3729193
0.2039886;2.6311374;2.2233355
2.5104566;1.4080349;1.6286683
2.5907872;0.4514279;1.1966846
0.7167703;0.06739232;0.8573477
-0.89884937;0.17266385;0.74837816
-0.920642;1.0725061;0.43620256
-0.012294863;1.4361298;-0.526038
0.80188286;0.7426539;-1.1114553
1.0857446;0.5534981;-0.7641643
0.85902536;1.3959235;-0.25195643
0.44024763;2.6979887;0.14843485
0.57812583;3.5449145;0.5437479
1.0656745;2.4857364;-0.008751697
0.87558645;0.1506984;-1.3695014
-0.105732;-1.9653788;-2.517476
-0.8619782;-4.591053;-2.3452308
-1.678645;-6.9665923;-0.7168097
-3.355416;-4.8482738;1.6515522
-3.4249578;1.3026309;2.364992
-0.32277876;3.8905423;1.6982434
2.7097456;2.7218087;0.64609474
3.4670153;1.4758844;0.029375799
1.9626747;0.4963326;0.16100064
-0.21267268;0.25956607;0.6850505
-1.4451381;1.0545279;0.6292904
-1.0686105;0.8686223;0.24093233
0.03808034;-0.04260217;-0.044754136
0.64862835;0.11904327;-0.05455331
0.60318;1.4186721;0.06885735
0.6739991;2.7091565;0.33008587
1.2113184;2.3548253;0.039068706
1.2163204;0.79870385;-0.899995
0.48438442;-0.9454119;-1.879371
-0.41659403;-2.9188294;-2.2753718
-1.1780018;-5.278814;-1.8734225
-2.2189639;-6.616801;-0.13936296
-3.6392336;-3.4934406;1.8010097
-2.8395119;2.1239974;2.1158078
0.41432798;3.7070105;1.0676461
2.9931812;2.6640458;-0.06463307
3.3250136;1.7437366;-0.33920646
1.7045422;1.0324893;0.016134834
-0.30199125;0.87286645;0.5629079
-1.3220618;1.5639182;0.8878263
-1.0131181;1.518322;0.84776103
0.012942973;0.35840765;0.25945884
0.57890904;-0.7648364;-0.78930795
0.43636945;-0.3181191;-1.1626964
0.3184315;1.4955047;-0.58640707
1.0147061;1.8026538;-0.85037565
1.3578587;0.5780605;-1.6521755
0.88472444;-1.0922391;-1.6217405
-0.050228275;-2.9175413;-2.4567673
-0.97045606;-5.462158;-3.1138513
-1.7857399;-8.038476;-1.8395185
-3.2192168;-7.005781;1.3377601
-3.7816236;-1.5296249;3.4108331
-1.8846738;3.454425;2.8536665
1.1031984;5.0135403;2.182933
3.2739651;4.592863;1.6275965
3.5449533;2.9547594;0.5958272
1.8297126;0.8794325;-0.01708821
-0.44521427;0.572296;0.36757943
-1.340937;1.5578368;0.49406356
-0.7789996;1.5853319;0.32650083
0.07172216;1.0057656;0.26120067
0.61440897;0.96086246;-0.38478947
0.80363655;1.0483775;-0.8859566
0.9050186;1.157452;-0.56189024
1.0345618;0.7134616;-0.7557622
0.72218066;-1.0698557;-1.6608598
-0.24940391;-2.5840096;-2.141188
-1.4364371;-3.6234577;-1.2754502
-2.1600873;-4.311266;0.2046398
-2.5936947;-3.2552629;1.1387118
-2.2593307;-1.0729604;1.8547195
-0.87777716;0.7322567;1.4212756
0.8329345;0.8764304;0.49952045
1.6525171;0.5230193;-0.06288363
1.2224653;0.47779045;-0.2940569
0.21244489;0.09473236;-0.24774553
-0.48707533;-0.4117141;-0.11069642
-0.595129;-0.5637463;0.086442865
-0.5026657;-0.19474703;0.20040429
-0.49744508;0.50670236;0.14157343
-0.5854561;1.3334869;0.20075874
-0.47617733;1.8886645;0.304357
-0.14187938;2.0953066;0.4184856
0.123996496;2.2621827;0.5660385
0.25779095;2.5253713;0.57158077
0.33279526;2.717172;0.48851463
0.26623622;2.1737375;0.3908117
0.17080146;2.1966074;0.51264936
-0.016483827;1.8512311;0.54761946
-0.10537456;0.9216099;0.3193456
-0.10148715;-0.08380584;0.15547647
0.043810282;-0.6350134;0.043131176
0.41004822;-0.79394823;-0.015495057
0.8354605;-0.9117211;-0.08114605
0.9441496;-0.9934394;-0.24616684
0.9238744;-1.0291265;-0.27193347
0.781287;-1.0389262;-0.31754678
0.5387991;-0.64676595;-0.3165374
0.54402757;-0.31897527;-0.30322993
0.6228197;-0.45986772;-0.40508395
0.52315813;-0.6241442;-0.5615672
0.3975304;-0.6836903;-0.6148787
0.34859073;-0.6469523;-0.62002796
0.23106985;-0.49568683;-0.75227237
0.3168383;-0.6184245;-0.4830679
0.43354878;-0.91036457;-0.027079327
0.16109683;-0.6782917;0.36896154
-0.16404246;-0.10825832;0.6951692
-0.3265953;0.18526834;0.7686354
-0.2497528;-0.07991032;0.6961583
-0.280271;-0.27330327;0.40692663
-0.38476366;0.034482393;0.2692913
-0.33281094;0.42446092;0.13418305
-0.2529675;0.59269375;0.14484644
-0.1351865;0.72103;0.17212716
-0.06615701;0.711199;0.26270172
-0.070308425;0.5908342;0.28516138
-0.06952798;0.44610485;0.2718791
0.02094011;0.25375888;0.12375328
0.15659584;-0.1298054;-0.019747375
0.1711751;-0.56946933;-0.1532979
0.0527604;-0.79620045;-0.36638832
-0.028690118;-0.84633535;-0.49936065
-0.040139593;-0.82706827;-0.44323853
-0.08191636;-0.8897796;-0.46709082
-0.15928309;-0.9180737;-0.52679765
-0.22117648;-0.85320896;-0.4714381
-0.20780055;-0.62944216;-0.2709005
-0.10881857;-0.30667874;-0.1948454
-0.010492354;0.06715701;-0.13087632
0.07207487;0.4662256;0.014048944
0.13051146;0.6636055;-0.06376085
0.17706542;0.5215094;-0.20100868
0.18579295;0.17658252;-0.37955695
0.16963045;-0.236859;-0.60052055
0.18746218;-0.6676122;-0.72416645
0.21886623;-1.2809647;-0.64495814
-0.058549594;-2.1278968;-0.7253415
-0.24762093;-3.4148173;-0.88339823
-0.9297374;-3.625604;-0.67234355
-1.8351961;-0.6004832;0.5058751
-1.2025319;2.4477384;1.4078251
0.40750572;2.4863157;1.5450101
1.3408483;1.8078027;1.298508
1.1777568;1.683742;0.99505645
0.35265464;1.5782437;0.7460452
-0.19473176;1.5829074;0.42183614
-0.27805102;1.5663259;-0.0062810937
-0.092362694;1.5827483;-0.14252487
0.40482077;1.3099486;-0.5702699
0.6053019;0.9792089;-0.32496592
0.5856087;1.2364922;0.09627727
0.61028385;0.7032562;-0.079228185
0.42494583;-0.6920825;-0.42900756
0.16007386;-1.9474161;-0.78383106
-0.33717528;-3.6079328;-2.3520648
-1.072084;-5.8488464;-3.0879018
-2.1373546;-6.879077;-1.6078215
-3.0973837;-4.2907615;0.7856178
-2.143532;0.69239074;2.3253694
0.46876815;3.7601626;2.1540453
2.6687646;3.6300051;1.2044864
2.7857928;2.216504;0.48233905
0.83879054;1.2294532;0.23587124
-0.79928005;1.0460626;0.201197
-0.6284866;1.352475;0.117207594
0.058538884;1.828855;0.30001608
0.42983893;1.2224591;-0.17873713
0.4778555;0.52171725;-0.7679897
0.5565032;0.9345613;-0.46439177
0.82821035;1.2632741;-0.3840134
0.86374015;-0.17531827;-1.1259607
0.14128509;-2.8996296;-2.3601437
-1.1083586;-4.4509535;-2.12249
-2.1890306;-3.560763;-0.6042419
-2.034037;-1.0423604;0.5447315
-0.64129215;0.9317367;1.1857852
0.5588413;1.7641394;1.4267532
0.866409;1.9269365;1.1601526
0.47886938;1.1852992;0.72187203
-0.24854513;0.21073936;0.6587476
-0.7472736;-0.24703352;0.75199807
-0.9400064;-0.5976268;0.8203485
-1.1020051;-0.97810143;0.7812788
-1.3019166;-0.88560617;0.687523
-1.3477833;-0.22410993;0.5250184
-1.2094766;0.51446205;0.27626473
-0.9019563;1.0053196;0.22726178
-0.6512525;1.3980057;0.30055943
-0.63818955;1.9277796;0.33419755
-0.6371141;2.2969112;0.42360803
-0.2940663;1.6390914;0.51388645
-0.079003036;0.49721065;0.36735913
-0.16632743;-0.17566898;0.08763731
-0.17056194;-0.3936602;-0.19239014
0.07917544;-0.33367816;-0.31641212
0.34459037;-0.2856925;-0.3593797
0.4397348;-0.26292902;-0.53125376
0.37678784;-0.050968215;-0.618753
0.33424276;0.03422543;-0.7387524
0.4283317;-0.23199466;-0.81600195
0.50516534;-0.40434572;-0.84655154
0.5306948;-0.36722657;-0.8647412
0.6526808;-0.25940627;-0.704293
0.82605094;-0.054400012;-0.5384344
0.9631845;0.03772999;-0.3494975
1.0580475;0.027058993;-0.22959802
1.0858912;-0.006477806;-0.2336784
1.0677364;-0.29580724;-0.15569273
0.9575094;-0.8147708;-0.17142919
0.72206223;-1.2174417;-0.30276835
0.5411264;-0.8364533;-0.30783966
0.56122136;-0.044162646;-0.40564674
0.72085214;0.3646699;-0.6338924
0.87336135;0.2948609;-0.8696139
0.95728284;-0.045361277;-0.92381614
1.0552794;-0.22066402;-0.5609279
1.0621923;0.026593784;-0.19561732
1.0333476;0.111900024;0.04975614
1.0376155;-0.54173;0.24917991
0.65040493;-1.820884;-0.20690607
0.014073956;-2.7410822;-0.33114985
-0.41725647;-2.5428658;-0.15241988
-0.34708643;-1.7155426;0.08743909
-0.17649727;-0.6224341;0.35745126
-0.089244686;0.60205275;0.548461
-0.121395744;1.2816422;0.6106438
-0.5622533;1.5628138;0.19789006
-1.4014628;1.294001;2.336437
-0.86843586;0.6820758;3.2316496
0.26267317;-0.9543394;2.0728197
-0.12685487;-0.9040965;1.4520057
-0.47113112;0.80484784;0.5678546
-0.106787704;1.4063783;0.12303369
0.26496047;1.4751025;-0.15782304
0.1545465;1.0707071;-0.6075084
-0.14447804;-0.30280933;-1.8422568
-0.38164687;-2.5328724;-2.8238053
-1.1072706;-3.470048;-2.1590443
-1.874879;-1.9885384;-0.6459855
-1.5139657;0.4466693;0.36446163
-0.27523506;2.3198354;0.9415693
0.72551507;3.2230558;0.93450546
1.1183027;2.4909446;0.71635437
0.40069684;0.90369326;0.51058346
-0.7917472;0.2854546;0.5272168
-0.83652276;0.65961367;0.41552344
-0.04499947;0.34019095;0.13866875
0.23978168;-0.052847248;-0.0015650042
0.31995034;0.6608472;-0.020002004
0.6256868;1.1411778;-0.2753766
0.7915651;0.48794222;-0.5046763
0.646631;-0.23777123;-0.52561605
0.36604136;-0.380842;-0.41736782
0.030522294;-0.38279858;-0.5307692
-0.4275353;-1.1312388;-0.9027404
-0.5084345;-2.770616;-0.6190673
-0.89346635;-3.853993;-0.35462886
-1.2757106;-3.6581943;0.5006719
-1.0736935;-2.5328054;0.83491254
-0.69020474;-1.1574943;0.67418003
-0.33263257;1.1927545;0.714344
0.4690502;3.5042036;0.6152252
1.3711386;4.118988;0.3171802
1.4260124;3.1842527;-0.14938086
0.4210834;1.5724022;-0.2945047
-0.7543442;0.9532343;0.21127124
-1.0737879;1.1313374;0.412767
-0.63793653;0.551945;0.4552136
-0.22128674;0.054055963;0.38917089
-0.069998145;0.44011977;0.017586702
0.0018139844;0.5333458;-0.28280565
0.043638688;0.27355164;-0.39186952
0.0560047;0.14384133;-0.42599562
-0.04738374;-0.34430194;-0.8782965
-0.2832195;-1.5441916;-1.1213872
-0.7336068;-2.5291033;-0.99398476
-1.1806355;-2.5545325;-0.4170628
-1.1148208;-1.7936261;0.31322476
-0.6699817;-0.9505259;0.8162048
-0.28442287;0.014579312;0.9342138
-0.0056632906;0.94916344;0.8786211
0.38765687;1.0499557;0.5903969
0.48434424;0.5930896;0.003567489
0.28044415;0.2963467;-0.409646
0.17279282;0.27457735;-0.5402168
0.24370301;0.3821619;-0.46967345
0.3762124;0.5807295;-0.39448875
0.52362615;0.5739586;-0.406216
0.5087447;0.4529169;-0.3405978
0.3530895;0.3592085;-0.22560324
0.1965341;0.17799181;0.0038924054
0.09394603;-0.13573156;0.23123893
-0.052968174;-0.36796024;0.45999113
-0.08846829;-0.4099932;0.5648679
-0.055149633;-0.32486954;0.5518943
0.001974044;-0.12552065;0.51651543
0.13751674;0.10270848;0.53821236
0.20532589;0.18529178;0.6055699
0.09707321;0.22010843;0.4282059
-0.09031018;0.30108675;0.21756473
-0.091779396;0.3596194;-0.09469821
0.022670234;0.4314455;-0.46013358
0.21110494;0.56390643;-0.76185685
0.41419646;0.49800014;-0.89386046
0.43291965;0.2765251;-0.84008837
0.2771951;0.26809508;-0.6345707
0.2065217;0.6894761;-0.46078157
0.3472486;0.90939337;-0.33737525
0.63385355;0.20720218;-0.1949002
0.51470006;-0.41236326;-0.027795164
0.20707254;-0.6830156;0.14338887
-0.037466966;-0.8464125;0.35846108
-0.13544232;-0.84275496;0.47426888
-0.11226011;-0.877329;0.5325401
-0.17144871;-0.9549882;0.5885321
-0.32309648;-0.79211557;0.48332566
-0.37566468;-0.49619246;0.41791055
-0.27709424;-0.17195396;0.41557842
-0.1701129;0.13743684;0.35121274
-0.075152814;0.38182446;0.1747202
-0.05387225;0.37420958;0.32102615
-0.3290353;0.37124267;1.0318209
-0.21479075;0.6313691;1.1192068
0.29887053;0.15509531;0.6266154
0.23909643;0.12407624;0.5012923
0.31588653;-0.319489;0.33228385
-0.015259538;-0.3087162;0.17832708
-0.39502013;-0.26259798;-0.48858833
-0.34335986;-0.7444534;-0.9189957
-0.4700004;-1.2518127;-1.1851965
-0.6783441;0.15479985;-0.69503224
-0.16142525;1.9097774;0.07522422
0.7513285;1.7684469;-0.18982063
1.0511117;0.54757;-0.4862315
0.2529499;0.725556;-0.0983602
-0.5386557;1.4554448;0.40881184
-0.7012371;1.3534184;0.6832995
-0.62192714;0.6499222;0.7716396
-0.85535425;0.31056273;0.82981163
-0.8858459;0.3203252;0.92634934
-0.3352392;-0.5656148;-0.027670536
0.023996135;-1.8587419;-1.4283864
-0.12924059;-1.3369935;-1.3114592
0.07942003;0.2741552;-0.4335423
0.77916104;0.45369917;-0.71245885
0.93504757;-0.052665673;-1.1199671
0.48397556;-0.5327575;-1.1959736
-0.043288305;-1.4918311;-1.8130289
-0.56119317;-2.980965;-2.0347981
-1.297392;-3.659772;-0.8372135
-2.0207262;-1.5090675;0.9927292
-1.7697059;1.905246;2.4129333
-0.6970147;4.478884;2.6490967
0.6080132;4.45989;1.9067774
1.6543794;2.9493327;1.1066719
1.6778003;1.4364192;0.6353375
0.8004434;0.82647914;0.23327
0.06613597;1.035402;-0.038384
0.14275253;1.1119153;-0.1994572
0.63295203;0.4457823;-0.22831576
0.72667414;-0.81368667;-0.15140261
-0.010066957;-1.4025118;0.053877912
-0.7439911;-1.0657594;0.36185232
-0.6670678;-1.3244826;0.47698188
-0.21490428;-2.072086;-0.6434145
-0.014892176;-2.2951689;-1.3584816
-0.021288741;-1.467385;-1.2805353
0.1782815;0.08546694;-0.83692825
0.7555158;0.52149856;-0.6226676
0.9989439;0.0078238435;-1.3668841
0.5405614;-0.7093659;-1.5435072
-0.22419152;-1.4518677;-0.9379308
-0.7301345;-2.5896192;-0.66284466
-1.0559826;-3.5029454;-0.3302757
-1.422911;-2.8086064;1.3670294
-1.6648914;0.38123998;1.9061235
-0.9069131;3.3565545;1.5436488
0.6400945;3.6243062;1.253669
1.8769194;2.999445;0.92793524
1.9534886;2.6550245;0.7735982
1.1071268;2.6427698;0.77512854
0.35894367;2.6048408;0.77010286
0.19965492;1.4823102;0.52233225
-0.015276058;-0.28212065;0.17411582
-0.59034586;-1.189759;0.27679265
-0.9050892;-1.0893072;0.5026841
-0.43969634;-1.2589458;-0.3853527
0.17011793;-1.0602816;-1.2707821
0.6321881;-0.3419753;-0.41662574
1.1567271;-0.23920524;-0.62080055
1.036429;-0.8382392;-1.3278905
0.37336928;-1.3799664;-1.4435624
-0.25833583;-1.6539731;-1.7704749
-0.5840124;-2.6669285;-2.2663798
-0.7945537;-4.983543;-2.422479
-1.482518;-5.605584;-0.75048316
-2.334452;-2.4844673;1.6058635
-1.8331865;2.0561762;2.328441
-0.17592418;4.826191;2.0940027
1.5576981;4.860953;1.8439521
2.5004554;4.091887;1.2189116
1.9503644;3.4571035;0.93762934
0.65091646;3.3782804;0.7876035
0.12424879;3.277136;0.3175828
0.28533652;2.2137988;-0.31468377
0.28178486;0.436371;-0.382997
-0.0960565;-1.0462157;-0.16264762
-0.7127827;-2.04791;-0.12386809
-1.2835075;-2.3852031;0.41340554
-1.3299309;-2.1175375;1.0057244
-0.91863227;-2.28778;0.060829535
-0.4317808;-3.380224;-1.1888363
-0.39386213;-3.2041793;-1.2198191
-0.28852722;-0.5852183;-0.89148027
0.359022;1.9255754;-0.110059224
1.4264754;1.5748353;-0.49117237
1.428485;0.07236821;-0.9991879
0.53380364;-0.54835546;-0.8712253
-0.19912897;-0.57618433;-1.1469803
-0.37961566;-1.5046974;-1.5519592
-0.3247863;-3.253758;-1.6071924
-0.6340478;-3.5030065;-0.2888789
-0.9634882;-0.3774051;1.4782718
-0.24579059;3.901201;1.8263675
1.3383285;4.3350234;1.304844
2.1677332;2.3992686;0.7688752
1.554499;1.2256649;0.55260015
0.23266168;0.9727194;0.6420801
-0.6146519;0.92661303;0.8011641
-0.7229715;0.2866029;0.8659313
-0.79712725;-1.1894677;0.93024504
-1.3158268;-2.5265741;0.969196
-1.9604739;-2.5056343;0.7378568
-1.8871292;-1.3888824;0.31528544
-0.9612658;-0.23298095;-0.041521635
-0.044012647;0.59486526;0.07928269
0.19760238;1.6743296;0.10092615
0.1299569;2.2300887;0.16199093
0.28365302;1.5731335;-0.014157263
0.35817242;0.5335068;-0.3550758
0.15216294;-0.035694562;-0.64656067
-0.076707155;0.08081935;-0.7047485
-0.0066782213;0.51153046;-0.5012988
0.23684493;0.9092244;-0.40103906
0.40041342;1.007067;-0.29583123
0.43126824;0.8509661;-0.18041499
0.3950146;0.6260854;0.086918004
0.31210542;0.5180558;0.17578441
0.3114031;0.72538215;0.12187752
0.394435;0.8756182;0.03500202
0.40929797;0.6958071;-0.028248385
0.28915712;0.38633317;-0.04759871
0.1297632;0.28250402;-0.031828966
0.082716815;0.3541282;-0.069213174
0.16773595;0.32392758;-0.07412054
0.19356376;0.10601706;-0.04679643
0.1470385;-0.06831135;-0.087437145
0.08169331;-0.10933658;-0.06994972
0.09972965;-0.08434427;0.019040227
0.13681497;-0.14403792;0.09023218
0.13288948;-0.27304283;0.12843575
0.056311578;-0.39655927;0.040248595
-0.018231986;-0.4094349;0.032198876
0.02994566;-0.42911044;-0.005490898
0.11536278;-0.46516335;-0.09189272
0.20557147;-0.5080682;-0.14226417
0.27930093;-0.52520454;-0.11381134
0.271097;-0.54360116;-0.122299075
0.25711197;-0.5598809;-0.06658926
0.17522083;-0.5885297;-0.022021405
0.09056728;-0.6458238;-0.07386713
0.06307883;-0.779159;-0.0090937
0.15319744;-0.9702022;0.04272504
0.22997983;-1.2042868;0.10918003
0.26640573;-1.4478045;0.09984402
0.14984334;-1.6738685;0.011125221
0.03159342;-1.6578448;-0.053599823
0.046368487;-1.3950258;-0.11162986
0.21326667;-1.0378957;-0.18305388
0.35655084;-0.61156654;-0.24644311
0.4766469;-0.11112824;-0.2690295
0.6704777;0.1360974;-0.2995986
0.7105032;0.058877926;-0.49280387
0.5914495;0.06272734;-0.4317431
0.47706583;0.21893187;-0.40164447
0.4045042;0.3001455;-0.19006558
0.2661815;0.5619914;0.12294754
0.15552333;0.9027181;0.36398304
0.06699679;1.0752995;0.5286864
-0.04220335;1.1071146;0.50419915
-0.07775682;0.93569165;0.43460932
-0.06601405;0.65480334;0.25393745
-0.117920496;0.34571767;-0.16560005
-0.31257674;-0.16405086;0.39251998
-0.38990515;-0.1468657;0.74526596
-0.21993193;-0.09249255;0.43371278
-0.24489085;-0.11774404;0.37822023
-0.16915487;0.32455477;0.42757618
0.090603836;0.60026884;0.31081095
0.2256569;0.6364651;0.19864875
0.20542786;0.53417206;0.158919
0.122228034;0.21483763;0.033385202
-0.036226366;-0.18437989;-0.36704183
-0.12854163;-0.5943789;-0.47488347
-0.152638;-0.6223781;-0.47365677
-0.11449321;-0.3635275;-0.37267542
-0.0053641004;0.25917798;-0.12939034
0.11821849;1.1526549;0.03398773
0.21903768;1.8971239;0.020940185
0.51409733;2.1434803;0.40425214
0.74252784;1.9944718;1.0109017
0.50613165;1.7510462;1.5024713
0.04279596;1.2586495;1.9082271
-0.7122476;0.24441956;1.7703316
-1.4147199;-0.66227686;0.94126534
-1.5020884;-1.6860715;0.14051227
-1.1071395;-2.448857;-0.5375902
-0.6380554;-2.5153358;-1.1488222
-0.32685053;-1.9122686;-1.5190578
-0.027886687;-1.0173149;-1.5652462
0.25542504;-0.23572691;-1.2678219
0.20629315;0.45829347;-1.0517576
0.16503452;0.3666348;-0.84140605
-0.05976926;0.5214328;-0.76687485
-0.34039354;0.04214626;-0.44787487
-0.81606483;-0.316283;-0.2614249
-1.3216019;-0.4342764;-0.4435149
-1.6072814;-0.6130461;-0.6704369
-1.6436377;-0.61856186;-0.38947454
-1.7992852;0.14265049;-0.117829636
-1.8988031;0.9328704;0.29948628
-1.7534175;0.8712963;1.527089
-1.377734;0.38141206;1.9091712
-0.5896872;0.027004639;1.883587
-0.17799976;-0.2752713;1.4631196
0.054475192;-0.13584203;0.6392457
0.37795517;0.64601386;-0.09485347
0.7508016;1.4230611;-0.81338274
0.9162663;1.1946989;-1.1694562
0.63770056;0.53232163;-1.3699399
0.36016044;0.4524198;-1.5084519
0.16156584;0.50412333;-1.2973865
0.027690176;0.26267368;-1.0910343
0.17996465;-0.010173571;-0.95720243
0.46584672;-0.19720136;-0.8313869
0.65236485;-0.24369858;-0.63073456
0.6281419;-0.16683386;-0.38583764
0.41657603;-0.077217095;-0.23679511
0.27388582;-0.14458618;-0.12381109
0.30192116;-0.30941895;-0.18342388
0.43841192;-0.37566015;-0.2248641
0.5843233;-0.40365312;-0.29864126
0.6760524;-0.2791725;-0.33891302
0.68068564;-0.045213;-0.2930054
0.6539235;0.1388296;-0.21565433
0.6090763;0.24700119;-0.20689847
0.6439017;0.31947595;-0.30926877
0.7334807;0.29464325;-0.366165
0.8166674;0.2122771;-0.402307
0.8314589;0.14013419;-0.3405956
0.66516715;0.23866984;-0.05060149
0.45361808;0.30812338;0.2845188
0.23262103;0.2855612;0.39949006
0.036878068;0.08626146;0.41334203
-0.114247546;-0.40755334;0.33067364
-0.27108553;-1.1588552;0.2614139
-0.4426497;-1.9270841;0.3466311
-0.6588072;-2.2135422;0.3679299
-0.6207958;-1.9583338;0.5849689
-0.33804289;-1.326042;0.8867251
-0.05168431;-0.47958365;1.18438
0.06334005;0.36945808;1.291254
0.028015792;1.0518165;1.1705033
0.07631888;1.4023907;1.1489027
0.03761761;1.1219125;1.1816221
-0.08084341;0.40534252;1.3577976
-0.24670598;-0.550726;1.4049882
-0.47705227;-1.3218307;1.0052406
-0.5988293;-1.5074646;0.57294244
-0.40562597;-1.3747216;0.31460392
0.01846798;-1.0747774;-0.010816858
0.27180564;-0.6973219;-0.53990346
0.4736945;-0.48285753;-0.8819228
0.7238775;-0.667536;-0.64928824
0.6056645;-1.0277789;-0.5694306
0.031015962;-1.194098;-0.48054448
-0.6072185;-1.2552785;-0.47193557
-0.8576498;-0.77297276;-0.58379847
-0.59705734;0.13162181;-0.5982888
0.0059478884;0.93654746;-0.63800603
0.5906958;1.089863;-0.54477984
0.6049785;0.85314035;-0.52957386
0.19687344;0.6200123;-0.52365905
-0.18703249;0.40225983;-0.54705226
-0.40509474;0.13118286;-0.5626418
-0.43110704;-0.2513037;-0.54073846
-0.55113566;-0.17604296;-0.73259073
-0.5815335;0.124790624;-0.5391976
-0.6027268;0.1873325;-0.3594831
-0.65249395;-0.197009;0.05303853
-1.0626202;-0.8201072;-0.0075691747
-1.5907211;-0.8560858;-0.19355534
-1.7257019;-0.3411186;-0.37359428
-1.3430616;0.29273012;-0.5645004
-0.7806992;0.7029341;-0.66410035
-0.30893436;0.91234726;-0.6906553
-0.1502725;0.96737784;-0.6087742
-0.120218;0.8332772;-0.54951936
-0.1055494;0.6416218;-0.5614905
-0.14068952;0.54454744;-0.5679424
-0.21567662;0.816888;-0.43560392
-0.022541292;1.1972604;-0.26098314
0.32727948;0.9578083;0.1349635
0.19619857;0.025621632;0.49234578
-0.60710365;-1.0170027;0.48137665
-1.6919329;-1.9698522;0.29135132
-2.9254212;-2.3790066;0.49245605
-3.6465871;-1.9907054;0.79083985
-2.7297697;-0.9050643;1.0232968
-0.47444072;0.84469855;1.0186375
1.2610724;2.032009;0.72741
1.4588579;1.8068571;0.21630299
0.97646135;0.8923607;-0.5175826
0.42804408;0.104513526;-0.91094106
0.09243526;-0.16638918;-1.2350029
0.020823212;-0.10186134;-1.3723773
0.26665857;0.29663593;-1.3041519
0.7133269;0.8091837;-1.1808214
0.98628646;1.012972;-1.1540322
0.9702792;0.7041276;-1.1513507
0.79184836;0.16642708;-1.0820181
0.40847868;-0.45123333;-0.94842696
-0.001342056;-1.0172367;-0.75405407
-0.16357364;-1.4231644;-0.52043074
-0.062108915;-1.6510315;-0.25384462
0.062812865;-1.7145752;-0.024950689
0.037750293;-1.6091602;0.19878945
-0.110424764;-1.4123281;0.31840655
-0.20708981;-1.0736125;0.42660025
-0.20942184;-0.66514;0.5100302
-0.07378748;-0.238362;0.47364914
0.13472001;0.1436854;0.36329433
0.25777602;0.38994834;0.15938546
0.30309582;0.52758366;-0.05686663
0.35185164;0.62831694;-0.2236183
0.42210633;0.66515356;-0.30701965
0.42518505;0.6352478;-0.28624073
0.40889806;0.46132326;-0.10711757
0.37399343;0.1690586;0.11118094
0.23044474;-0.17725311;0.30456975
0.053105798;-0.5043025;0.5124058
-0.035640363;-0.722192;0.62242466
0.030862711;-0.6840036;0.61668974
0.14031518;-0.4222029;0.5652268
0.18725213;-0.1252623;0.53968143
0.15292671;0.14041516;0.45049512
0.037966367;0.34983212;0.3416461
-0.100876905;0.4704907;0.27644187
-0.23070152;0.50139254;0.2274035
-0.23143622;0.691739;-0.014952193
-0.053898975;0.99714124;-0.27446175
0.12563083;1.197713;-0.3633194
0.088004656;1.1737953;-0.34690553
-0.029596277;0.9109113;-0.24002442
-0.17992702;0.43497905;0.032980464
-0.3533166;0.16048324;0.22325937
-0.3826533;0.015886594;0.2692325
-0.29674762;-0.10604072;0.209136
-0.21552311;-0.17233258;0.1798088
-0.12866849;-0.23786606;0.09384704
-0.11230979;-0.28716785;0.015702631
-0.07109783;-0.31723428;-0.1499379
0.17437173;-0.06628743;-0.45432532
0.4832474;0.34384507;-0.77596027
0.6490979;0.600076;-1.0051432
0.6067783;0.50506085;-1.1447395
0.41511017;0.14779867;-1.0032916
0.08677563;-0.21926107;-0.7495083
-0.20245449;-0.56603384;-0.46835667
-0.3307136;-0.7903271;-0.24343532
-0.4426959;-1.0447617;0.011501741
-0.5916567;-1.4170593;0.21232639
-0.73582536;-1.6773975;0.3792361
-0.79803526;-1.685668;0.4315139
-0.72592825;-1.5360343;0.51396114
-0.6713676;-1.3288275;0.6236689
-0.6558441;-1.031812;0.6239351
-0.5184252;-0.4066996;0.4022731
-0.0959902;0.7277653;-0.081306525
0.47008285;1.8665873;-0.5119202
0.84481627;2.52452;-0.7439112
0.83835304;2.535241;-0.8670039
0.3925574;1.8188176;-0.77329063
-0.09532907;0.96442914;-0.63113254
-0.32001325;0.2965433;-0.42521852
-0.4122606;-0.20651536;-0.13548732
-0.5391835;-0.4745873;0.19317265
-0.43134677;-0.37966982;0.15453812
-0.47320244;-0.35686085;0.6236305
-0.31293693;-0.28236368;0.9582794
-0.097224556;-0.52589095;0.9759985
-0.037154645;-0.83946276;0.99642384
-0.12972371;-0.7215702;1.031514
-0.13815397;-0.20225617;1.0752113
-0.076148175;0.31944507;0.972669
-0.09841854;0.57118106;0.6093852
-0.15373483;0.7194449;0.29063314
-0.12298787;0.82243085;-0.07061847
0.039109707;0.7266947;-0.30649477
0.32816276;0.26885575;-0.5420708
0.3187802;-0.27554038;-0.87740666
0.31127417;-0.57980734;-0.8706753
0.54901934;-0.82634586;-0.76216525
0.46734047;-1.1048267;-0.6034822
0.011372375;-1.0526114;-0.6171608
-0.3315271;-0.90458906;-0.3624786
-0.3370967;-1.0049213;0.016267108
-0.40092734;-1.085187;-0.14011131
-0.45824188;-0.6681496;-0.22146405
-0.3197185;0.15298031;-0.124046244
-0.2557748;0.65675926;0.019513007
-0.17649484;0.6347824;0.037485406
-0.17869587;0.33907592;-0.070011675
-0.2929567;0.20563574;-0.18100934
-0.31874037;0.46763358;-0.17293248
-0.2581173;0.45848188;-0.16959597
-0.25024384;0.1324105;-0.43411428
-0.15957007;0.0653034;-0.7097914
-0.13078105;0.2741177;-0.71002066
-0.04212484;0.25679418;-0.5617665
0.22255012;-0.42268965;-0.6603507
0.1342901;-0.8600267;-0.50171804
-0.14881791;-0.62552136;-0.23731196
-0.28467932;-0.6691671;0.09140044
-0.37461847;-0.81033367;-0.10969215
-0.26219478;-0.71701694;-0.5486912
-0.028505819;-0.32361355;-0.7498905
0.31469536;0.15985915;-0.84834987
0.6798813;0.12788732;-0.3708674
0.80328;-0.54769015;0.10955608
0.839499;-0.7319021;0.22045736
0.6965992;-0.4917717;0.27636588
0.46665436;-0.42466736;0.14609271
0.3014485;0.022766117;0.33718666
0.5974088;0.9057129;0.62131184
1.318552;1.2839453;0.80486196
1.8298416;0.9146563;0.97513956
1.8029358;0.144225;0.86761165
1.1657861;-0.837745;0.80346435
-0.015808586;-0.763946;0.5333965
-0.36420935;0.120093204;0.9173422
0.2742575;0.28982458;1.5276238
1.0740935;0.15060964;1.550224
1.4178685;0.46736273;1.4276792
1.5960135;1.0145152;1.4015183
1.8148968;1.2866122;1.2524647
1.6873667;1.5980397;1.0019717
1.3479402;1.8909317;0.7734524
1.1128248;1.6377454;0.55313694
0.9611583;0.9414463;-0.029365467
0.82826346;0.5531571;-0.69849235
0.73730713;0.82065064;-1.1587939
0.8062031;0.68777055;-1.0489101
0.93207186;-0.11853358;-0.7578781
0.600345;-0.96357685;-0.7406775
-0.08085681;-1.4333615;-0.69254196
-0.70824015;-1.6623142;-0.22278358
-1.3576077;-2.0548513;0.6186481
-2.1517112;-2.181381;1.2605435
-2.7916815;-1.9138548;1.6334348
-3.0333452;-1.6998339;1.7317479
-3.004801;-1.2661171;1.7228982
-2.6632159;0.04960631;1.6845686
-1.9993228;1.302185;1.4539049
-1.3244581;1.544873;1.1068739
-0.84081656;1.4015235;0.6167491
-0.71952826;1.3587188;0.3371493
-0.7256226;1.7776;0.20721945
-0.8273731;2.34083;0.54702556
-0.81189847;1.560164;1.1001204
-0.49639377;-0.7268688;0.34884635
0.049759988;-2.23462;0.08532708
0.683558;-2.050196;0.56201166
1.3280964;-1.9214069;0.63710934
1.5781021;-2.4558754;0.49718747
1.3390442;-2.5709503;0.28524998
1.1102978;-2.0130103;0.009449979
1.0632383;-1.0666583;-0.31744
1.2865281;0.05292341;-0.64770204
1.6807851;0.9173387;-0.9681616
2.1028311;1.340121;-1.0714043
2.4099016;1.4689717;-0.96649843
2.5291908;1.2845525;-0.93882376
2.444837;0.8963919;-0.982309
2.1410258;0.58898854;-0.9170972
1.757352;0.54619086;-0.84930277
1.4652566;0.7307027;-0.7794422
1.2065803;0.8001871;-0.6173038
0.9215142;0.7588997;-0.52821803
0.67783636;0.68836975;-0.5538244
0.47898784;0.58194584;-0.7243095
0.32537776;0.45930666;-0.7794476
0.12827097;0.42369533;-0.67668307
-0.18097697;0.56395626;-0.5850965
-0.46431282;0.69179;-0.42120218
-0.6855128;0.734682;-0.52758676
-0.77814656;0.5596206;-0.6095694
-0.81407;0.34457147;-0.40328053
-0.8924669;0.3194072;-0.088249415
-0.9397548;0.47427574;0.29502547
-0.94321007;0.7887956;0.52352035
-0.9787868;1.0091615;0.6750663
-1.0299045;0.91357917;0.82755303
-1.1645485;0.71836334;0.8401674
-1.2863263;0.6996907;0.74400896
