0.6009786;-0.47608992;-0.3647074
0.7292204;0.047253057;-0.24176592
0.94978255;0.68311495;-0.19028774
1.2133417;0.87617946;-0.21785519
1.3478279;0.8696936;-0.44928414
1.3731781;0.7816923;-0.28442731
1.3167065;0.7019164;0.34433314
1.1853964;0.4959081;0.56609154
1.1014422;-0.037648514;0.5091232
1.1342788;-0.43480632;0.39479858
1.1597668;-0.58847004;0.40958884
1.1254697;-0.48796353;0.42767107
1.1035007;-0.12474583;0.46713686
1.071863;0.100203335;0.4737095
1.0606154;0.041100167;0.7039676
0.92817986;-0.20305736;0.7256741
0.64566886;-0.4749459;0.46178925
0.3993476;-0.5518317;0.2694314
0.21947809;-0.5461529;0.14679512
0.13808247;-0.4462973;0.036186103
0.13859098;-0.31172535;0.04769888
0.15462278;-0.14469276;0.1319091
0.029948227;-0.053254217;0.005527284
-0.16666642;-0.19572838;-0.014328172
-0.4184894;-0.4987702;-0.09271254
-0.6949478;-0.82089114;-0.16167003
-0.9946301;-0.90671295;-0.24183603
-1.1191416;-0.72849536;-0.24346882
-1.1308235;-0.47967127;-0.17602506
-1.1171954;-0.20248702;-0.23457004
-1.0336001;0.08488539;-0.35640603
-0.79230976;0.2366583;-0.52262485
-0.44820327;-0.06692335;0.19440013
-0.53268373;-1.0410386;1.4867702
-1.113647;-2.004706;2.576916
-1.9385738;-1.6256398;2.686533
-2.0024216;-0.4098868;0.9242263
-0.88943726;0.67209053;-1.298119
0.6400127;0.8845475;-2.1541202
1.5842758;0.61388797;-2.073296
1.4967175;0.31611037;-1.680512
0.6866318;-0.025236709;-1.0069095
-0.22784299;-0.38893938;-0.2930276
-0.74125874;-0.5174015;-0.015672097
-0.70785075;-0.3670462;-0.06878768
-0.36549935;-0.049886957;-0.16128014
-0.037711985;0.35384044;-0.12902412
0.17842416;0.56744736;0.109280705
0.38199714;0.5227079;0.24992457
0.49519733;0.36504132;0.26868966
0.4344513;0.11703304;0.30870172
0.14652346;-0.012623566;0.24696139
-0.12975389;0.13365115;0.1538191
-0.21122499;0.3662959;0.041805282
-0.06546437;0.33053672;-0.054055773
0.14294101;0.1675544;0.0067553804
0.25800514;-0.03158149;-0.0070956955
0.22744904;-0.13464019;-0.09317656
0.13025025;-0.22958715;-0.13704124
0.056348637;-0.3930447;-0.040882997
-9.1718463E-4;-0.47693577;-0.0702064
-0.04467906;-0.4752986;-0.08116512
-0.030079186;-0.44898888;-0.0836821
0.023788214;-0.2779411;-0.27319568
0.05545635;-0.037977897;-0.27480653
-0.0033888244;0.16024268;-0.21359523
-0.100562625;0.22819415;-0.1521262
-0.28709072;0.2575553;-0.14045095
-0.39998507;0.26854426;-0.031110758
-0.41022244;0.2898354;-0.0123886075
-0.25747484;0.28499332;0.065089114
-0.123557985;0.15299466;0.04582129
-0.13322139;-0.0026042734;-0.08209296
-0.21556148;-0.12395842;-0.24067438
-0.27557418;-0.21166673;-0.2019145
-0.3165531;-0.23183338;-0.1615316
-0.23371123;-0.13546671;-0.13235028
-0.074468985;-0.020873368;-0.012130223
-0.05957519;-0.016698694;-0.009704179
0.10351173;-0.038358957;0.104736656
0.13866876;-0.10256217;-0.0037106744
0.082028754;-0.16017473;0.02828146
0.038669877;-0.13751478;0.066375166
0.06921715;-0.050636828;0.10935014
0.16474873;-0.012384462;0.13748011
0.23726773;-0.00990757;0.109984085
0.25075167;-0.017301057;4.87269E-4
0.16817947;-0.032590844;0.0066398154
0.06735608;-0.047947675;0.0053118523
-0.024630764;0.01789186;-0.058250517
-0.027126485;0.15806349;-0.015350414
-0.036935564;0.19832578;0.025219668
-0.08540782;0.20866063;0.051425736
-0.114029385;0.21692851;0.08489059
-0.11427038;0.0829178;0.10541247
-0.10313506;-0.052415755;0.021829976
-0.023133045;-0.035682604;-0.013786019
0.035399813;-0.050421085;-0.048528817
0.0072261007;-0.059086867;-0.076323055
-0.034453493;-0.016019493;-0.079808444
-0.073656544;0.018434405;-0.0013467534
-0.08001899;0.033497524;0.0364226
-0.056202687;0.045548018;0.03538808
-0.016446527;-0.0010615847;0.047060464
0.007936529;-0.028974269;-0.06235163
-0.04521328;-0.045054413;-0.1311313
-0.12757687;-0.020418532;-0.098655045
-0.16378024;-0.038209826;-0.066424035
-0.12711795;-0.05244286;-0.121889226
-0.08450686;-0.07945429;-0.078761384
-0.054324236;-0.06981343;-0.063009106
-0.026271889;-0.040225744;0.018342715
7.623861E-5;-0.0728056;0.033424173
0.00787349;-0.042619478;-0.035760663
0.05395504;-0.024720581;0.01514147
0.09511716;-0.038526464;0.012113176
0.0741406;-0.024571171;-0.034059457
0.030406231;-0.010281937;0.06025243
0.036043737;0.03552445;0.029451946
0.07453811;0.05341956;-0.013938443
0.10181799;-0.04788935;0.020099245
0.093173146;-0.17581148;0.0035793965
0.08196039;-0.21252419;-0.034636483
0.042521436;-0.12626936;-0.06520919
0.028548399;0.030234521;-0.05216735
0.034166843;0.11481262;0.05201612
0.08475535;0.1324751;0.0666129
0.13499178;0.105980076;0.07829032
0.12908718;0.04415906;0.050132252
0.093504116;-0.08029775;0.0651058
0.044334542;-0.1611132;0.008334642
0.023748884;-0.17576556;-0.037082285
-0.0075633936;-0.05936245;-0.03591583
0.00918366;0.11501004;-0.003732663
0.10890943;0.15763304;0.12201387
0.16349474;0.019856427;0.022611097
0.08294422;-0.16223986;-0.113161124
-0.04458212;-0.07354189;-0.0655289
-0.09699383;0.1880415;-0.02742312
-0.06431381;0.2691832;-0.028188495
-0.0053572967;0.13097155;0.046199203
0.070323534;-0.029597757;0.13070937
0.07735258;-0.1549282;0.0045674904
-0.07014918;-0.12394256;-0.24947101
-0.19400997;-0.039779052;-0.3058268
-0.2759111;-0.019323241;-0.23216145
-0.2629164;-0.059208594;-0.15447916
-0.2118956;0.06825813;-0.08920833
-0.12967274;0.2421065;-0.02136666
-0.14748819;0.2343102;-0.10459333
-0.1890843;-0.02505184;-0.07742466
-0.07236119;-0.29504147;0.13181026
0.30929855;-0.3579082;0.6991982
0.6496361;0.26054847;0.8718586
0.9735663;0.9178138;0.57873684
0.9298296;0.553001;-0.12451051
0.506559;-0.56697416;-0.5839834
0.12387818;-1.4598293;-0.43593672
0.091445684;-1.3678635;-0.058124382
0.22438946;-0.2880408;0.20975049
0.3403514;0.71956736;0.3553004
0.24923426;0.7444039;0.2529903
-0.01877666;0.067398116;-0.035107747
-0.18543148;-0.57420653;-0.2843362
-0.24981003;-0.5249902;-0.26184395
-0.259223;0.19875784;-0.012600167
-0.22456592;0.83400625;0.18366987
-0.1931293;0.85783;0.034435894
-0.17169094;0.351889;-0.10995129
-0.21391524;-0.2341138;-0.19421102
-0.26117125;-0.45916602;-0.2741188
-0.22807764;-0.31733283;-0.25367007
-0.18441524;-0.13511626;-0.22168605
-0.16276656;0.016906992;-0.12109884
-0.11497887;0.07602559;-0.08125407
-0.059561223;0.054570474;-0.07437826
-0.0015552297;-0.04071862;-0.050127603
0.06008394;-0.12944989;0.025522916
0.13615309;-0.07230992;0.12979333
0.26966465;0.0077770664;0.19758467
0.33065176;0.028096654;0.20806773
0.26452142;0.022477323;0.16645418
0.25375277;0.05548186;0.08941335
0.19340748;0.044385485;0.08403068
0.093471095;0.029258389;0.11097454
0.046041526;-0.03596829;0.07627963
-0.003352325;-0.016274631;0.011023708
0.016458765;0.011980295;0.008818966
0.024641622;0.003334236;0.044555172
0.013951578;-0.02233261;0.023144139
0.0226847;-0.11474109;-0.04398469
-0.06227216;-0.14491788;-0.12268775
-0.19337241;-0.109684296;-0.1450252
-0.20840888;-0.0064974376;-0.13164516
-0.14563334;0.12917705;-0.005316129
-0.15674105;0.07521664;-0.048002902
-0.2076194;0.078923315;0.042847678
-0.16804865;0.12251365;0.090528145
-0.06178267;0.07301092;-0.1807025
-0.05137926;-0.063466266;-0.010186989
-0.09266591;-0.09452301;0.1356004
-0.022570226;-0.009993409;0.014730327
0.033701632;-0.007994727;-0.09446574
-0.0056558824;-0.09077078;-0.1349476
-0.083040334;-0.20386663;-0.15483308
-0.104713514;-0.2662183;-0.083241455
-0.09314581;-0.26297465;0.08028183
-0.08428227;-0.10100471;0.10172547
0.057183556;-0.04017877;0.3126304
0.30805153;-0.20401801;0.5938543
0.6196834;-0.5538394;0.9938334
0.88832486;-1.1243216;1.0950668
0.8391755;-1.4682072;0.9823034
0.15219979;-0.5839408;0.79209274
-1.2762871;1.2140974;0.4336742
-1.9007171;2.033778;0.99068934
-1.0830737;1.6629598;1.1300515
0.23861915;0.80693036;0.21029118
1.1940203;-0.060705714;-0.36926705
1.2212319;0.038935427;0.66083634
0.41233706;0.74052334;1.2099191
0.5445181;0.77366865;0.5054353
0.62897384;0.6158099;0.22934821
0.4359916;1.1629604;0.03972857
0.72965264;0.96630585;-0.38696715
1.4555972;-0.7425803;-0.6720737
1.2957277;-2.0409393;-0.756409
0.3842384;-2.1483765;-1.2801272
-0.43753114;-1.5530761;-2.2491016
-0.64689994;-0.4330859;-2.8774064
-0.4466215;1.0879062;-2.8644252
0.069851235;2.3422;-2.20404
0.5519747;2.8745413;-1.0632321
0.5118923;1.9605706;0.05253934
0.004045083;0.14580016;0.30453148
-0.62703735;-0.82867235;0.23425017
-1.1621767;-0.4535629;0.14052515
-1.180718;0.35121217;-0.34695488
-0.74730873;0.70909476;-0.4244389
-0.3219681;0.9813383;-0.18955113
-0.3666565;1.1460081;0.095234096
-0.6476221;0.587119;0.12931228
-1.0079414;-0.4709298;0.44094983
-1.4461969;-1.3142438;0.46213487
-1.7038325;-1.62327;0.5103329
-1.681816;-1.089241;0.5145163
-1.2407653;-0.0057678428;0.5116131
-0.63636225;0.9406982;0.70929044
-0.17940229;1.1291211;0.8111824
-0.068521835;0.40173435;0.77394587
-0.30481747;-0.36455;0.8441567
-0.590729;-0.763515;0.7190754
-0.5413332;-0.723312;0.4690103
-0.26900405;-0.5442746;0.35645825
-0.046453234;-0.5197947;0.29766658
0.014399912;-0.39396074;0.10063327
0.0052699293;-0.052668598;-0.106993385
0.071403444;0.14536512;-0.2355947
0.20243526;0.0850421;-0.032225765
0.2931982;0.04928368;0.042969387
0.34862107;-0.035573058;-0.00937449
0.38045934;-0.16595845;-0.06374959
0.38249248;-0.08901676;-0.18224968
0.355994;0.031911593;-0.18329974
0.26995143;0.069279276;-0.2091398
0.11439865;0.05229842;-0.25481182
0.04933142;0.0043387366;-0.18509947
0.15430889;-0.002779011;-0.016829573
0.32657212;0.1634018;0.0052863415
0.5026639;0.20259643;-0.033270925
0.43806866;0.10270215;-0.13911673
0.28717366;0.11966172;-0.13004339
0.26645768;0.23947938;-0.047784716
0.35261926;0.3259585;0.05552223
0.45240793;0.3888918;0.17566778
0.53848886;0.34548843;0.17803423
0.53977543;0.19982825;0.16117738
0.54275787;0.16767511;0.110191904
0.6161399;0.08257758;0.21940352
0.6403728;0.022312066;0.16927283
0.5812436;-0.008712849;0.022918256
0.48403785;-0.23822027;-0.0879154
0.35090214;-0.47495124;-0.15158232
0.22329985;-0.564336;-0.09001585
0.19778049;-0.4358438;-0.09076268
0.2769744;-0.32367504;-0.041360147
0.38427484;-0.24019001;0.010661883
0.3878886;-0.17340201;0.033529505
0.30054528;-0.21684662;0.1205736
0.12578778;-0.2859773;0.15895888
-0.10239712;-0.38815683;0.10841711
-0.2753015;-0.41677547;0.024233686
-0.24897654;-0.23967037;-0.01811305
-0.1130118;0.011388701;0.03550956
-0.07508962;0.11536096;0.022157647
-0.11751798;0.017288769;0.08647612
-0.21847728;-0.042418987;0.13168089
-0.24362947;0.037939813;0.080344714
-0.19490358;0.03035185;0.06427577
-0.17896974;0.08990648;0.026420617
-0.14122267;0.19067518;-0.060113505
0.019101944;0.32129014;-0.07934081
0.1895003;0.32890713;-0.11972264
0.23778188;0.23187569;-0.008278115
0.20751067;0.10425056;0.005877508
0.118059315;0.09277544;-0.057797994
0.086830266;0.014845355;-0.014988394
0.1364564;0.033751283;0.025509285
0.26238778;0.080126025;-0.029592572
0.39760554;0.007850822;-0.04867406
0.5036313;-0.09996934;-0.051439248
0.48923317;-0.21122548;0.0025986028
0.5062303;-0.18148038;0.027078882
0.5620155;-0.14518431;0.021663105
0.66992486;-0.047397442;0.123580486
0.75390863;0.07145704;0.28011438
0.7812519;0.20404063;0.26159152
0.7750015;0.29135752;0.2405232
0.67156374;0.233086;0.29866856
0.534126;0.15521881;0.20143485
0.3366758;0.055425044;0.16114788
0.14277813;-0.11190996;0.1226683
-0.020152496;-0.19890296;0.12938465
-0.17315325;-0.10912238;0.21600771
-0.38149133;0.0033270984;0.30405617
-0.54503685;-0.034838323;0.26199493
-0.68446696;0.015879342;0.17834595
-0.75069857;0.27832848;0.10517676
-0.6560276;0.5711003;0.021641409
-0.42716584;0.66938025;0.017313126
-0.19446704;0.6089417;-0.036149498
-0.14190176;0.33715335;-0.2351696
-0.25141203;-0.17715232;-0.45688567
-0.41187182;-0.54484683;-0.52175856
-0.5688041;-0.4015025;-0.53615683
-0.59864676;-0.014951991;-0.46642548
-0.5210073;0.3177259;-0.43564036
-0.3862394;0.38386822;-0.4047623
-0.31280014;0.36959457;-0.38630983
-0.27133384;0.32536316;-0.45279786
-0.26296553;0.15716553;-0.5278633
-0.30412242;-0.038330074;-0.54104066
-0.36790732;-0.24628906;-0.3922075
-0.505068;-0.30640626;-0.34189102
-0.7142107;-0.32325;-0.2860128
-0.81824356;-0.199225;-0.19443524
-0.76943856;0.018745001;-0.0649232
-0.6866446;0.049371;0.13243644
-0.70009696;0.0926218;0.34344915
-0.8085151;0.116284944;0.49975932
-0.92181206;0.03209045;0.66230744
-1.0702622;-0.030577637;0.65484595
-1.0593348;-0.06508711;0.65512675
-0.8974678;-0.17081968;0.5366014
-0.7195367;-0.29603076;0.51678115
-0.65844184;-0.4274496;0.43842492
-0.687691;-0.5982097;0.27573994
-0.6985903;-0.61606777;0.22059195
-0.57762223;-0.3272292;0.13897355
-0.26366028;-0.07115836;0.06117884
0.065634266;-0.06630169;-0.051056925
0.13531992;-0.14991635;-0.14084554
4.4343146E-4;-0.21993308;-0.17517643
-0.041832756;-0.15094647;-0.30264115
0.046221297;0.04174283;-0.4858629
0.12916453;-0.079105735;-0.6324403
0.05489413;-0.1695346;-0.5465773
-0.009209696;0.09562233;-0.23413682
0.120757245;0.15149786;0.27519056
0.1887933;-0.25067672;0.120152436
0.15415964;-0.55054134;-0.57575303
0.32332772;0.12831691;-0.8731024
0.62741214;1.1214036;-0.81723195
0.6878672;0.76118535;-0.58191055
1.0409188;-0.26136425;-0.62802845
1.5257038;-0.2028414;-0.72429776
1.6858462;0.06897689;-0.2575632
1.5382766;0.2645565;0.097074434
1.4890198;0.5897702;0.30890954
1.2123095;0.6983787;0.37212765
0.88937885;0.58995295;0.5695771
0.52009684;0.19071235;0.33066168
0.28775716;-0.014617624;0.023904352
0.5788385;0.3086184;0.20349848
1.0677583;0.7828322;0.15654878
1.3940504;0.9637658;0.08148903
1.3980528;0.8538251;-4.3377798E-4
1.2559422;0.8986851;-0.094097026
1.1203789;0.9017606;0.115347385
1.1041156;0.55578345;0.3735279
1.0707924;-0.05537323;0.5550723
0.79100895;-0.5817986;0.47530785
0.29999465;-0.74668884;0.13024628
-0.04125427;-0.6598511;-0.02080297
-0.13300341;-0.68725586;0.014607624
-0.14077774;-0.7810547;0.1429361
-0.16887219;-0.77171874;0.5018489
-0.29291025;-0.792375;0.8139791
-0.4124532;-0.9214;0.9011833
-0.52215004;-1.027745;0.57094663
-0.6130325;-0.894071;0.2630073
-0.5724573;-0.5058818;0.07915584
-0.4603096;0.042169556;-0.23667532
-0.19324766;0.48061064;-0.65809023
0.13446437;0.5001135;-0.8639722
0.19194649;0.15946582;-1.2130527
0.076994695;-0.08492735;-1.4923172
-0.018872993;-0.21794188;-1.3251038
0.12787035;-0.5931035;-0.256958
0.30073377;-2.090108;1.7850586
-0.9683973;-3.9533362;3.521797
-3.161046;-4.400169;3.5986874
-3.0913367;-2.507635;1.0477
-0.8379132;-0.25610816;-1.10559
0.9304507;1.2826135;-1.8969721
1.3592043;2.1604657;-1.9644526
0.8725197;2.1314976;-1.462187
0.69801575;1.705198;-1.1697496
-0.20154834;0.89540845;-0.8232997
-0.89073086;0.056951784;-0.54301476
-1.0575066;-0.041938573;-0.29378682
-0.78819275;0.46019915;-0.18190446
-0.19227295;0.5619093;0.09197643
0.14300781;0.34952745;0.41420615
0.06845899;0.26399696;0.6876149
-0.26115078;0.21744756;0.7188419
-0.40794405;0.26458305;0.31257355
-0.07186306;0.41166645;0.18755883
0.21826638;0.46683314;0.056297068
0.40432504;0.31096652;-0.06746235
0.4250225;0.04252322;-0.14146988
0.22693208;-0.25348142;-0.1631759
0.06484644;-0.47466013;-0.41179073
0.074826375;-0.6953531;-0.37005758
-0.049269762;-0.7812825;-0.08667106
-0.18873222;-0.41252598;-0.16308685
-0.14527288;0.08872921;-0.11171948
0.0044115777;0.40223336;0.13562442
0.047596645;0.4592867;0.12099953
-0.12276253;0.34555435;-0.0032003734
-0.29542682;0.16081849;-0.024435299
-0.2996227;-0.09947021;-0.075798236
-0.12270597;-0.34520116;-0.029388592
0.08552662;-0.46366093;-0.08288588
0.11438077;-0.38030374;-0.1944337
-0.023400167;-0.226118;-0.28367195
-0.07809513;-0.1308944;-0.22381257
-0.08161673;-0.07971552;-0.06967505
-0.044199634;-0.035647415;-0.06511504
-8.870522E-4;0.0058570676;0.010407966
-0.038990892;0.060935654;-0.0041736276
-0.15951303;0.045623522;-0.0783389
-0.14675105;0.030248819;-0.12204612
-0.12892428;0.021074055;-0.1570119
-0.1873191;0.010609244;-0.044359516
-0.17094904;0.045987394;0.13013738
0.012654834;0.093039915;-0.09589009
0.16129574;0.052556932;0.09516293
0.33968112;-0.017329454;0.41675535
0.2717449;-0.19198856;0.095904276
0.031653732;-0.25359085;-0.17327659
-0.093329355;-0.13724768;-0.097996265
-0.24888223;0.033951856;-0.172147
-0.28719172;-0.016588515;-0.10021761
-0.30436274;-0.13827081;0.09482591
-0.14778708;0.13000835;-0.26476428
0.14973909;0.43213168;0.085063584
0.30936036;0.43633035;0.34617588
0.28003833;0.099064276;0.19569069
0.1723339;-0.3019986;-0.052822445
0.063196704;-0.42284885;-0.098507956
-0.026053965;-0.3164041;-0.09443136
-0.007464266;-0.18124828;-0.11617009
-2.0969387E-4;-0.09499862;-0.11168607
0.013308807;-9.988946E-4;-0.09872386
-0.004684985;0.058575884;-0.050854087
-0.06497846;0.05623571;-0.03130827
-0.11721714;0.048113566;0.006203384
-0.09748465;0.069740854;0.07996271
-0.07427678;0.09016768;0.029595166
-0.07094486;0.078384146;0.06742613
-0.064373076;0.04083232;0.038315907
-0.043881275;0.029540854;-0.038097274
-0.03510502;0.0017576827;-0.05547782
-0.03374808;-0.029843854;-0.044382256
-0.019381275;-0.020750083;-0.016755804
0.0018777922;-0.047850065;0.095970355
0.012830359;-0.100780055;0.042401284
0.07354554;-0.064999044;-0.025453972
0.11049659;-0.008249234;-0.020363178
0.14010625;-0.031599388;0.10245946
0.09484868;-0.07840451;-0.014907434
-0.0045898105;-0.072098605;-0.024425946
-0.122421846;0.039196115;-0.0039157574
-0.14383592;0.1751069;-0.015632605
-0.093974985;0.17446052;-0.0125060845
-0.01775811;0.089568414;0.14312012
0.093020074;-0.034595273;0.3144961
0.1415059;-0.18705122;0.27659687
-0.051541373;-0.21214098;-0.025597492
-0.21349873;-0.06971278;-0.248603
-0.15751773;-0.030770224;-0.2176324
-0.16234231;0.016008822;-0.058480915
-0.23885822;0.19093205;0.059465267
-0.2180397;0.52774566;0.10694721
-0.09591614;1.0190715;-0.09569223
-0.14196728;1.2965072;-0.29217878
-0.31279257;0.88408077;-0.39936802
-0.34203094;0.15413962;0.11488058
-0.474406;-0.43606332;0.63877946
-0.30843106;-0.8519756;0.13914856
0.25638017;-0.9190805;-0.035556145
0.47893226;-0.7352644;-3.1991495E-4
0.33724737;-0.44446152;0.30286908
0.1340557;0.20693077;0.28604525
0.19318207;0.8280446;0.3600862
0.46282202;0.9061857;0.36931896
0.6690125;0.54682356;0.15795517
0.6385303;-0.034416154;-0.21738586
0.35945708;-0.3181579;-0.2926587
0.18424533;-0.43890134;0.09087305
0.2087244;-0.34174606;0.26644844
0.2683467;0.15472814;0.28190875
0.2933883;0.5269075;0.256777
0.28607783;0.524651;0.1429216
0.1966357;0.2728458;0.07058728
0.109261684;-0.0035983527;0.018969825
-0.012004715;-0.32787868;0.02142586
-0.1992278;-0.37480295;0.11714069
-0.3891918;-0.38421735;-0.25003746
-0.27492768;-0.21674888;-0.26565495
-0.21994214;-0.1733991;-0.21252397
-0.19509433;0.15815571;-0.12939417
-0.24611452;0.19527458;-0.08476534
-0.24669631;0.0030946566;-0.06156227
-0.2623961;-0.031899273;0.0070001828
-0.30757314;0.07448058;0.09935015
-0.24605851;0.15645947;0.091980115
-0.15856555;0.28454256;0.048584092
-0.10185245;0.40575907;0.051367275
-0.089294456;0.34023225;0.00984382
-0.19409181;0.12843579;-0.10462494
-0.3294922;0.0027486372;-0.15557496
-0.31320313;-0.03217609;-0.09320997
-0.17985938;-0.16949087;0.041057028
-0.053653132;-0.1137177;-0.092154376
0.161765;0.015275842;0.1325265
0.2653495;-0.16277933;0.2622712
0.0935296;-0.34584847;0.21606696
-0.15681694;0.12644623;0.029103568
-0.23092231;1.035532;0.029532854
-0.2855191;1.3221756;0.13612628
-0.5659153;0.41711548;0.402651
-1.623826;-1.4006826;0.13462082
-2.9584358;-2.3205462;-0.15480335
-2.7417486;-3.265812;0.7074073
-1.1433989;-3.2126496;0.63467586
0.4118434;-1.5826195;0.7139907
0.51384974;0.24640432;1.9086926
0.065767266;1.4408735;1.995704
1.6244888;1.2620738;0.5153132
2.375763;0.440909;-0.6502494
1.4468018;0.31835222;-1.2201996
1.2244335;1.0109317;-1.1949096
1.6956601;1.5962454;-1.0434277
1.6401218;1.5238713;-1.0034921
1.5394412;1.3425345;-1.2152938
1.5307717;0.92246515;-1.340985
1.4902424;0.5254721;-1.091538
1.6140689;0.9547527;-0.8982304
1.5834427;1.5200522;-0.7342093
1.3214417;1.1394793;-0.62486744
1.0946532;0.36002088;-0.37801895
0.95853513;0.023954205;-0.089915164
0.8496406;0.09103836;-0.096932136
0.77033746;-0.01935681;-0.17754571
0.6865825;-0.29361045;-0.051411565
0.8320785;-0.07863836;0.08699575
0.9187878;0.13083932;0.0727216
0.6850302;-0.02657855;0.18317728
0.4730242;-0.29626283;0.47466683
0.36904436;-0.57138526;0.67348343
0.23586048;-0.5789832;0.6200368
0.16681339;-0.45693657;0.5772794
0.12095071;7.574108E-5;0.41182354
0.13426057;0.4297481;0.31070882
0.085533455;0.06723598;0.69231707
0.10592676;-0.4368362;1.0226036
0.25036642;-0.44009396;1.0930829
0.25966814;-0.28020018;0.99321634
0.0921095;-0.31791013;0.85707307
-0.0950624;-0.4824531;0.6919085
-0.19167492;-0.4484625;0.56602675
-0.29552743;-0.21502;0.4153214
-0.40360945;-0.028265996;0.057257127
-0.40570006;0.3523872;-0.29169428
-0.37299755;0.56003475;-0.32710543
-0.32808554;0.4542778;-0.19293435
-0.21559343;0.45404726;-0.12309748
-0.17247474;0.6023003;-0.36097798
-0.2692298;0.82246524;-0.66378236
-0.36225882;0.8235972;-0.76227593
-0.44293207;0.63387775;-0.6348207
-0.5730957;0.2367897;-0.6016066
-0.79441404;-0.39494324;-0.69066024
-0.8027187;-0.48470458;-0.5744032
-0.617175;-0.0018261725;-0.44702256
-0.49999;0.31416407;-0.40136805
-0.46561697;0.24195625;-0.44296944
-0.5349936;0.043565;-0.38875055
-0.6592449;-0.1292105;-0.30475044
-0.7820834;-0.23774341;-0.27192536
-0.85340106;-0.18081972;-0.30504027
-0.8245177;0.016281724;-0.31903222
-0.80727047;0.17865038;-0.28022578
-0.77589446;0.29917032;-0.31480563
-0.74708277;0.32996124;-0.3268445
-0.67237324;0.17803149;-0.1739756
-0.60489076;-0.08257481;0.01081952
-0.6467056;-0.18480985;-0.022594385
-0.7259582;-0.049410377;-0.14307551
-0.7073291;0.1839092;-0.1675854
-0.6959414;0.34400237;-0.11219332
-0.7387844;0.38926437;-0.01162966
-0.77501184;0.33953652;0.16257127
-0.799697;0.14662921;0.26755702
-0.8546013;-0.13738413;0.41092062
-0.81336856;-0.27084482;0.5068615
-0.75225735;-0.049488347;0.5804892
-0.6947746;0.14947182;0.7081413
-0.7136322;0.27113995;0.7102631
-0.7912183;0.15441197;0.71821046
-0.7954746;-0.11240792;0.86206836
-0.6723172;-0.13523884;0.9771547
-0.55816627;-0.022253573;0.9317238
-0.5824705;-0.089677855;0.851629
-0.6581639;-0.37330478;0.9188032
-0.66871864;-0.42051882;1.0100425
-0.6255999;-0.28641507;0.970534
-0.55516744;-0.05100705;0.93892723
-0.52850896;0.14513186;0.8323918
-0.61343217;0.14891799;0.72216344
-0.8469957;-0.17149061;0.6714808
-1.0088465;-0.5496925;0.5621846
-0.90395224;-0.717879;0.36849767
-0.6419118;-0.7555532;0.14479814
-0.29165444;-0.6606926;-0.027911486
-0.23332356;-0.528554;-0.022329189
0.08209115;-0.49159324;-0.18661335
0.38442293;-0.3838996;-0.33679068
0.73253834;-0.21336967;-0.55693257
0.9750932;0.035554264;-0.68304604
1.1800746;0.3221934;-0.77768683
1.2424971;0.5140047;-0.84089947
1.2408727;0.5877663;-0.7977196
1.1575419;0.59208804;-0.80692565
1.0885335;0.59398293;-0.98929054
1.0356705;0.53456134;-0.9976824
1.0449427;0.57296157;-0.9481459
1.0599777;0.62243176;-0.90226674
1.0624352;0.6370079;-0.7843134
1.0241425;0.49554384;-0.7118257
0.9188501;0.25268507;-0.6163356
0.867209;0.13339804;-0.35244346
0.81447035;0.17078094;-0.22257976
0.77013093;0.27256224;-0.24681382
0.7274329;0.3789873;-0.22557606
0.6756963;0.32975233;-0.16171084
0.54797894;0.19192687;-0.16999367
0.4348675;0.014478997;-0.13599494
0.37836277;-0.0665418;-0.102545954
0.3507371;0.0014540585;-0.09766176
0.33215216;0.013663247;-0.046879407
0.31884673;0.054680597;-0.009378526
0.2722649;0.11561948;-0.0075028213
0.18578066;0.11905808;0.043997742
0.05878078;0.031183966;0.032073196
0.023977747;-0.032865327;0.038158555
0.22035408;0.014332738;0.11490184
0.47315827;0.0067786905;0.23567148
0.5160266;-0.124264546;0.3010372
0.37454003;-0.32128665;0.34707975
0.20588203;-0.4851543;0.4276638
0.095955625;-0.52406096;0.560881
0.013483248;-0.50206125;0.63620484
-0.044682153;-0.4969615;0.72146386
-0.038089473;-0.4788192;0.7771711
-0.059377827;-0.48305535;0.77173686
-0.14828351;-0.5801943;0.8298895
-0.21862681;-0.82978046;0.9451616
-0.3756827;-0.8200743;0.8436293
-0.42710865;-0.54980946;0.6624034
-0.3912963;-0.41172257;0.5299227
-0.39741203;-0.51062804;0.42393818
-0.41167963;-0.6647524;0.32665056
-0.39262494;-0.56930196;0.17382044
-0.23753746;-0.38356656;0.082806356
-0.12870185;-0.27560326;0.053745084
-0.10296148;-0.21423261;-0.019503934
-0.08236918;-0.20576109;-0.065603144
0.05090153;-0.22398387;-0.014982518
0.1325181;-0.1416871;0.006763986
0.1673426;-0.016474675;0.024161188
0.21629596;0.06807026;-0.02442105
0.32381803;0.020081209;-0.050786838
0.3856169;-0.033935033;-0.09062947
0.31083727;0.0072269733;-0.08500358
0.23851357;0.12140658;-0.08675286
0.18377961;0.20962526;-0.15690228
0.17905493;0.2427002;-0.16927183
0.17449395;0.30666018;-0.19166747
0.09740766;0.39845315;-0.16583396
0.006832378;0.4437625;-0.16391718
-0.046096597;0.39251;-0.24988374
-0.05250228;0.329633;-0.41240698
-0.06075182;0.41995642;-0.6236756
-0.027507707;0.56409013;-0.78019047
-0.050912417;0.7418971;-0.8866524
-0.117292434;0.74664265;-0.7468219
-0.2508652;0.57075167;-0.5287075
-0.44971558;0.4769138;-0.354216
-0.56074905;0.42684355;-0.23962282
-0.49078673;0.41959983;-0.19169825
-0.38305908;0.38880488;-0.2283586
-0.34277537;0.3126064;-0.3389369
-0.36996615;0.24227262;-0.3930245
-0.44339114;0.23288059;-0.4331696
-0.5480723;0.35505447;-0.54341066
-0.5876766;0.4965436;-0.6128535
-0.55061;0.44879737;-0.49965784
-0.5115818;0.3481004;-0.32472628
-0.48778102;0.36441782;-0.19728102
-0.51249045;0.36653426;-0.17969981
-0.5342111;0.3822899;-0.14688484
-0.5922126;0.38864443;-0.13000788
-0.61361384;0.44685304;-0.1165063
-0.5658911;0.46216992;-0.07133004
-0.5464629;0.3064547;0.042935964
-0.62701404;0.091257505;0.13747378
-0.7531737;-0.1723065;0.400604
-0.83535147;-0.3128452;0.64235824
-0.8307812;-0.21121366;0.6576366
-0.7318125;-0.076783426;0.6511093
-0.62607497;-0.05205174;0.64588743
-0.597735;-0.1150789;0.6542099
-0.6485005;-0.13737561;0.6421179
-0.7016129;-0.20052549;0.60744435
-0.7659778;-0.2963579;0.6797055
-0.85028225;-0.3714613;0.7937644
-0.9427258;-0.41123155;0.7725115
-0.98230565;-0.37117276;0.5805092
-0.7858445;-0.3188132;0.43940738
-0.5474256;-0.39255056;0.3827759
-0.43169048;-0.5171654;0.2312207
-0.3266024;-0.70748234;0.14122657
-0.21440691;-0.9378609;0.0129812565
-0.10277553;-1.0534137;-0.11461499
-0.019720422;-0.898981;-0.141692
-0.012651338;-0.6191848;-0.13210359
0.04612893;-0.3109728;-0.19318287
0.24627814;-0.030028254;-0.3107963
0.42671;0.097852394;-0.54238707
0.4960555;0.18140692;-0.7214096
0.39684442;0.14512554;-0.5771277
0.37841302;0.3379754;-0.77420217
0.44960544;0.5203803;-0.5943617
0.59405935;0.75067925;-0.35673937
0.88462245;1.0255435;-0.1478915
1.198323;1.0673097;0.119186796
1.1555334;1.0741603;0.020349434
0.93770796;0.40932822;0.14752954
0.89626014;-0.77878743;0.28677365
0.8646643;-0.94334245;-0.17058109
1.093294;-0.26404893;-0.33646488
1.2635024;0.34344834;-0.3941719
1.2672961;0.29975867;-0.5278375
1.5383974;0.30074444;-0.95977
1.8342335;0.96872056;-1.067816
1.8041055;1.1749765;-0.4855028
1.3362532;1.1321687;-0.025902247
0.79478383;0.6487037;0.3730282
0.18621768;-0.4224433;0.28592256
-0.27426806;-0.76295465;0.02873805
-0.139141;-0.02130122;0.05111544
0.34610906;1.0743653;2.673516E-4
0.7120435;1.1794142;-0.018536119
0.7555723;0.1814219;-0.0710789
0.48883286;-0.87908125;-0.27561313
0.07309753;-1.1860775;-0.1298655
-0.266522;-1.1004245;0.2992326
-0.3839207;-1.1537771;0.6018861
-0.3626053;-1.3698967;0.7565089
-0.34164676;-1.6177924;0.8114571
-0.42273146;-1.5848589;0.6929157
-0.49892735;-0.98976207;0.63558257
-0.37238407;-0.7043097;0.639716
-0.114118196;-0.9415727;0.5617728
0.03136169;-1.0345082;0.44941825
0.0039956034;-0.9119816;0.4470346
0.06804023;-0.72958523;0.5763777
0.36693218;-0.5399182;0.6486021
0.5115145;-0.69755954;0.5251317
0.3482741;-1.3580476;0.6013554
-0.15809947;-1.3270631;0.2060843
-0.3659327;-0.3210255;-0.36013255
-0.08415241;0.6806796;-0.79435605
0.17408432;1.0351686;-0.89798486
0.097079955;0.8656349;-0.87463784
-0.15788291;0.520633;-0.7622103
-0.37698993;0.26650637;-0.6722682
-0.5409474;0.27883008;-0.58781457
-0.6185001;0.5886891;-0.4640017
-0.5656985;0.8053263;-0.48682633
-0.39884788;0.388011;-0.41446108
-0.33060175;-0.2645912;-0.078443855
-0.39827046;-0.38979796;0.11224492
-0.4068976;-0.021213364;0.28354594
-0.16653372;0.5205293;0.33933675
0.063940994;0.8195484;0.3277194
0.10281295;0.5993888;0.27467552
0.09372497;0.19513601;0.107240416
0.15924664;-0.087641194;-0.20170768
0.2556795;-0.14511296;-0.27386615
0.23139904;-0.07859036;-0.11909291
0.21383017;-0.040997293;-0.057774328
0.18825164;-0.11717283;-0.07746946
0.0682771;-0.124988265;-0.18072557
0.016340425;-0.090615615;-0.088330455
0.10496687;-0.10999249;0.029335637
0.34637585;-0.23486899;0.11721851
0.3384288;-0.3722702;0.11252481
0.10218835;-0.33531615;-0.034980156
-0.15960674;-0.12450293;-0.22173412
-0.3612303;0.13477266;-0.0023872987
-0.33498034;0.32031813;-0.08315984
-0.09756191;0.24062951;-0.15402786
-0.053159393;0.0362536;-0.18572229
-0.19184393;-0.09912212;-0.19857784
-0.2740806;-0.2105477;-0.19011226
-0.28059262;-0.20906316;-0.13333982
-0.17076315;-0.117250524;-0.019171853
-0.010340989;-0.06880042;-0.0028374824
0.053006507;0.038709663;-0.027269986
0.096018486;0.13721773;0.071934015
0.11510672;0.16289918;0.07004721
0.1514497;0.111569345;0.068537764
0.14410898;0.039255477;0.017330214
0.14785554;0.015779383;-0.011135829
0.13361646;-0.028001493;0.009841337
0.13179551;-0.041151196;0.04537307
0.12262391;-0.048545957;0.030048456
0.10962257;-0.082586765;0.030288765
0.032131646;-0.091069415;-0.019518988
-0.018288823;-0.07598053;-0.009365191
-0.026154496;-0.042034425;0.011257848
-0.0362068;-0.018002538;-0.04724372
-0.055796493;-0.005027031;-0.05654498
-0.069521226;0.002228375;-0.06398598
-0.08625053;-0.0013422999;-0.051188786
-0.026873957;-0.00419884;-0.0097010285
-0.008108052;-0.009609072;-0.0015108228
0.018391488;0.011062742;-0.0137086585
0.041519832;-0.028649805;-0.010966927
0.00260063;-0.019794844;-0.040023543
-0.009418519;-0.031460878;-7.6883304E-4
-0.020938136;-0.0470437;0.011884933
-0.024404317;-0.00950996;-0.015492053
-0.029093767;0.05801703;-0.0061436426
-0.038591787;0.08078863;-0.017414914
-0.0059863436;0.0458809;-0.0076819314
0.0028647338;0.03045472;0.006354455
0.0022917872;0.030613776;0.017583564
0.022902766;0.011991021;0.05156685
0.016417915;-0.037282184;0.003753481
-0.032826666;-0.061075747;-0.028247215
-0.053066447;-0.0332356;-0.028847773
-0.025222933;-0.017213479;0.020671783
-0.0048585227;0.026854217;-0.0022125742
-5.9913742E-5;0.046483375;0.029479941
0.021009197;0.0465617;0.03608395
0.00915355;-0.01900064;-0.046132836
-0.017567297;-0.055825513;-0.036906272
-0.044693485;-0.03841041;-0.010775017
-0.037659086;-0.0088533275;0.010129987
0.004331655;0.014792338;0.02060399
0.022607476;-0.01004113;-0.0022668084
0.014265179;-0.023657903;-0.0018134466
0.0018357271;-0.037676323;0.017299242
0.005295486;-0.027016059;0.013839394
-0.0015070194;-0.0059878468;0.011071515
-0.0031190678;0.013959723;-0.0036427877
-0.0024952542;0.011167778;-0.00291423
0.005660657;0.008934222;-0.046081383
-0.005043313;0.010272378;-0.043115105
0.02276131;0.020717902;-0.003242086
0.03354108;-0.0053006783;0.03490633
0.022999855;-0.016740542;-0.015824934
-0.023725055;-0.016517434;-0.04390995
-0.051537722;-0.028838947;-0.041377958
-0.048871778;-0.069946155;-0.033102367
-0.03528883;-0.077831924;-0.038981892
-0.028231064;-0.03726554;-0.0124355145
-0.00725282;0.026437568;0.021301588
-0.01730128;0.07740005;0.03579127
0.020631634;0.09004504;0.0036330165
0.020335263;0.056411035;0.0029064133
0.0028618379;0.0013788275;0.027325131
0.021442302;-0.03639694;0.015610104
0.03055106;-0.04786755;-1.191645E-5
0.03977288;-0.07579404;-0.006259533
0.027985295;-0.05751023;0.0012423735
0.022388237;-0.017883185;0.0072438987
0.046621528;0.02319345;0.012045119
0.008586284;0.034179762;0.0033860952
-0.029518608;0.024218809;0.008958876
-0.0082965875;0.047500048;0.0196671
-0.0028042623;0.03175004;0.015733682
-0.015649782;-0.0027249698;8.69446E-5
-0.024009693;-0.0021799759;-0.0061804443
-0.005804435;-0.02674398;0.0013056445
0.018323982;-0.033895183;-0.0052054846
-0.00639184;-0.045866147;-0.054164387
-0.014688362;-0.055442918;-0.02458151
-0.009835712;-0.0131043345;-0.013415208
0.011284263;0.014516532;0.0017678336
0.035821844;0.061613224;0.013914267
0.034419194;0.08366558;0.023631414
0.010299027;0.07630747;0.012655131
0.013976526;0.04854597;0.016374104
0.026488839;0.0044617774;-0.0056507164
0.0135494685;-0.05580558;-0.004520573
-0.015979273;-0.09151946;-0.028616458
-0.03192557;-0.07321557;-0.022893166
-0.046608265;-0.074197456;-0.030814534
-0.010473868;-0.040607966;-0.005901627
0.0011973216;-0.0012363718;0.0077786986
-0.022021879;0.0427609;0.0062229587
-0.006130687;0.09045872;0.011228367
-0.0029880456;0.09111698;0.033982694
0.04546723;0.07289358;0.008436155
0.034469485;0.027064865;0.044248924
0.0390502;-0.03459811;0.01664914
0.0063622296;-0.049553487;-0.024180688
-6.475212E-4;-0.06151779;0.005655449
0.010956593;-0.08358923;-0.02047564
-0.0046380465;-0.060621385;-0.016380513
-0.0017817261;-0.020372108;0.03064559
0.002407627;0.0087023135;0.018266471
0.028708328;-0.002413149;0.08961318
0.11676549;0.010569481;0.19669054
0.19292411;0.14908059;0.21985243
0.22914398;0.15051447;0.15088195
0.23878393;-0.17021343;0.19570556
0.20821464;-0.51117074;0.38781443
0.20094672;-0.5339366;0.54775155
0.21075737;-0.35839927;0.48195124
-0.2756812;0.06328058;-0.070689
-0.959461;0.75687444;-0.1815512
-0.8175688;0.7992496;0.86100906
0.012302392;0.039399657;1.5763072
0.32200012;-0.41223028;1.2485458
0.010566402;-0.47353423;1.1550866
-0.37634912;-0.43507737;1.2678193
-0.65557146;-0.3011869;1.3517555
-0.68461347;-0.28157452;1.5189043
-0.21683137;-0.89088464;0.72762346
-0.0969026;-1.4908327;0.11959878
-0.10447521;-0.81141615;-0.95432097
0.22872452;0.46336707;-1.3697067
0.6634484;1.2706937;-1.3207654
0.9961884;1.3478049;-1.5503623
1.3715601;0.906369;-1.0777899
1.5449044;0.7469702;-0.5372319
1.2859235;0.8538261;-0.2610355
0.96155125;0.8049359;0.009921587
0.7551785;0.60019875;-0.017062731
0.5478928;0.30203396;-0.23240018
0.2734705;0.07600218;-0.60467017
-0.0015361034;-0.089198254;-1.0087361
-0.23872888;-0.12448361;-1.3694888
-0.38629562;0.031663116;-1.5205911
-0.3953646;0.1815805;-1.5508479
-0.33543232;0.14213939;-1.2875533
-0.4003771;0.26683652;-1.0425427
-0.5328017;0.3759692;-0.91215914
-0.66188586;0.26327536;-0.7641023
-0.8358564;0.073120296;-0.66440684
-0.9368492;-0.07587876;-0.52215046
-0.9389324;-0.07007801;-0.4364704
-0.89294285;-0.009187409;-0.4241763
-0.794823;0.073900074;-0.28309104
-0.6874209;0.20287006;-0.25772282
-0.66087425;0.26542103;-0.37805328
-0.74354315;0.22171184;-0.3930676
-0.80342823;0.14299446;-0.2707041
-0.80914885;0.16439557;-0.016563272
-0.7332566;0.22526646;0.114874385
-0.520199;0.18958817;0.2012745
-0.32553422;0.08917054;0.23914461
-0.27448988;-0.17241357;0.2788157
