1.4664062;0.44804686;7.50625
1.1239063;0.43109375;6.08
0.87178123;0.39839062;4.9015
0.70914376;0.39761874;3.86495
0.56184626;0.45012626;3.07946
0.483852;0.447601;2.438568
0.39255035;0.41198704;1.9258544
0.33904028;0.37958965;1.6219336
0.31732598;0.24976546;1.3287969
0.24995454;0.02793737;1.0755374
0.12340112;-0.06788448;0.89167994
0.03387715;-0.017979458;0.700844
0.02319547;0.08874144;0.5731752
0.041212626;0.15380564;0.42729014
0.0673451;0.11913827;0.2730821
0.10387608;0.041404363;0.13721569
0.065913364;-0.016485885;0.053522553
0.026168192;-0.0034230822;0.0115680415
0.001403303;0.06601153;0.03425443
0.006591392;0.12780923;0.12115355
0.013085614;0.124903634;0.16567284
-0.004375259;0.1264854;0.15128827
-0.019125206;0.093375824;0.096030615
-0.027018916;0.008294409;-0.029425507
-0.0044276323;-0.045708224;-0.12979041
0.040989146;-0.09906658;-0.19758232
0.051541314;-0.060503263;-0.10806586
0.068576805;-0.01168386;-0.005202688
0.040798943;-0.03278459;0.06458785
-0.018923346;-0.10630579;0.10167028
-0.08779493;-0.1998884;0.056336224
-0.05851719;-0.17319196;-0.04868102
0.020373747;-0.033475444;-0.17019482
0.075674;0.044313397;-0.22365585
0.1292892;0.042872593;-0.23517469
0.15421261;-0.02703005;-0.33188975
0.14055759;-0.10013966;-0.4342618
0.14682107;-0.20823674;-0.46615943
0.16433185;-0.35233158;-0.37917754
0.018184233;-0.5346485;-0.19084205
0.014547387;-0.42771876;-0.15267363
0.01163791;-0.342175;-0.1221389
0.009310328;-0.27374002;-0.09771112
-0.12848924;-0.29174593;0.0655811
-0.1293539;-0.06489088;0.15246488
-0.10113936;-1.5488647E-4;0.021971904
-0.02153649;0.059251092;-0.032422476
0.06480206;0.03392431;0.01781202
-0.12472086;-0.28880292;0.27049962
-0.5513392;-0.59107655;0.5413997
-0.8777901;-0.59512687;0.5893698
-0.9223493;-0.40735146;0.5152458
-0.7722544;-0.101857744;0.35594663
-0.5527645;0.1961017;-0.008992686
-0.35607877;0.39042628;-0.20094416
-0.18740207;0.33929414;-0.07950532
-0.07140603;0.23491187;0.06764574
-0.06064045;0.16878888;0.1541166
-0.17702799;0.15417174;0.17329328
-0.21798958;0.27079833;0.20738462
-0.18220416;0.1611699;0.2721577
-0.18970864;-0.2119088;0.29897615
-0.34903255;-0.4146198;0.20168093
-0.48220456;-0.35845366;0.067594744
-0.51012886;-0.3269973;-0.089674205
-0.39667732;-0.24812128;-0.20298937
-0.17373833;-0.27701265;-0.2748915
0.010374565;-0.30989137;-0.2699132
0.06191293;-0.25142872;-0.08468056
-0.22234465;-0.30856484;0.14475556
-0.4288523;-0.30622688;0.34705445
-0.66065997;-0.38677838;0.49639356
-1.0207155;-0.5812977;0.7283648
-1.0579786;-0.4939444;0.80144185
-0.77138287;-0.18031178;0.6849035
-0.4030438;0.18309432;0.5604228
-0.17087255;0.49491295;0.36708823
-0.08669804;0.64104754;0.3124206
-0.031077184;0.5683068;0.32493648
-0.077205494;0.29960394;0.21619917
-0.21879564;-0.016798789;0.16670935
-0.29378653;-0.20093903;0.22086747
-0.30143547;-0.27012622;0.33919397
-0.37708586;-0.34422597;0.49010518
-0.51104367;-0.42303702;0.52333415
-0.47914746;-0.48374212;0.41866732
-0.39894298;-0.44246244;0.14743385
-0.26290438;-0.23521996;-0.15080291
-0.1728235;-0.044816595;-0.42064235
-0.096071295;0.082896724;-0.59276384
0.08798671;0.12178613;-0.6617111
0.32507688;0.03219453;-0.63561887
0.36553025;-0.06799438;-0.5709951
0.2924242;-0.0543955;-0.45679608
0.14956436;-0.0872664;-0.38418686
0.11965149;-0.06981312;-0.3073495
-0.21677881;-0.16131924;-0.20212959
-0.2460793;-0.23608665;-0.067953676
-0.2617072;-0.3169943;0.10188706
-0.14217825;-0.39734545;-0.13724035
-0.006711351;-0.5327201;-0.37854227
0.10166217;-0.51914483;-0.22783382
0.24226724;-0.32000336;-0.12601706
0.34537628;-0.0513152;-0.10081365
0.28567603;0.11597909;-0.099400915
0.15979083;0.10059577;-0.092020735
0.08564516;-0.03671088;-0.05486659
-0.019765122;-0.14577496;-0.08139327
-0.10565585;-0.13380747;-0.052614614
-0.17827468;-0.034389723;-0.010841693
-0.20433849;0.045144472;0.010076646
-0.16893955;0.12049058;-0.029438684
-0.06405789;0.1440487;-0.067300946
0.05187869;0.11523897;-0.022590758
0.050877955;0.082816176;0.013177394
0.008671112;-0.008747059;-0.07070808
0.02803064;-0.045278896;-0.17531647
0.08336201;-0.030754369;-0.15275317
0.06903336;-0.014447244;-0.06595254
0.030226687;0.057192206;0.04723797
-0.0047249;0.041847512;0.106540374
-0.04440492;-0.08527199;0.1102323
-0.123023935;-0.10806134;0.05068584
-0.1429504;0.007300927;-0.009451328
-0.03545407;0.12459074;-0.045061063
0.059917994;0.18717259;-0.07354885
0.11434065;0.18645683;-0.13383909
0.10475377;0.11869671;-0.100821264
0.047865514;0.03714487;-0.03690701
-0.01717634;-0.044502854;0.014224391
-0.09420982;-0.11841478;0.092629515
-0.13318035;-0.08691933;0.10535361
-0.104200535;-0.064066716;0.09053289
-0.020079179;-0.06844087;0.059926312
0.022217907;0.014778554;0.016691048
0.017774325;0.011822843;0.013352838
0.06343821;0.10086452;-0.07681773
0.07028182;0.13225412;-0.092704184
0.081225455;0.12533455;-0.092913345
0.041542865;0.084642634;-0.080580674
-0.0011407089;0.05287036;-0.05196454
-0.004818817;0.04385879;-0.0040716333
-0.009323804;0.02961828;0.05924269
-0.036365293;-0.005211626;0.053644154
-0.055654734;-0.01588805;0.036665324
-0.04686754;-0.01427294;0.04808226
-0.02343153;0.0042066476;0.038465805
0.002348526;0.03149032;-0.025477353
0.01906632;0.07128601;-0.020381883
0.036346808;0.057028804;-0.016305506
0.021264946;0.04171679;-0.038044404
0.014668207;0.037279684;-0.049185526
0.025797065;0.011073748;0.0044015804
0.012825152;0.001046498;0.034771264
-0.0053648786;0.027399698;0.04656701
-0.017573154;0.06801351;0.056003608
-0.027339771;0.10206705;0.019802887
-0.0109343175;0.0839974;-0.00915769
0.009221296;0.051572915;0.005173848
-0.004341713;0.018602083;-0.020860922
-0.012848371;0.025819166;-0.03543874
-0.0048099468;0.032374084;-0.05335099
0.014902043;0.011055517;-0.03643079
0.054109134;-0.009124337;0.027105367
0.036256056;-0.06433072;0.0029342931
-0.015526404;-0.08427708;0.0085974345
-0.035077374;-0.029140411;0.025627948
-0.0374369;-0.0037810784;0.020502359
-0.03385577;0.0024438873;0.0039018865
-0.034897115;-0.0074198903;0.0031215092
-0.016198942;-0.004373412;0.027497208
0.017509596;0.03478252;-0.009252234
0.028851427;0.085638516;-0.026151787
0.050424892;0.12007331;-0.0021714298
0.030183664;0.09605865;-0.0079871435
-7.181935E-5;0.06356567;-1.3971509E-4
-0.019588705;-0.013991213;0.006138228
-0.036764715;-0.07838047;0.06741058
-0.054411773;-0.112704374;0.085178465
-0.052904416;-0.099538505;0.07439277
0.0037702161;-0.0890058;0.14076422
0.010828673;-0.14620464;0.20636137
-0.09289956;-0.32555747;0.3213391
-0.26025715;-0.532321;0.36957127
-0.44883072;-0.65163803;0.25190702
-0.5606271;-0.56037295;0.03902562
-0.40006417;-0.30142334;-0.1625295
-0.12942633;-0.06379492;-0.1612736
-0.030103562;0.22240156;0.045981117
-0.10533285;0.40057752;0.1992849
-0.03739128;0.31811824;0.18442792
-0.090850525;0.03652585;-0.46495765
-0.43674293;-0.3332793;-0.6969661
-0.84001935;-0.54787344;-0.5450729
-0.7501405;-0.6992363;-0.36730832
-0.36104986;-0.74063903;-0.13759667
-0.0825899;-0.5675112;-0.03507733
-0.11607192;-0.41338396;-0.034311865
-0.32567003;-0.42914468;-0.5399495
-0.57459855;-0.33081573;-0.7944596
-0.8909288;0.029097408;-0.7355677
-0.9564931;0.48109043;-0.5384541
-0.5964444;0.7989348;-0.1495133
-0.04746806;0.8149291;0.22413935
0.33233806;0.57147455;0.3918115
0.42212045;0.2923359;0.4196992
0.29707137;0.09402496;0.39825934
0.12671958;-0.08884253;0.26860747
0.042000666;-0.25076154;-0.022614017
0.07110053;-0.24748422;-0.21809122
0.18656793;-0.10111237;-0.16197297
0.31487933;0.1112976;-0.042078376
0.40034097;0.29606932;0.0413373
0.47652277;0.36498046;0.11431984
0.49371824;0.15214062;0.18520588
0.37466207;-0.15406875;0.110664696
0.34504217;-0.26466125;0.09478176
0.32603374;-0.4601665;0.3258254
0.24051449;-0.8650082;0.64816034
0.009599087;-1.1670066;0.6747783
-0.07669573;-1.1836052;0.6460726
-0.066044085;-0.9593842;0.5606081
-0.034085266;-0.5831324;0.5047365
0.082106784;-0.43994337;0.59128916
0.14537293;-0.5816422;0.74178135
0.09754834;-0.6028138;0.88092506
-0.042273827;-0.394751;0.73599005
0.02555594;0.021699188;0.52004206
0.29544476;0.48454684;0.37853363
0.55276203;0.7876375;0.41532692
0.63127214;0.964485;0.43851152
0.60267395;1.1192442;0.46330923
0.44620168;1.0258641;0.43314737
0.27805507;0.7019413;0.1840179
0.24353781;0.49436554;-0.19028568
0.3768615;0.5142424;-0.49597853
0.5124267;0.60514396;-0.67178285
0.5841601;0.6098964;-0.7561763
0.61459374;0.5285421;-0.779941
0.60085464;0.3368962;-0.81770283
0.5265822;0.012485713;-0.7916623
0.4615001;-0.35563642;-0.8458298
0.4783798;-0.41419664;-1.1266638
0.71200067;-0.10635731;-1.2825811
0.9889365;0.30241415;-1.3104398
1.1071649;0.5177126;-1.2827269
1.1232319;0.43292007;-1.2168065
0.993898;0.09946104;-1.2296952
0.8888684;-0.24777491;-1.3837562
0.92750096;-0.27478242;-1.45388
0.74200076;-0.21982594;-1.1631039
0.8967256;0.09601425;-1.1773582
0.71738046;0.076811396;-0.94188654
1.2317169;0.13019912;-1.1160092
1.0447485;0.019784292;-0.95530736
0.8904863;0.108014934;-0.6736209
0.81707656;-0.14015055;-0.15139672
0.45522374;-0.9027454;-0.0054923766
0.07199149;-1.1190714;-0.3137689
0.0966557;-0.56713206;-0.60101515
0.45232457;-0.016205667;-0.5964371
0.73998463;-0.37702703;-0.11152468
0.31855023;-1.6188091;-0.017344741
-0.21234733;-2.2075472;-0.10450079
-0.24644037;-1.8129128;-0.09297563
0.18097271;-1.5722053;0.5287445
0.0025906682;-1.8171393;0.9104956
-0.51824;-1.4880863;0.6971465
-0.62240446;-0.3717191;0.3514672
-0.33073607;0.5744997;0.56867373
-0.37240136;0.26584977;1.017439
-0.8119836;-0.11857018;1.2702012
-1.1726338;0.08326886;1.172411
-1.5430875;-0.18338491;1.1441787
-1.8990208;-1.0373329;1.227843
-2.146951;-1.3736163;0.8885244
-1.558967;-0.8738931;1.1983196
-0.787408;0.082135536;1.5274056
-0.40414515;1.0000834;1.9906745
-0.6256599;1.2125667;2.1175396
-1.086856;0.7919284;1.7315316
-1.301516;-0.028957283;1.4414754
-1.4162128;-1.1887908;1.1219302
-1.4860953;-1.5510327;0.4850442
-1.4529387;-1.1189511;-0.15571463
-1.3420385;-0.6857859;-0.4870717
-1.0580058;-0.5673787;-0.45215735
-0.6510921;-0.619528;-0.2992259
-0.2739987;-0.8956224;-0.05813071
-0.21138646;-1.3602479;0.109745435
-0.42067167;-1.6006984;-0.14345366
-0.6677873;-1.6243087;-0.30226293
-0.75766736;-1.361947;-0.17306034
-0.6280089;-0.72080755;-0.11344827
-0.31803212;0.042103965;-0.08450862
2.6180735E-4;0.5993082;-0.3051069
0.48458445;0.83882153;-0.6128355
0.89548004;0.75855726;-0.87151843
1.0491966;0.7349708;-0.92221475
0.9159197;0.9129766;-0.5440218
0.57179826;1.0772563;-0.0039674267
0.119938634;1.168055;0.12807606
-0.025924096;1.290694;0.10246085
0.123010725;1.2419302;-0.030531323
0.3984086;0.99354416;-0.28692505
0.64997685;0.98546034;-0.29204005
0.75357527;1.3008683;-0.17738204
0.74895394;1.7453821;-0.21065563
0.7077569;2.1447432;-0.2060245
0.70604926;2.2743883;-0.1335696
0.7335894;2.2718544;-0.10685568
0.7378481;2.0624053;-0.0104845455
0.6344191;1.7436743;-0.008387636
0.5419103;1.5750176;-0.1379601
0.50061804;1.1566937;-0.3103681
0.492389;0.6763316;-0.5045445
0.56432134;0.5562996;-0.6911356
0.73671097;0.63488346;-0.73728347
0.9053844;0.77196926;-0.48670176
0.91962004;0.9239231;-0.07061142
0.79897726;1.0456815;0.087260865
0.6485568;0.9455295;0.07605869
0.47822046;0.4347439;-0.014153045
0.34663886;-0.1326736;-0.21132244
0.36559233;-0.4297717;-0.49718294
0.5237239;-0.47037986;-0.37274635
0.52444786;-0.3263039;-0.18882209
0.4445583;0.060441263;-0.12605767
0.33455288;0.29928073;-0.16022113
0.2848298;0.072871864;-0.17192692
0.3177076;-0.27490562;-0.19691652
0.48229107;-0.099221386;-0.17315823
0.60770786;0.25563267;-0.0010265772
0.5533538;0.22555105;0.25230375
0.23799554;0.0042689643;0.37059298
0.0075839227;0.024508921;0.31522438
0.04044214;0.16511495;0.18342951
0.09641621;0.05933805;0.17174362
0.15525797;-0.25672877;0.2436449
0.07889388;-0.6538205;0.44491592
-0.14235365;-1.0629002;0.6496827
-0.44278917;-1.3675076;0.76349616
-0.59563756;-1.3815061;0.79204696
-0.49213508;-1.0083299;0.74613756
-0.18277055;-0.3566639;0.51566005
0.10456481;0.31154388;0.19377804
0.2328706;0.78126633;-0.11372757
0.13707772;1.1076791;-0.38473207
-0.06299407;1.1925398;-0.46403566
-0.36445776;0.87356305;-0.21497852
-0.8525037;0.39250278;0.07176719
-1.2144248;0.13206863;0.23866375
-1.2281805;0.19960022;0.240931
-0.92121625;0.42382202;0.0739948
-0.5684183;0.6991345;-0.02205416
-0.45473465;0.55930763;-0.017643329
-0.36378774;0.4474461;-0.014114662
-0.20490958;0.6835428;0.15745828
-1.0713373;-0.83402514;1.4072167
-0.85706985;-0.6672201;1.1257733
-1.1379997;-1.6115104;1.1631186
-1.2533685;-1.8938959;1.1679949
-1.0339447;-1.4713666;0.9468959
-0.5755933;-0.8489683;0.46376675
-0.1425059;-0.3104247;0.1272634
0.121932775;0.015722753;-0.041939285
0.20301497;-0.0139842965;0.003948571
0.14913073;-0.56431246;0.22815886
-0.114289165;-1.2389499;0.25752708
-0.12658758;-1.3239725;0.04352167
0.17685494;-0.946678;-0.12143266
0.5375777;-0.5557799;-0.22839613
0.76707387;-0.2164989;-0.29521692
0.86639345;-0.02632412;-0.44242352
0.9916499;8.1570435E-4;-0.59143883
1.1323824;0.013152564;-0.57315105
1.3465309;-0.25979045;-0.36477086
1.2209748;-0.8500199;-0.09806667
0.7986548;-1.1487659;-0.01595334
0.6006426;-1.0440127;-0.20651267
0.69457656;-0.8289602;-0.23396014
0.85409874;-0.60691816;-0.3684181
1.1317165;-0.5167845;-0.4259845
1.3381857;-0.5853026;-0.4282876
1.1986736;-0.47761708;-0.48638007
0.8667514;-0.15396866;-0.60160404
0.6730886;-0.09817494;-0.55628324
0.48378336;-0.56291497;-0.5200266
0.13546419;-0.93783194;-0.6347713
-0.041628644;-1.0846406;-0.72656703
-0.14111541;-1.3802124;-0.5250036
-0.28320482;-1.4979199;-0.7575029
-0.17187637;-1.376461;-0.92162734
-0.103126094;-1.2792938;-0.7185519
-0.33718836;-0.85156;-0.9279665
-0.1791257;-0.38124803;-1.1704981
-0.07923806;-0.5112484;-1.2363986
-0.2907342;-0.8089987;-0.9766188
-0.6255561;-0.515949;-0.7531701
-0.91606987;0.41536582;-0.46816105
-1.073481;1.5604177;-0.10577884
-0.8474566;2.2014592;0.20600192
-0.4424184;2.028355;0.45230153
-0.19924723;1.5258088;0.5493412
-0.24142903;0.9909596;0.526973
-0.57595575;0.42089266;0.2840784
-0.7384013;0.08358912;-0.06023729
-0.4930648;0.0981213;-0.6263148
0.07849739;0.08162204;-1.1854268
0.8385792;-0.034702368;-1.6889665
1.3622695;-0.1433869;-1.8917981
1.3132532;-0.2834595;-1.805626
0.6974775;-0.4642676;-1.6351259
-0.032642975;-0.6432891;-1.4987257
-0.5987706;-0.75838125;-1.5192931
-1.0075321;-0.82858;-1.2841845
-1.225264;-1.003489;-0.68516004
-1.3000354;-1.3121662;-0.046565536
-1.4287002;-1.6122329;0.58462256
-1.717179;-1.7210364;0.47707304
-1.8128057;-1.8330791;0.066033445
-1.7564945;-2.0789633;0.0028267563
-1.7880081;-1.9256706;0.26476142
-1.9475939;-1.2842865;1.0868092
-2.3127627;-0.3461792;2.7788222
-2.6470852;0.84180665;3.5043077
-2.620793;1.9703203;3.3596964
-2.1935096;3.0418813;2.675257
-1.6266826;3.9569426;1.8464556
-1.2357211;4.331179;1.2209145
-1.0854518;4.1463885;0.6767316
-0.9496115;3.5947964;0.24138528
-0.7878142;2.9007287;0.17435822
-0.53650135;2.115662;0.2582366
-0.24170108;1.2942874;1.2315893
-0.09023587;0.37097684;2.0165215
-0.028438693;-0.66024977;1.7694671
0.089749046;-1.2281998;1.0843236
0.35304925;-1.5466224;0.31120896
0.6199394;-1.8779229;-0.40728283
0.6865765;-1.8304633;-1.1383263
0.5586362;-1.4612457;-1.729411
0.42503396;-1.1221216;-2.136654
-0.43497282;-1.2101972;-1.540573
-2.8761032;-2.2275329;-0.09808344
-4.5758824;-4.575776;1.7777833
-3.616956;-4.504371;4.0034766
-0.16856487;0.37775323;3.1402812
2.133898;4.58189;1.287225
3.389931;4.891196;-0.22646998
3.6603823;3.727312;-1.218676
2.5204933;2.5203261;-1.9186908
1.3492072;1.6104015;-2.3974526
0.63249075;0.58129;-2.699212
0.09349258;-0.434968;-2.5031197
-0.50333095;-1.1214119;-2.2556207
-0.98703974;-1.3658795;-1.9888716
-1.0458817;-1.0145786;-2.0035973
-0.7210804;-0.2679129;-2.115378
-0.37061435;0.5044197;-2.0094898
-0.29649147;0.40353575;-1.6075917
-0.23719318;0.3228286;-1.2860734
-0.28350455;0.70826286;-1.1054213
-3.4455535;-2.7396398;-0.378087
-3.606443;-4.410462;-1.2634071
-2.9664044;-4.9408693;-1.9482257
-1.6793735;-3.7276955;-2.1601431
-0.46849877;-1.5009065;-1.9632707
-0.043549016;0.74614984;-1.4768666
-0.09733921;2.27192;-1.1127433
-0.29662138;2.7894108;-0.81128836
-0.36854708;2.4377787;-0.44043693
-0.36358768;1.618973;-0.026568288
-0.34087014;0.8389284;0.37093288
-0.23519611;0.4867677;0.69049627
0.17434311;0.66128916;0.71333456
0.6207245;1.0368438;0.40504262
0.7778296;1.2935376;0.2005966
0.65351367;1.1332675;-0.042647716
0.24156094;0.47848904;-0.29349318
0.01199875;-0.39689627;-0.30823204
0.737724;-1.708142;0.11591437
1.5151792;-2.6415136;-0.1322685
1.1058934;-2.1225858;0.4238727
0.4409647;-1.3105687;0.46409816
0.08089675;-1.25783;0.038466025
-0.3227826;-0.996889;-0.53563344
-0.46447608;-0.06626118;-0.7464755
-0.046580862;0.20636606;0.1825071
0.5127353;0.51509285;-0.14149432
0.20706324;0.8089493;-0.3389767
0.0781506;0.27215943;0.21084988
0.64377046;-0.97914743;2.9389925
2.1556413;-1.2364429;1.582444
0.18076311;0.010845624;-0.34654486
-0.6960145;-0.019448502;0.8446391
0.9650634;0.2594412;1.4475863
2.404863;1.8794279;0.551819
1.4692031;1.9988549;1.0008302
0.28473747;0.9631464;1.2006642
0.29653996;0.3236421;1.3886564
1.7606695;0.1776637;1.8515501
2.3444731;-0.035994045;1.521865
1.7662034;-0.44754523;1.3518671
1.3910878;-0.7080362;1.3189937
1.3175577;-0.90705395;1.2926949
1.2852962;-1.2225182;1.8060309
0.9938619;-1.8311396;2.4760747
0.6091521;-2.1274116;2.7621098
0.83732164;-1.8831793;2.759688
0.9901698;-1.4315435;2.1202502
0.4585421;-0.61398476;0.2712002
-0.39644757;0.4213122;-1.1267898
-1.135908;1.0495498;-1.3701819
-1.313414;0.9333898;-1.0555205
-0.90698117;0.7373369;-0.98191637
-1.30371;1.0992445;-1.6949081
-2.592968;1.2606456;-2.5278015
-3.1024992;0.84601647;-2.1191163
-2.0163746;0.8955632;-1.514043
-1.4849746;0.6102005;-1.3237344
-2.2004797;0.28503543;-2.0089874
-2.2478838;0.44365335;-1.95094
-1.723307;1.2392976;-1.6779395
-1.1973956;1.8680006;-0.3907891
-0.58916646;1.352213;0.24361873
-0.15258318;0.19739541;0.17614497
0.44980845;-0.41708368;0.0034159832
1.2035967;-0.5649169;-0.4222672
1.7722524;-0.45505854;-0.9128138
1.849052;-0.24529684;-1.6255635
1.4636165;-0.28686246;-2.2957633
0.22714323;-0.526365;-2.4241107
-1.1682854;-0.564842;-2.4543765
-2.0752532;-0.020623585;-2.0783937
-2.5164526;1.3897511;-1.4157423
-2.5881622;2.6336758;-0.49489853
-2.2080297;2.373347;0.77595615
-1.0289237;0.90258384;1.4754524
0.358111;-0.52637047;1.6350495
0.9896138;-1.2835964;1.2392895
1.113566;-1.308127;0.6336191
1.0908529;-1.0715016;-0.03216718
1.2539322;-0.9165763;-0.11948375
1.3437709;-1.1395111;0.4184755
0.9687666;-1.4959838;0.2535304
0.7843883;-1.406162;-0.03623818
0.46813565;-0.54367965;-0.09305304
0.0057585235;-0.34744373;0.21462007
-0.62351817;-0.0029549857;0.49357104
-0.7925646;0.925761;0.62923187
-0.8028016;0.4406088;0.75494796
-0.4859913;-1.656888;0.40239587
0.22058195;-2.8786354;0.1594167
-0.21415944;-1.6404083;-0.8615291
-1.2900776;0.5782984;-1.6689109
-2.363312;1.3751386;-1.7695036
-3.4281497;1.4501109;-1.0960717
-3.3925197;1.4194638;-0.67920107
-2.5015159;1.166821;-1.0929703
-1.5387126;-0.03529319;-0.8036731
-0.1559701;-1.0501095;-0.3577822
1.9689739;-1.2713376;-0.66122574
3.3626792;-0.8420701;-0.992506
4.4370184;0.8325939;-0.82081145
5.026177;1.6848252;0.8430579
4.367817;1.5322351;2.4650712
2.9114408;1.4867256;2.534557
1.0166527;1.3128179;1.6995206
-0.7366778;0.75962937;0.7783665
-1.7299672;0.8420785;0.1148807
-2.3245988;1.4111629;-0.42684543
-2.534679;2.4679928;-1.1805389
-2.0277433;1.9743942;-0.94443107
-1.9784446;2.9752185;-0.72507614
-1.9577557;3.1727529;-0.15271714
-1.2224545;2.0577335;0.3028263
-0.12171363;-0.05225064;0.29382354
0.6713791;-1.6949255;0.12412132
1.4371033;-2.313753;0.16023456
2.2465577;-2.8697524;0.26256263
2.806621;-2.745802;0.042862616
2.8218594;-1.4091415;-0.2453974
2.4574876;-0.5491882;-0.23225543
1.5113025;-0.5424756;0.04232066
0.993417;-0.72460544;0.26198152
0.3134836;-0.89843434;0.5783352
-0.5210881;-1.0499974;0.8611057
-0.6668705;-1.193123;0.83732206
-0.4522464;-1.6107484;0.8932951
-1.0930471;-1.9885987;1.1552612
-2.1400628;-1.706504;1.1523339
-2.5433002;-0.87145317;0.7062421
-2.28464;-0.19403754;0.019681187
-1.9589621;-0.09898003;-0.32331756
-1.5859197;-0.535434;-0.09927904
-1.0187358;-1.3064722;0.39245176
-0.2774886;-1.8826778;0.8045864
0.121759124;-1.9811422;0.8749191
-0.0775927;-1.6849138;0.0905603
-0.25582415;-1.466681;-0.9681768
-0.87965935;-1.5420948;-1.379229
-1.0974774;-2.0836759;-1.0893207
-0.559232;-2.6606908;-0.466769
-0.45988557;-1.7848026;0.1078348
-1.5054084;0.19715796;5.1159554
0.76442325;-2.5922737;10.417765
1.8927885;-6.380069;7.6842113
1.6204809;-1.8103051;7.084869
3.1213846;2.1330059;3.6116452
2.6033578;-1.1498452;2.2205663
0.3108112;-1.9011263;1.345203
-0.057601035;2.154099;0.7261624
1.0539192;4.7920294;0.47467992
2.1962605;4.752373;-0.27025607
2.4163833;4.0987735;-1.4224548
1.9596691;3.929019;-2.2004638
1.5739853;4.22134;-2.4791212
1.2591882;3.377072;-1.9832969
1.0073506;2.7016578;-1.5866375
1.1621305;3.1425762;-2.24431
3.0523605;2.2531235;-4.629823
2.9532654;1.5509362;-4.5194836
2.916079;0.953249;-3.8265243
2.9930196;0.7844742;-2.8159068
3.1436343;1.3822669;-2.1996005
3.3336575;1.973001;-1.6378053
3.2466135;1.7869946;-1.2399318
3.009791;1.0405332;-1.2356955
2.6547077;0.5168015;-1.6604314
2.508141;0.50484747;-1.8095951
2.422138;0.8679405;-1.685176
2.1533353;1.331657;-1.2309533
1.4914182;1.6338804;-0.5410127
0.6118846;1.5809324;0.08281485
-0.16674231;1.0618162;0.5959394
-0.74901885;0.102773294;0.937689
-1.17734;-0.6470782;1.1564012
-1.5059346;-0.8489126;1.468871
-1.6438102;-0.82991135;1.7875968
-1.7650481;-0.62017906;1.8988274
-1.8022729;-0.45239323;1.7878119
-1.7712128;-0.6150396;1.5021245
-1.8573023;-0.8701567;1.0798247
-2.014162;-0.73675036;0.7107347
-2.193361;-0.15033777;0.29358777
-2.1468763;0.5047298;0.053620216
-1.6456261;1.0819088;0.19289617
-1.3024383;1.1909177;0.33556694
-1.4653882;0.6769529;0.88407856
-1.5879356;0.20093732;0.9916378
-1.7562859;-0.13026577;0.56518525
-2.2159662;-0.43936887;0.4458982
-2.575898;-0.7030576;0.6035936
-2.5575933;-0.9358836;0.9359999
-2.2023246;-1.2940193;1.6550499
-1.8274847;-1.736778;2.3177898
-1.5401129;-1.9706724;2.441732
-1.2258402;-1.7702879;2.0033855
-1.0525472;-1.3099803;1.3839585
-0.87953776;-1.0198593;0.72591674
-0.39425522;-0.9596374;0.0619834
0.21584584;-0.90208495;-0.46916327
0.8726767;-0.62479293;-0.8565806
1.3231413;-0.21545936;-0.8290145
1.5616381;0.24950752;-0.9694616
1.710248;0.5074185;-1.0443193
1.7666359;0.5199973;-0.98233044
1.8500274;0.40974784;-1.0014893
1.8878344;0.3934233;-1.0324415
1.9989394;0.61161363;-1.2009531
2.416632;0.88147837;-1.2451376
2.9943407;1.1098702;-1.25236
3.5868788;1.3066462;-1.0925131
3.8570032;1.3781295;-0.81151044
3.6637275;1.2579724;-0.6523333
3.099732;1.0009091;-0.6156167
2.5235355;0.8022898;-0.74249333
2.4313285;0.71839434;-1.0658697
2.7856877;0.7583092;-1.2183207
2.8535502;0.84219426;-0.8902816
2.26409;0.90754443;-0.54035026
1.5612721;0.8236918;-0.24478021
1.0990177;0.50953937;0.047925826
0.84483916;0.03810026;0.48521566
0.61024636;-0.38084793;0.9850475
0.57257205;-0.59452206;1.388038
-0.14506735;-0.94202393;1.5166804
-0.7723039;-1.0676817;2.2602193
-0.8553431;-1.3416454;3.0769255
-1.3436495;-1.9311287;3.5740404
-2.0124197;-2.991778;3.6904824
-2.7193108;-4.3996725;4.114886
-3.249472;-5.532238;4.5294085
-3.438054;-5.86954;4.573527
-3.0605996;-5.151882;4.1963215
-2.2226985;-3.7402558;3.5070572
-1.0582368;-2.1984546;2.5306458
0.010832399;-0.9712637;1.4245167
0.59538466;-0.17076097;0.46461332
0.91380775;0.41339123;-0.37830937
1.2013587;0.974463;-1.0713975
1.3688995;1.5233204;-1.600868
1.371682;2.0842812;-2.1556945
1.4379706;2.517425;-2.6870556
1.5535015;2.767065;-3.1308944
1.6084262;2.891777;-3.1672156
1.524241;2.908734;-3.0462725
1.3850178;2.8316748;-2.905768
1.1423892;2.5825274;-2.7558644
0.94828635;2.2988343;-2.5328164
0.7211291;2.2210987;-2.4200032
0.5425283;2.3186758;-2.3391275
0.40589762;2.3012297;-2.286927
0.1372181;2.0228198;-2.1482916
-0.27772552;1.6335634;-2.0405083
-0.72530544;1.4274806;-1.9824066
-1.0646193;1.2434493;-1.9531128
-1.3110704;1.0464196;-1.8374902
-1.5613564;0.92717475;-1.6606172
-1.7943976;0.80502105;-1.4691187
-2.0425494;0.56921214;-1.1706076
-2.3309145;0.032225195;-0.614611
-1.8647316;0.025780158;-0.49168882
-1.4917853;0.020624125;-0.39335105
-2.1449907;-0.7455124;0.30406916
-5.040211;-2.6542225;2.1057553
-5.0540442;-3.4936905;2.5596042
-5.14011;-4.1168275;2.5883083
-4.7245884;-4.0340867;2.2331467
-3.5171707;-3.2616446;1.7927674
-1.9262364;-1.9686906;1.5217139
-0.47536415;-0.5093275;1.2986212
0.6447087;0.561288;0.8576469
1.3548294;0.6177804;0.46736753
1.5682385;0.13797432;0.114519015
1.5499034;0.08225446;-0.6458848
1.6110164;0.72830355;-1.0510828
2.023579;1.8732679;-0.99399126
2.6606598;3.057208;-1.092068
3.344153;3.7574852;-1.0955294
3.9542286;3.9388006;-0.9639235
4.0993204;3.6510406;-0.9305138
3.8575814;3.0333323;-0.44128606
3.342315;2.0938535;0.53134614
2.686352;0.97977024;1.5063269
2.1084566;0.34709746;2.0675616
1.8398902;0.20111546;2.4852993
1.3312873;0.12261111;2.6194894
0.7337798;0.2355889;2.9205916
0.23077384;0.4837836;3.0552232
-0.13725594;0.26593313;2.9379287
-0.54417974;-0.2716285;3.212843
-1.1165938;-0.68253714;3.6765244
-1.6135875;-0.8197602;3.8912194
-1.7791513;-0.8051246;3.6754756
-1.5983211;-0.78784966;3.2278805
-1.2747506;-0.4941469;2.4448044
-0.868238;-0.05459487;1.5558435
-0.46880913;0.19001551;0.7446748
-0.31176603;0.37779367;0.13323982
-0.15331909;0.54325056;-0.33715814
0.13593848;0.57678795;-0.8322265
0.3900008;0.4918991;-1.2032812
0.41200063;0.42945677;-1.481375
0.437413;0.25215918;-1.79135
0.3639929;0.01422734;-2.15183
0.30838183;-0.19174312;-2.308964
0.32326797;-0.16316013;-2.4784212
0.38517687;0.0725969;-2.501487
0.4456415;0.29909316;-2.3261895
0.4393257;0.44630575;-2.1734517
0.32021055;0.5539196;-2.2762613
0.28898093;0.6728232;-2.405384
0.34055975;0.77263355;-2.5211823
0.4302603;0.90560687;-2.4919457
0.34420824;0.72448546;-1.9935566
0.3488041;0.85615087;-1.9667203
0.19310577;0.7442957;-1.7046262
-0.033015378;0.49699906;-1.354326
-0.3045373;0.32728675;-1.2365859
-0.54519236;0.1571419;-1.1767687
-0.63771635;-0.08834898;-0.9945399
-0.6695481;-0.38161668;-1.0987569
-0.78563845;-0.5865433;-0.96963054
-1.0941358;-0.5957972;-0.5632044
-1.3979648;-0.40945023;-0.23806354
-1.5951297;-0.46115395;0.15017416
-1.8790334;-1.0892357;0.6513893
-2.4782267;-1.7081072;0.96173644
-2.9474251;-1.8485171;1.3443892
-3.2157526;-2.02647;1.9380113
-3.4851022;-2.6071134;2.4504092
-3.6787066;-2.9044406;2.3853273
-3.5148404;-2.6048026;1.8832618
-2.9524972;-1.983842;1.3878595
-1.8651228;-1.0089487;1.1977875
-0.42022327;-0.15403393;0.82073003
0.7528839;-0.15135214;0.13783404
1.2741821;-0.9898317;-0.68348277
1.3005956;-1.7356154;-1.4217862
1.1857891;-1.8103673;-1.453054
1.2470688;-1.1045438;-1.3530682
1.547655;0.08198993;-1.1355796
1.8967178;1.259342;-0.92408866
2.2123938;1.955911;-0.8080209
2.426458;2.1869946;-0.80891675
2.5200727;2.0674057;-0.9502584
2.5629332;1.5352355;-0.9039567
2.548784;1.0021142;-0.62316537
2.4452772;0.811457;-0.27665728
2.3109093;0.6759234;0.27867416
2.0831025;0.5120278;0.8635643
1.863357;0.46704412;1.1689764
1.9031855;0.25879154;1.7351812
1.7850485;-0.074607395;2.3943949
1.3874137;-0.09796717;2.6217659
1.056806;0.114985645;2.9599128
0.7016948;0.13026977;3.4491801
0.28323084;-0.021956064;3.684344
-0.06404033;-0.2339711;3.6474752
-0.48560727;-0.8207706;3.3304803
-0.9447358;-1.420679;3.0643842
-1.3167262;-1.4584183;2.7390075
-1.4744747;-1.1261096;2.2037058
-1.2217672;-0.6774502;1.6754647
-0.64850754;-0.2653976;1.0153718
-0.24849354;-0.093568094;0.18104742
-0.15035732;-0.118604474;-0.7301621
-0.19528586;-0.17613359;-1.4591297
-0.2577912;-0.27528188;-1.9298037
-0.26248294;-0.43116298;-2.275093
-0.15061136;-0.4652429;-2.4513245
-0.05486409;-0.09250682;-2.4798095
0.07329623;0.50099456;-2.4900975
0.252387;0.90392065;-2.492078
0.3722221;1.1614177;-2.4811625
0.45871517;1.3582357;-2.531805
0.47634715;1.2838054;-2.553569
0.3982652;1.0461849;-2.4116051
0.18736216;0.8752353;-2.2511592
-0.045422766;0.75762844;-2.0165522
-0.20665072;0.7247795;-1.7101169
-0.34969556;0.73109317;-1.4774685
-0.45788145;0.6231558;-1.3069748
-0.5959927;0.3320207;-1.1205798
-0.8510129;-0.1440514;-0.96833885
-1.1870604;-0.6228583;-0.67779607
-1.4527732;-0.8771929;-0.30161187
-1.8016717;-0.87441057;-0.2381645
-2.054228;-0.7221847;-0.2436566
-2.394945;-0.86915404;-0.007425279
-2.822206;-1.278917;0.34093478
-3.1999521;-1.9418836;1.0227479
-3.4693367;-2.6816318;1.5431982
-3.4473445;-2.9546804;1.8470587
-2.8203754;-2.4762444;1.8651469
-1.6594254;-1.4903705;1.7171175
-0.38379034;-0.3547964;1.386194
0.5242177;0.46303788;0.8714552
0.96312416;0.7126178;0.24091417
1.1579994;0.6529067;-0.28851867
1.3271807;0.8317004;-0.69956493
1.4312758;1.2591103;-1.034652
1.6063488;1.4994757;-1.3308465
2.0357625;1.4636431;-1.3928022
2.4173796;1.366227;-1.2486168
2.5870287;1.4281378;-1.0051434
2.739154;1.4509087;-0.71036476
2.8835108;1.380893;-0.3026668
2.9114962;1.2751734;0.0047415597
2.835447;1.0564668;0.43816826
2.5058575;0.9504469;1.0505346
1.767186;0.91152936;1.3904277
1.2762488;0.72375476;1.3810922
1.1584991;0.52158195;1.4861237
0.9705493;0.57781243;1.976399
0.5045644;0.77045304;2.499869
0.025526525;0.599175;2.9936454
-0.22020377;0.081293084;3.4886663
-0.3777255;-0.36772922;3.753433
-0.3021804;-0.29418337;3.0027463
-0.24174434;-0.23534669;2.4021971
-0.53245795;-0.6918418;2.7467577
-1.6665914;-2.433161;3.2849061
-1.4785856;-2.0527787;2.652925
-1.1578685;-1.6156605;1.9223399
-0.8481698;-1.1706535;0.92537194
-0.5480671;-0.9990227;-0.059702434
-0.2954849;-0.99140567;-0.891512
-0.14420043;-0.92749953;-1.5194596
-0.07161035;-0.75918716;-1.9780676
0.011461725;-0.5823497;-2.3199542
0.08260688;-0.37369227;-2.5559633
0.1442105;-0.13332881;-2.7822707
0.2575559;0.21989945;-2.9195664
0.36698222;0.48685706;-2.9606533
0.42796078;0.72854817;-2.8747725
0.4689311;1.025026;-2.893568
0.5110824;1.2051771;-2.8304794
0.5619909;1.3566221;-2.7300086
0.54959273;1.4912547;-2.652757
0.5052992;1.40941;-2.4253304
0.39798936;1.186903;-2.0027645
0.16214149;1.1237411;-1.8490865
-0.015599316;1.1247742;-1.8448942
-0.073416956;0.8771631;-1.6852903
-0.19154607;0.47946486;-1.4591697
-0.40167436;0.17302501;-1.1829609
-0.704152;0.040763758;-0.75730616
-1.0172279;-0.06328743;-0.24959493
-1.3708135;-0.3664991;0.40657404
-1.885811;-1.0892442;1.2502593
-2.6226137;-2.0245204;1.9252074
-3.3699658;-2.6196163;2.115166
-3.7397227;-2.7003806;1.9358827
-3.6105282;-2.4665544;1.7612062
-3.1665475;-2.1544936;1.565215
-2.586363;-1.8735949;1.370922
-1.8909655;-1.5551258;1.4029876
-1.0002724;-1.1659757;1.44114
-0.026780372;-0.47028056;1.121662
0.7379507;0.12377556;0.65357965
1.2552043;0.38808295;0.060363706
1.660804;0.5745289;-0.58295906
1.9239558;0.9830606;-1.2194922
2.0790083;1.5997298;-1.6505938
2.3542223;2.1165025;-1.7861
2.6857216;2.481874;-1.638255
2.9048274;2.621046;-1.298104
2.8972993;2.4780867;-0.9759832
2.7147145;2.1551256;-0.77453655
2.3342717;1.7100381;-0.60400426
1.9174173;1.1078742;-0.2800784
1.4933088;0.88473684;0.21968728
0.84464705;0.84528947;1.0163748
-0.103969865;0.63013786;1.7943499
-0.9113009;0.2705165;2.27298
-1.3759158;-0.4554618;2.837134
-1.8456545;-1.6432757;3.7072072
-2.5105078;-2.6411831;4.4032655
-3.0279377;-3.0082588;4.4601126
-3.0801625;-2.7487946;3.65559
-2.4656925;-2.0552857;2.605722
-1.756929;-1.4036036;1.8283277
-0.99148077;-0.70569533;1.200162
-0.17443459;-0.15830629;0.5851297
0.33115545;0.08897997;-0.17564625
0.62683845;0.543059;-0.765517
1.0338926;1.0227284;-1.5561635
1.2062156;0.875214;-2.201181
0.90950376;0.45329618;-2.6359446
0.52838427;0.29935572;-2.8900058
0.38442618;0.27073458;-2.5620046
0.11984562;0.5095564;-2.1121037
-0.059201628;1.2593541;-1.8646829
0.24560745;1.6163212;-1.4917463
0.7787125;1.2414944;-0.94964707
0.9807825;0.5393015;-0.31596768
0.52446973;-0.25216475;0.115975864
-0.05542419;-0.61540365;0.3677807
-0.44072607;-0.42904168;0.42547455
-0.32396758;0.19114165;0.24037965
0.10469313;0.95701486;0.07980371
0.5087545;1.4583853;0.020092972
0.4070036;1.1667082;0.016074376
0.6013841;1.2896166;-0.3621405
0.63032603;0.91919327;-0.8022124
0.43551084;0.011135886;-1.2948949
0.17262742;-1.0879663;-1.6484159
-0.11736681;-2.001623;-1.4281077
-0.63334656;-2.721611;-0.4674862
-1.1558961;-2.4913511;0.46351105
-1.1774511;-1.349331;0.79580885
-0.56090623;-0.2091523;0.7866471
0.27139217;0.5725219;0.97931767
0.68781686;1.0607519;1.2397041
0.57915974;1.1300102;0.9980133
0.2273903;0.57845885;0.6171606
-0.09347839;-0.3434829;0.45622852
-0.22790772;-1.0575988;0.26498282
-0.10771679;-1.1788915;0.13073625
0.13023281;-0.69467574;0.210839
0.36278;-0.0526156;0.26867118
0.527724;0.41806376;0.13993695
0.6479604;0.73835725;-0.24430044
0.51836836;0.5906858;-0.19544035
0.4146947;0.47254866;-0.15635228
0.5715995;0.78975767;-0.38758183
0.06431085;-1.6596001;0.31493455
-0.59386384;-2.40893;0.21444763
-0.86766917;-2.495894;0.1465581
-0.63085407;-1.9310902;-0.11400352
-0.1081989;-1.2011222;-0.61620283
0.3993784;-0.64839774;-1.0742122
0.7007527;-0.5280932;-1.3656198
0.7098209;-0.6443496;-1.7393708
0.49754423;-0.7311047;-1.9477466
0.0105353845;-0.56925875;-2.4050725
-0.5196967;-0.886657;-0.64593285
