-0.7459192;1.2602254;-0.007540704
-0.6350167;1.0331804;0.06271744
-0.5291071;1.1046692;0.13767394
-0.5381294;1.2931104;0.028889159
-0.43050352;1.0344883;0.023111328
-0.61237156;1.0244657;-0.17526093
-0.926616;0.30707252;-0.78395873
-0.8131678;-0.394967;-1.095917
-0.5677217;-1.1222236;-1.1423585
-0.30652115;-1.5821539;-1.2638869
-0.24521692;-1.2657231;-1.0111095
-0.41257977;-1.2657034;-1.2120126
-0.65350133;-1.0500628;-0.9008601
-0.68686354;-0.69005024;-0.39256307
-0.48699084;-0.19891518;0.12344955
-0.20990518;0.20649286;0.43938464
-0.11792415;0.5714443;0.4077577
-0.17246431;0.8977804;0.49183115
-0.23484646;1.0744743;0.52471495
-0.22381467;1.0502045;0.63539696
-0.09780173;0.92453855;0.82081753
0.123321116;0.7115059;0.881654
0.051781893;0.5254547;0.28032324
-0.14919949;0.29848877;0.05863359
-0.32248458;0.191916;-0.19059312
-0.27830017;0.0316578;-0.2368495
-0.09295264;-0.32467377;-0.1551046
-0.06654961;-0.609739;-0.083458684
-0.059489686;-0.8877912;0.38323304
-0.03196675;-1.225858;0.75658643
-0.0161984;-1.2463114;0.54276913
-0.09577122;-1.328299;0.78421533
-0.14692947;-0.7345143;1.3211223
-0.8550436;2.1780136;-0.068102196
-1.2559099;4.0494423;-1.9951067
-0.7547279;0.13252243;-3.847648
0.019655187;-4.503357;-3.2312434
0.41103664;-6.4776855;-3.795932
0.47882932;-5.8946486;-3.1953394
-0.49818656;-2.940719;-1.2773653
-1.0391742;0.37242496;-0.20782976
-0.51883936;1.81669;0.029048689
0.26461598;1.778352;0.13730145
0.62888026;1.0695566;0.45984116
0.44060424;0.51502025;0.7834979
0.14935839;0.73076624;1.1080483
-0.0117632905;1.012738;1.1426886
0.12027687;1.1601903;0.5610259
0.557159;1.3937773;0.29569575
1.0144773;1.7306468;0.2521816
1.3037692;1.7876425;-0.12325472
1.324656;1.773864;-0.43297878
1.3257405;1.8878412;-0.277633
1.2291471;1.688398;0.85914356
0.8512864;1.2085309;2.112315
0.23903692;1.0168247;2.3742268
-0.094707966;1.2040848;2.1368816
0.10860863;1.1976428;2.0282552
0.49430877;1.2190517;1.8288542
0.78812283;1.426804;1.8630834
0.70325214;1.5945681;1.9842167
0.34424233;1.5131545;2.3123734
-0.40800455;1.4620861;2.1123986
-0.9701536;1.6823642;1.5774189
-0.96909165;2.083196;0.8119351
-0.5455858;2.3290567;0.0057981177
-0.29271868;2.477308;-0.72036153
-0.3474562;2.667784;-0.8887892
-0.6709337;2.7889147;-0.82978135
-1.0508095;2.9326942;-0.6825751
-1.15471;3.1836553;-0.36481008
-0.98626804;3.0562992;0.114401944
-0.91088945;2.0294144;0.68527156
-1.1849616;0.5297815;0.80446726
-1.3104693;-0.8433623;0.6935738
-1.1296254;-1.9356273;0.54235905
-0.9255753;-2.624796;0.3088872
-0.7873353;-2.8102615;-0.20914021
-0.5048682;-2.7364905;-0.69856215
-0.11951956;-2.5087235;-1.0213498
0.05750935;-2.13276;-1.2045798
0.17413248;-1.9437081;-1.0324138
0.15961848;-2.472154;-0.77593106
-0.16761771;-3.3370981;-1.1769948
-0.28721917;-3.6321785;-1.3228459
-0.24227534;-2.965118;-1.2395267
-7.0268776E-5;-1.7345942;-1.1416214
0.3890063;-0.8001754;-1.0570471
0.6408925;-0.72764033;-1.0550127
0.503339;-0.77273726;-1.9096352
0.3620462;-0.3525648;-1.8839581
0.013074474;-1.5445518;-1.0852915
-1.153603;-4.0231414;-0.9307332
-1.9041324;-6.2560134;-0.12896155
-2.348306;-7.5298104;1.9155807
-2.4755197;-6.1488485;2.6699646
-1.6741657;-2.4753287;2.5172217
-0.7924576;0.975987;2.0575273
0.041033916;2.5995395;1.0210218
0.84845215;2.6265066;-0.1456825
1.0631367;2.3637054;-1.082171
0.7036344;2.5534642;-1.3782368
0.2222825;2.8708963;-1.4307145
-0.015924007;2.993592;-1.4258215
-0.047114205;2.8589363;-1.3750322
-0.053316366;2.680899;-1.2125258
-0.1832781;2.5806568;-1.0137706
-0.35287246;2.4832754;-0.8266415
-0.47292298;2.2967765;-0.5425632
-0.5814634;2.027265;-0.28092557
-0.7901707;1.6179057;0.06900955
-1.0415115;1.1443245;0.33645764
-1.2175843;0.81467843;0.47541612
-1.2240674;0.7204927;0.4428329
-0.9355039;0.7060817;0.15739131
-0.39840314;0.54455286;-0.08971195
-0.02809751;0.25517353;-0.33426955
0.021271992;0.06273257;-0.44554064
0.023267593;-0.043563943;-0.33768252
-0.043885924;-0.08016365;-0.15764602
-0.13823374;-0.037568424;-0.19799182
-0.15746199;0.22228901;-0.20214345
-0.1353446;0.66767496;-0.15858977
0.004224325;0.7911712;0.026253192
0.05337946;0.50090575;0.09600256
-0.057296433;0.04447458;-0.063822955
-0.13021214;-0.36129534;-0.057308365
-0.122919716;-0.54372376;0.05415331
-0.15146077;-0.6584165;0.15894765
-0.15241861;-0.68610823;0.092783116
-0.11255989;-0.50826156;0.008601493
-0.018172916;-0.25504676;-0.043118805
0.047961667;-0.0743499;-0.062620044
0.07586934;0.062395077;-0.10009603
0.14194547;0.13741606;-0.14882682
0.22293137;0.15993285;-0.10656146
0.2314701;0.12169628;-0.09149917
0.27892607;0.0114195235;0.004925664
0.30126587;-0.12523939;0.14769053
0.14101268;-0.223629;0.12752743
0.050310154;-0.2476532;0.16452193
0.08399812;-0.24499756;0.19099255
0.054698497;-0.13974805;0.16841905
0.1187588;-0.027423441;0.07536023
0.27000704;-0.100063756;0.044663187
0.26913062;-0.2659885;0.07323055
0.024679504;-0.5549783;0.18983445
-0.033381395;-0.64398265;0.095617555
-0.10170512;-0.47456113;0.026494041
-0.040739093;-0.3577739;0.011820233
0.07053372;-0.30965662;-0.053043813
0.17830198;-0.2836628;0.10131495
0.20514159;-0.20036773;0.28105196
0.120363265;-0.14310668;0.24359156
-0.050584387;-0.061360348;0.18862325
-0.1310925;0.05559922;0.1665236
-0.211124;0.18041688;0.030093882
-0.21264921;0.2537085;-0.2759249
-0.07636937;0.1779668;-0.4394899
0.06390451;0.006435941;-0.52659196
0.097998604;-0.16672625;-0.23377354
-0.0028511146;-0.267756;-0.15264383
-0.08665589;-0.2517048;-0.10961507
-0.12557471;-0.22167633;-0.012692056
-0.15045977;-0.15546606;-0.08515365
-0.07974282;-0.08999786;-0.124372914
-0.029419253;-0.07356078;-0.07762333
-0.017285403;-0.06509863;-0.21834867
0.05179668;-0.0708289;-0.31217894
0.094562344;-0.13478813;-0.17161815
0.10689987;-0.1547055;-0.09666952
0.0480199;-0.1065769;0.057039388
-0.0053340807;6.759815E-4;0.13625652
-0.041767266;0.006790785;0.23713021
-0.05841381;-0.003942372;0.20845416
-0.015481049;0.029658603;-0.14261167
0.14074016;0.011226882;-0.32033932
0.22196713;-0.098831;-0.19689646
0.2306987;-0.2181273;-0.010642174
0.19393396;-0.25887683;0.16336127
0.16452217;-0.26647648;0.327564
0.13786773;-0.2725562;0.48705122
0.025919188;-0.22741994;0.620891
-0.07301465;-0.20068595;0.64046276
-0.014661719;-0.26679876;0.28424522
0.107020624;-0.41656402;0.018021174
0.1856165;-0.6113762;0.13004194
0.2297432;-0.51097596;0.100908555
0.13066956;-0.5462808;-5.231587E-4
-0.29233935;-0.6463996;-0.11604353
-1.0557464;-0.2827447;0.24779017
-1.4383472;-0.5324457;1.3076072
-1.6944277;-0.5228316;0.5335857
-1.1180422;0.44110972;0.39249358
-0.44443375;1.0419502;0.7796199
-0.105547;-0.08050228;1.1361959
0.3530624;-1.9237769;1.1402067
0.7480749;-2.1608965;0.5621654
0.69220996;-1.8412172;0.2997323
0.81626797;-2.3729737;0.10541084
0.74051434;-1.648379;0.31870368
0.87366146;-0.5749532;0.47371292
1.0458041;0.37128744;0.59147036
0.91789335;1.39703;0.7356763
0.5311897;2.026999;1.4135411
0.52182674;2.830974;1.6870828
1.1518364;3.1585293;1.3121662
1.4589691;2.1690109;0.918483
1.0796753;0.9477088;0.6285364
0.7262402;0.8128545;0.56532913
0.7278672;1.5627836;0.6210133
0.81666875;2.2076488;0.65931064
0.772085;2.434515;0.52744853
0.686418;2.443669;0.16570881
0.8210094;2.4986854;-0.25493294
0.96149504;2.2091045;-0.40394637
0.903571;2.053221;-0.5731571
0.9306693;2.046483;-0.50227565
1.0039104;1.8371865;-0.5705705
0.99062836;1.5150617;-0.6252064
0.9971902;1.2542368;-0.6439151
1.0157208;0.979952;-0.7651321
1.0461705;0.7198991;-0.9808557
1.0424051;0.47591928;-1.0909345
1.0518929;0.17136042;-0.95087266
1.0004987;-0.111349165;-0.6763231
0.85196143;-0.31173557;-0.66293347
0.80227226;-0.39470097;-0.8115968
0.77756;-0.52826077;-0.86802745
0.6777121;-0.6905774;-0.94129694
0.6015447;-0.72316504;-1.0936625
0.6401224;-0.63986015;-1.240555
0.70741045;-0.5138412;-1.2018191
0.72286195;-0.29427612;-0.85833025
0.51520365;-0.18151464;-0.4741642
0.4637254;-0.47079766;0.08941865
0.15852915;-1.4490991;0.45278493
-0.4513505;-2.5323262;0.51535296
-0.8247523;-3.332111;0.39978236
-1.0308956;-3.6313138;0.02920088
-1.1059664;-3.426926;-0.08601429
-0.9941482;-2.9571657;0.14056356
-0.89219356;-2.7063577;0.46245086
-1.0559423;-2.693211;0.6699607
-1.4353789;-2.4108188;0.7172185
-1.7358031;-1.73178;0.42689985
-1.5792675;-0.9072991;-0.10848013
-0.91653895;-0.35708925;-0.5524091
-0.109793685;-0.06067141;-0.8138023
0.29966506;0.16083787;-0.6416668
0.12254454;0.053670295;-0.15395845
-0.44883937;-0.16956377;0.24870823
-1.0496964;-0.23877601;0.6177166
-1.2335072;-0.2066458;0.60979825
-0.89305574;-0.090316646;0.23158862
-0.3894446;0.13087168;-0.3616041
-0.058430683;0.32032233;-0.6642833
-0.043619547;0.4656329;-0.51267666
-0.20052063;0.5943813;-0.2820163
-0.4791665;0.62238;0.043136958
-0.7208332;0.516654;0.28763455
-0.76729155;0.3789482;0.35510767
-0.56383324;0.22815858;0.33721113
-0.2979416;0.22002687;0.1510189
-0.12897828;0.3916465;-0.026059883
-0.043807626;0.5195672;-0.2208479
-0.1600461;0.82190377;-0.34542832
-0.4030369;0.688773;0.73928237
-0.9318045;-0.1927316;1.6945509
-1.1016936;-0.10106028;2.2243907
-0.7126049;0.29727677;1.2607626
0.3330411;0.087821424;0.12736005
1.1039329;0.42650715;-0.17311196
0.9643963;1.5287057;-0.56036454
0.69339204;1.8354646;-0.74204165
0.68908864;1.3996216;-0.62175834
0.7278334;0.94313484;-0.37240666
0.5650792;0.42794535;0.20832467
0.21768838;-0.18420622;0.6854097
-8.4929634E-4;-0.63174;0.8170778
0.086820565;-0.7725795;0.7161622
0.27883145;-0.7055636;0.49792978
0.7277527;-0.89257586;0.49834383
0.8415771;-0.82343566;0.46117505
0.5545117;-0.33062357;0.20019005
0.29517186;0.17925116;0.03515204
0.21894999;0.39652592;-0.19687837
0.08765999;0.48753324;-0.6481277
-0.36268452;0.4962766;-0.7997522
-0.8088976;0.63452125;-0.5429267
-0.7721181;0.873242;-0.14059138
-0.53019446;0.8501561;-0.0874731
-0.27728057;0.6207499;-0.026228484
0.015675541;0.4575374;0.1727672
0.14379044;0.30665493;0.39446378
0.046282347;0.21876144;0.40307102
0.005775877;0.19532165;0.072456814
0.2155582;0.093757324;0.10171545
0.38182157;-0.070306644;0.33762237
0.29139474;-0.19374532;0.2263479
0.13155329;-0.19562125;0.11232831
0.03493014;-0.056497;0.04611265
-0.037680887;0.1782399;0.09314012
-0.11451971;0.43321693;0.0932621
-0.13849077;0.7489173;0.024609676
0.007957385;0.8444463;-0.042812258
-0.034259092;0.7638383;-0.096749805
-0.11490727;0.5587269;0.003850154
-0.17317581;0.38370028;-0.021919876
-0.13854066;0.33821023;-0.0675359
-0.067082524;0.42134944;-0.035278723
0.005708981;0.4925483;-0.053222977
-0.039182816;0.3885699;-0.023828382
-0.100096256;0.34913716;-0.031562705
-0.014452002;0.3976691;-0.06900016
0.0259384;0.3794634;-0.05520013
0.039500717;0.38950822;0.1933399
-0.030899424;0.49754408;0.11717191
0.00653046;0.41326964;-1.2467236E-5
0.008349368;0.4052251;-0.018759973
-0.052695505;0.43335974;0.016242022
-0.0702814;0.33516437;0.019243617
-0.024975123;0.23942056;-0.009605107
-0.0387301;0.17434895;0.0048159147
-0.03410908;0.12424478;0.010102732
-0.0054122633;0.07634895;-0.010667815
-0.0074548107;0.013227597;-0.014784251
0.022161152;-0.054652296;0.013172599
0.0021039213;-0.095284335;0.023038078
-0.063941866;-0.10669622;0.030930463
-0.08865349;-0.0701226;0.018494371
-0.024047792;-0.06000433;0.033545498
-4.8823387E-4;-0.03667534;0.0580864
0.024609413;-0.057855897;0.083969116
-0.033437468;-0.017769093;0.042175293
-0.06424998;0.058831602;-0.028759765
-0.026399981;0.13495591;0.0019921882
0.013255016;0.17495692;0.02659375
-0.0018959875;0.15148897;-0.0037249995
-0.03589179;0.12705055;-0.06548
-0.050588433;0.061406065;-0.052384
-0.043595746;-0.0026329614;-0.0044071996
-5.015965E-4;-0.02886418;0.03397424
-0.0097762775;-0.025044471;0.058429394
0.017178979;-0.04679339;0.034243513
0.06061818;-0.039387837;0.04614481
0.023494545;0.0028647312;0.011915849
0.015670637;0.017721472;-0.002967321
0.031286508;0.03136468;-0.027373856
0.04377921;0.059466742;0.028100915
0.044398367;0.011245269;0.047480732
0.032393694;-0.057800658;0.025484586
0.032164954;-0.02924834;0.020387668
0.028856963;0.016835703;0.041310135
-0.03941443;0.069132626;0.03304811
-0.115906544;0.12796235;-0.06731151
-0.089600235;0.13108082;-0.07884921
-0.06543019;0.114434965;-0.06307937
-0.02734415;0.045649536;-0.044213496
-0.012500321;0.0019493159;-0.016620796
-0.025625257;-0.013674922;0.036703363
-0.020500205;0.0062475624;0.010612691
0.005474836;0.018474612;-0.016509848
0.004379869;0.0071625025;0.005542122
0.0035038951;0.0057300017;0.0044336976
-0.009696884;0.021771502;0.022296958
-0.0015075072;0.0019875136;-0.025912434
0.008168994;0.017019698;-0.026979947
-0.021589804;0.0040454464;-0.046583958
-0.026646843;0.026283232;-0.049767166
-0.024442475;0.0649719;0.028936267
-0.01955398;0.09787595;-0.045600988
0.003106816;0.091777325;-0.005230789
-0.013139547;0.1040371;-0.004184631
-0.026136639;0.07937226;-0.022097705
-0.01778431;0.006075929;-0.011428164
-0.048602447;-0.0142798815;-0.04664253
-0.04200696;0.017287033;-0.07481402
-0.030480567;0.031017127;-0.03485122
-0.071259454;0.055477764;-0.040380977
-0.035132565;0.07504627;-0.05105478
0.03751895;0.0542753;0.06540617
-0.0012348401;0.008947584;0.08982494
-0.010362872;-0.054072402;0.040609952
-0.014540298;-0.058589954;0.019987961
-0.008507238;-0.023922743;-0.015259631
0.02756921;-0.0057592886;-0.024707705
0.056430366;0.0049628816;-0.0072661634
0.048269294;0.019302336;0.03168707
0.047990434;0.06524656;0.012849655
0.044642348;0.03305662;0.054029725
0.02008888;-3.1251617E-4;0.05572378
0.041071102;0.0054140496;0.032079022
0.039106883;0.038803894;0.013163219
0.040660504;0.07127749;0.023030575
0.016903404;0.05509328;0.04342446
0.032272723;-0.0057056476;-0.002760432
0.03831818;-0.05246491;0.016541654
0.027529543;-0.06492115;0.050733324
0.040773634;-0.025081448;0.03433666
0.051368907;0.039261013;0.052469328
0.044220127;0.08117688;0.029475462
0.0447511;0.110900976;0.023580369
0.06705088;0.11169441;0.031364296
0.0692657;0.09316412;0.0063414364
0.058537565;0.057319384;-0.013676851
0.05933005;0.03245219;0.014058519
0.016214041;0.016391438;0.029996816
4.712326E-4;0.032253776;0.011497452
-0.008998014;9.128833E-4;0.05294796
-0.054073412;0.012217123;0.01735837
-0.027633728;0.02510573;-0.048613306
-0.022106983;0.071769156;-0.08264064
-0.017685587;0.1129329;-0.078612514
0.0014765308;0.12481898;-0.019140013
-0.061318774;0.088331744;-0.08406201
-0.09593002;-0.01927601;-0.073499605
-0.06424402;-0.14181241;0.028700314
-0.08889522;-0.19194114;0.016710252
-0.06486617;-0.17845525;-0.011631799
-0.030017937;-0.13700248;-0.009305439
-0.05213935;-0.073176205;-0.038694352
-0.04483648;0.027567433;-0.03720548
-0.013994183;0.08907055;-0.029764384
-0.029945347;0.10187167;-0.011311508
-0.030206278;0.06426101;-0.009049206
0.010209979;-0.023249395;0.017760634
0.0019179825;-0.053072173;0.026708508
0.039034385;-0.04817063;0.027616806
0.04372751;-0.027061893;0.028343445
0.022482008;-0.029315531;-0.021075243
0.027360605;-0.034927033;0.033139806
0.053138483;0.017993432;0.032761846
0.061260786;-0.0028293757;0.038709477
0.07400863;0.030283496;0.04971758
0.043581903;0.075932726;0.002274064
0.034865525;0.09709872;0.026819251
0.03726742;0.09110671;0.0402054
0.045438934;0.053744745;-0.017835679
0.045726147;0.03147236;-0.008018543
0.020955918;0.019464996;-0.012664835
-0.0019852654;-0.007401636;-0.016381867
0.010911788;-0.0059213084;0.005644506
0.03372943;0.01057057;0.029515605
0.030108545;0.03907169;0.06736249
0.014711835;-0.0050951866;0.028889988
0.008644468;-0.015575172;-0.02063801
0.022540575;0.020108221;-0.010260409
0.04303246;0.0141334515;0.04804167
-0.006199032;-0.0078094495;0.019683339
0.007540774;-0.040720217;0.009496671
0.03103262;-0.095759764;-0.017402664
-0.009548904;-0.090011135;-0.0014221306
-0.045139123;-0.03946496;0.017612295
0.013888701;-0.0047622765;-0.023410164
0.026735961;0.009596551;0.031271867
-0.019236231;0.0019307806;1.7495304E-5
-0.043513983;0.0072910846;-0.024986004
-0.031686187;-0.022896381;-0.007488803
-0.0065989504;-0.06425216;0.0065089576
-0.02715416;-0.043735716;-0.0010428339
-0.031098329;-0.023513962;-0.007084267
-0.040503662;-0.10684828;-0.024417413
-0.05740293;-0.098955184;-0.03203393
-0.030297345;0.014683507;-0.044377144
0.019512124;0.038553447;0.014498284
0.0093597;0.12464158;0.024098627
-0.0050122403;0.12080702;-0.018221099
-0.025884792;0.027712509;-0.04582688
-0.017582834;0.014503992;-0.036661502
0.017183732;0.047992352;0.014420798
0.10437199;-0.022885414;0.09278664
0.09912259;-0.17150657;0.1617293
-0.15507694;-0.30575994;0.10438345
-0.30218655;-0.45710796;0.058506757
-0.18549924;-0.49771762;0.20305541
-0.2140244;-0.35793972;0.09369433
-0.2962195;-0.34182054;0.09995546
-0.1682256;-0.03595642;0.37996438
0.056044515;0.30805126;0.6414715
0.21046062;-0.040766016;1.2381772
0.027743489;-0.12636282;1.6155418
-0.6184302;0.1668785;1.1111834
-1.1634941;0.31731626;0.6389467
-1.1182953;0.1715044;0.4174074
-0.96651125;-0.32988635;0.015175903
-1.091959;-0.3846122;-0.86285925
-1.0423172;0.3892585;-1.4465374
-0.35260376;1.2648492;-1.604105
0.411667;2.032973;-1.233284
1.0105836;1.9670035;-0.7272522
1.0115919;0.5032903;-0.13180172
0.2998985;-1.2098678;0.113308616
0.3242938;-2.4788318;-0.021853106
1.0469351;-4.028378;-0.6612325
0.918798;-4.6195774;-0.610236
-0.046211574;-2.701912;-0.03818879
5.3073926E-4;-0.10371698;0.46319896
0.9785496;1.1349952;0.67055917
1.5422146;0.8619024;0.59894735
1.2900218;-0.3886031;0.20415787
0.71482986;-1.556195;-0.2429237
0.4734264;-2.198081;-0.48808897
0.70686615;-2.4615898;-0.55922115
1.0217429;-2.3661468;-0.6505019
1.2134881;-1.9397925;-0.66102654
1.2746967;-1.5174589;-0.50694627
1.1236637;-1.0952172;-0.458682
0.9489309;-0.7761737;-0.53882056
0.89859784;-0.708439;-0.64043146
0.9427064;-0.78237617;-0.72172016
0.87096196;-0.638401;-0.89925116
0.8137618;-0.29197076;-1.0225259
0.91706777;-0.014826611;-0.98364574
1.0629084;0.08501371;-0.8025416
1.0130221;0.13051097;-0.69515824
0.8928395;0.40753376;-0.47800162
0.74317783;0.82915205;-0.29490128
0.7226673;1.2164466;-0.27342102
0.76797754;1.2762823;-0.42811182
0.7901633;1.0460259;-0.38311446
0.7071307;0.8743207;-0.20961657
0.51961076;0.75883156;0.054181743
0.19537611;0.45081523;0.3245954
-0.14408974;0.06377718;0.6003013
-0.38929522;-0.055228256;0.72399104
-0.42061588;0.2058174;0.82606786
-0.25602394;0.47715393;0.8827293
-1.3165611E-4;0.81609815;1.0311834
0.10145718;0.84350353;1.2436967
-0.14266239;0.34042782;1.1512074
-0.4186221;-0.34640774;0.9459659
-0.40001;-0.8615012;0.81927276
-0.13438787;-1.039201;0.7241682
0.0075287684;-1.0626107;0.48558456
0.08824958;-0.9782136;0.26346764
0.09169341;-0.8856959;0.19202411
-0.049106207;-0.9460567;0.05986929
-0.05276153;-0.83497036;-0.12710457
-0.06330297;-0.0742263;-0.67043364
-1.0022049;0.73124397;-0.5363469
-1.9701233;3.209214;0.05842246
-2.0229735;3.7676642;0.63423795
-1.0199414;0.6208696;0.2823904
1.064418;-3.5064294;-1.2772127
2.5071008;-5.7238936;-1.6748952
2.4431806;-3.4416149;-1.8117912
1.984232;-0.7439168;-1.7775578
1.4858232;-0.18888345;-2.2157962
0.9261585;-0.7792318;-2.828887
0.46748927;-1.0858854;-2.964672
0.14117894;-0.7312083;-2.7904878
0.023099393;-0.5412167;-2.5542653
0.13488576;-0.38922334;-2.4285684
0.046971112;-0.092628665;-2.2471516
-0.24992311;-0.5678529;-2.171061
-0.42415723;-1.1480323;-2.3267903
-0.30651328;-1.0934259;-2.1922915
-0.20927313;-0.6809907;-1.8116457
-0.29163724;-0.56354254;-1.3766603
-0.4114348;-0.45708406;-0.7009377
-0.29828846;-0.37191725;-0.026472801
-0.01324015;-0.6475338;0.3771616
0.11050163;-1.036777;0.56012774
0.032932553;-1.0919216;0.6356022
0.114627294;-1.0297873;0.4721536
0.3174831;-0.8988298;0.09647289
0.42664272;-0.60656387;0.031084564
0.49834543;-0.3227511;0.07662547
0.5721138;-0.19570088;0.0632535
0.70456606;-0.1315607;0.019938733
0.81521535;-0.086498566;0.0427088
0.7881098;0.01830115;0.047643602
0.7195503;0.20214093;-0.053877305
0.59907776;0.38671273;-0.18665653
0.5058247;0.5718702;-0.36187404
0.40465978;0.71374613;-0.6781223
0.2987278;0.6834969;-1.0686697
0.22023225;0.52804756;-1.2674358
0.18556081;0.37868804;-1.1592611
0.06719864;0.034200422;-0.5039714
-0.13061608;-0.22888966;0.17494789
-0.21386787;-0.38311172;0.342888
-0.1320318;-0.43773937;0.33173227
-0.054062936;-0.4126915;0.3134327
-0.11043785;-0.2551532;0.1702774
-0.07585028;-0.022872563;0.1170813
0.011194777;0.13170195;0.057141602
0.08239332;0.21161155;0.0037210938
0.12216466;0.31303924;-0.04682781
0.16648172;0.3691814;-0.07183725
0.21756038;0.36409512;-0.0996573
0.2006108;0.3850261;-0.085585214
0.18236364;0.35802087;-0.14893693
0.16464092;0.3176667;-0.13243079
0.12233773;0.22288336;-0.14422588
0.09630769;0.07830669;-0.12124008
-0.04951635;-0.06235465;-0.1755077
0.37913692;-0.09363372;-0.36814052
0.20643453;0.012593024;-0.41873118
-0.18953986;-0.12117558;-0.40998495
-0.1328819;-0.046940465;-0.50611293
-0.04536802;0.13744763;-0.42051536
-0.07066941;0.2787081;-0.36063105
-0.08466053;0.33546647;-0.24866109
-0.089603424;0.3683732;-0.14502262
-0.09043274;0.36969855;-0.043361843
-0.081721194;0.30825883;0.05124803
0.012748046;0.24035707;0.08709217
0.113323435;0.11103566;0.08295499
0.11565875;-0.011171474;0.09136399
-0.0027855004;-0.00893718;0.14574744
-0.1069159;0.0053502563;0.10878545
-0.11522022;-0.1207198;0.016715864
-0.032801177;-0.39032584;-0.22647107
0.07063406;-0.64976066;-0.49992684
0.14713225;-0.86980855;-0.760879
0.0692683;-0.8895968;-0.8040157
-0.018022861;-0.65542746;-0.62758756
-0.05973079;-0.39309198;-0.57863253
-0.20403463;-0.12697357;-0.5488435
-0.3366652;0.27342114;-0.35001233
-0.38339466;0.7249869;-0.18313485
-0.24734074;0.89248955;-0.2636954
-0.22599758;0.7389916;-0.2875188
-0.20736057;0.5911933;-0.034702547
-0.15338846;0.45420465;-0.04494954
-0.050835762;0.2758637;-0.21095963
0.08745639;0.12694097;-0.4250177
0.12465261;0.12655278;-0.63063914
0.16690959;0.16999222;-0.6279488
0.21477768;0.30474377;-0.5570466
0.23119713;0.41879502;-0.5128248
0.2333952;0.42253602;-0.4290098
0.20077866;0.42552882;-0.26977035
0.087185435;0.5029231;-0.020503772
-0.052126653;0.5367134;0.21797198
-0.14326382;0.41062075;0.4087526
-0.17867355;0.1566216;0.56137705
-0.049188845;-0.19345272;0.7537891
0.123148926;-0.41726217;0.8655313
0.15320663;-0.50880975;0.8916438
-0.0024346893;-0.4570478;0.9828463
-0.15976025;-0.34688824;1.0183083
-0.2012457;-0.31501058;1.0119122
-0.09380906;-0.40200847;0.9376548
0.05307775;-0.52785677;0.7387957
0.1830872;-0.64103544;0.5468959
0.19021976;-0.62532836;0.35118863
0.09748831;-0.48151267;0.18954466
0.007678147;-0.27896014;0.007885726
-0.0063574826;-0.1606681;-0.22962892
0.005851514;-0.10353449;-0.41339064
0.012493711;-0.10782759;-0.6174313
-0.007192531;-0.14876208;-0.88457
-0.018254025;-0.12525965;-0.9373435
-5.4071983E-4;-0.037707727;-0.8920623
0.027692424;-0.011416181;-0.9355248
-0.02784606;0.015867056;-0.8890449
-0.12852685;0.031443644;-0.9424859
-0.24344648;0.025154915;-1.0414888
-0.22600718;0.09512393;-0.88944095
-0.14955574;0.18859914;-0.4287403
-0.1274571;0.20087932;0.32888278
0.110534325;0.14195345;0.7084187
0.058739956;0.20106277;0.60736
-0.30300802;0.1983502;0.77026296
-0.30959392;-0.022569831;1.2154292
-0.019550141;-0.53680587;1.6574996
0.12029739;-0.9481947;1.4754137
-0.1396996;-1.2773057;1.3334559
-0.27738467;-1.4593446;1.3980148
-0.10315774;-1.1049757;0.62817746
-0.030963691;-0.79648054;0.32461226
0.41741654;-0.5996844;0.77277577
0.75424576;-0.32974756;0.48225868
0.6440216;-0.18254805;-0.14834832
0.4636548;-0.13978843;-0.70305365
0.2912363;0.26316926;-1.1882242
0.22830155;0.9730354;-1.4287044
0.18107875;1.6159283;-1.4960885
0.144863;2.0677426;-1.4640583
0.12214039;2.126069;-1.5837467
0.13989982;1.0727303;-1.6232473
0.14316985;0.33318424;-1.5673479
0.17391089;0.3477974;-1.3570032
0.1750662;0.55948794;-0.7043526
-0.06619704;0.9225903;0.0990179
0.06422987;0.13807227;0.16202682
0.2201339;-0.57704216;-0.02194104
0.19485712;-0.29288375;0.29650965
0.2590107;0.328193;0.47314525
0.30564606;0.8594294;0.6410162
0.20389184;1.1219186;0.80031294
0.08186348;0.98815984;0.79181284
0.110803284;0.73740286;0.77407527
0.19020513;0.56179726;0.8106665
0.2365391;0.45881283;0.93759567
0.31423128;0.39205027;1.1696078
0.26388502;0.16676521;1.4183034
0.20798302;-0.14158784;1.297338
0.26013643;-0.52889526;1.0475384
0.20810913;-0.4231162;0.83803076
0.2539873;-0.83224297;0.6837547
0.30631486;-0.9345444;0.5221502
0.42630187;-0.8288855;0.3870561
0.5441665;-0.5881084;0.26364878
0.5228332;-0.34548673;0.17654404
0.36826655;-0.18263938;-0.10954602
0.24148825;-0.2773615;-0.3403712
0.1650656;-0.42188922;-0.35667196
0.18205248;-0.43126136;-0.31971255
0.24564198;-0.2762591;-0.19287942
0.22463858;0.04774273;-0.09102229
0.14846087;0.3444442;-0.055630334
0.1312687;0.50680536;-0.04645739
0.14251496;0.56169426;-0.08091591
0.14213696;0.5556054;-0.20613898
0.18245958;0.50698435;-0.22272368
0.23346765;0.45246246;-0.16880395
0.25239912;0.42134497;-0.044418156
0.21129431;0.40895098;0.1039186
0.18153544;0.4021608;0.213213
0.21710335;0.45297864;0.33736727
0.27368268;0.4748829;0.34255007
0.29082114;0.53303134;0.243376
0.33265692;0.53580004;0.21950549
0.36612552;0.45051503;0.13732314
0.40540043;0.40728703;0.09462413
0.41494533;0.40082964;0.045230556
0.4069563;0.3800387;0.18345007
0.37869;0.43840596;0.34773663
0.393577;0.5163498;0.33180258
0.42423663;0.50370485;0.36309832
0.35813928;0.49358886;0.42456067
0.28963643;0.47924608;0.4986329
0.23170915;0.46152186;0.5020313
0.19786732;0.39109248;0.5051407
0.16454385;0.284749;0.47130007
0.16913508;0.2402992;0.46883693
0.24468307;0.23598936;0.43444455
0.29574645;0.21379149;0.38349313
0.23034716;0.1491582;0.37632576
0.15927774;0.15995155;0.3948106
0.10867219;0.15296124;0.41350472
0.09318775;0.166119;0.40736628
0.1120502;0.15789519;0.42354926
0.105265155;0.101316154;0.4247769
0.074837126;0.109177925;0.3874778
0.1004947;0.15296733;0.40060723
0.07727076;0.14737387;0.3642358
0.10244161;0.2085241;0.17263862
0.15695329;0.3199443;0.1381109
0.12556262;0.37470543;0.07611372
0.0817001;0.27788934;0.124172226
0.018485082;0.05981147;0.26886904
0.036663067;-0.055275824;0.25415772
0.10120545;-0.034845658;0.16348243
0.14346436;0.03774847;0.10969219
0.11789649;0.13957378;0.12525375
0.13181719;0.15540902;0.17520301
0.13670376;0.10870222;0.2432874
0.112488;0.071336776;0.31806743
0.0337404;-0.07418058;0.38257894
-0.069882676;-0.26871946;0.26856315
-0.037156142;-0.38372558;0.21485052
0.039025087;-0.39135545;0.2609429
0.09059507;-0.28183436;0.41500434
0.09435105;-0.006717493;0.46950346
0.06610584;0.241501;0.37247777
-0.10649032;0.16507581;0.34641972
-0.29769227;-0.092939354;0.33807328
-0.25377882;-0.21497649;0.13452113
-0.021773046;-0.15635619;-0.2126956
0.11070656;-0.14695995;-0.28890648
0.04169025;-0.31756797;-0.029562688
-0.0197728;-0.45405436;0.19822486
-0.02519324;-0.4694935;0.3085799
-0.023279592;-0.30996978;0.3828014
-0.0061236736;-0.15110083;0.46249112
-0.014273939;-0.07400567;0.5731179
-0.05516915;0.0032954647;0.6303693
-0.06288532;0.10576137;0.71992046
-0.009683257;0.2533591;0.66343635
0.023503395;0.45581228;0.5963741
-0.0061972844;0.61777484;0.5802243
-0.07995783;0.7410949;0.48605442
-0.082716264;1.0085009;0.39821854
-0.03492301;1.2989882;0.30607483
-0.024813408;1.4485656;0.107359864
-0.019850725;1.3776025;-0.15786211
-0.06900558;1.1786444;-0.3231647
-0.064579464;1.1710405;-0.47415674
-0.04228857;1.1680825;-0.6965129
-0.07445586;0.93290347;-0.98533535
-0.043939687;0.5650728;-1.2132683
0.07109825;0.11768322;-1.1065521
0.2162536;0.50039655;-1.8489136
0.4980029;0.52062976;-1.2513964
0.3734023;0.3430663;-0.75033593
0.042471845;0.12132805;-0.90651876
-0.18164752;-0.36387506;-0.87248063
-0.14531802;-0.70047504;-0.51790637
-0.066254415;-0.95100504;-0.29166883
0.009496467;-1.245179;-0.30833507
0.013847174;-1.6367682;-0.4208868
-0.04517226;-1.8187896;-0.5722563
-0.0142628085;-1.5894066;-0.5706957
0.03233975;-1.3559003;-0.4182753
-0.0397532;-1.1472203;0.036864135
-0.24430256;-0.6896512;0.32441318
-0.33606705;-0.33297098;0.2712493
-0.35322863;-0.60387677;0.06543694
-0.44195792;-0.6862264;-0.03358795
-0.52231634;-0.44273114;0.0129733905
-0.58347803;-0.15418491;-0.026340038
-0.60740745;0.0016520726;-0.02419703
-0.65155095;-0.17680334;0.45329863
-0.8556158;-0.25394267;0.77592015
-1.0157427;-0.35940415;0.8176111
-1.046969;-0.5312733;0.6931514
-0.99382526;-0.5375186;0.37639612
-0.7919352;-0.5268899;0.2995544
-0.5991732;-1.159012;0.65995604
-0.62621355;-2.3397095;1.3904648
-0.9431583;-3.1467676;2.1826844
-1.4076517;-3.117414;2.8305225
-1.7933089;-2.4314313;2.973793
-1.8573033;-1.157645;2.8040345
-1.4131864;-0.26361603;2.8557274
-0.6946116;-0.23589282;3.059582
-0.2588143;-0.68246424;3.1664157
-0.5492389;-0.2959714;2.2768824
-1.1784537;1.1069729;0.846506
-1.4638567;1.7855783;-0.3134202
-1.2304603;0.76596266;-0.99761117
-0.8788995;-0.5809799;-0.8762139
-0.61913526;-0.97103393;-0.7134712
-0.33866757;-0.39557713;-0.75827694
-0.13421531;1.4147882;0.11212847
0.05122151;3.4380805;0.84907776
0.3112897;4.4567146;1.1355122
0.47246927;4.0903716;1.1396598
0.4029754;3.03011;0.76797783
0.17316158;2.1553378;0.23313226
-0.11615824;1.6539577;0.31775582
0.04144841;1.5309787;0.08545464
0.4792525;1.7497829;-0.23163629
0.59590197;1.9427952;-0.27905902
0.6048466;1.6370486;-0.16699722
0.56200224;0.47917014;-0.39297277
0.42460182;-0.5651014;-0.57687825
0.14593145;-0.7973936;-0.77400255
-0.15981734;-0.5410399;-1.072327
-0.26222888;-0.3359569;-0.77973664
-0.12697059;-0.40314054;-0.43941432
0.10467352;-0.55376244;-0.26403147
0.21342632;-0.44925994;0.060649835
-0.066758946;-0.31565794;0.29851988
-0.45496964;-0.05877636;0.4794409
-0.55538195;0.13891642;0.9273027
-0.38883683;-0.16855437;1.1355922
-0.20013197;-0.3192185;0.83347374
-0.07182432;0.054000203;0.985529
-0.099646956;0.78382516;1.3509232
-0.18831131;1.5583102;1.6494886
-0.3576803;1.5544606;1.7133409
-0.48145676;1.1380998;1.0706726
-0.41563416;0.67532355;0.47528815
-0.36766356;-0.02692867;0.3677305
-0.34725586;-0.28716794;0.02543441
-0.11139843;-0.24692185;0.032847527
0.2272875;-0.18816248;0.06377802
0.5622988;-0.3552175;0.032272417
0.6732765;-0.352924;-0.33668205
0.6120587;0.04109831;0.018154347
0.34902197;0.9149099;0.070773475
0.19796757;1.4905217;-0.6558812
0.44899905;1.0588236;-0.974705
0.6529493;0.21268387;-1.242264
0.7098594;-0.34469664;-1.3188112
0.722575;-0.6695073;-0.81129897
0.5514975;-0.7762309;-0.31778917
0.45682302;-0.48035967;-0.12923132
0.4670209;-0.31553775;-0.14713506
0.4251792;-0.5336802;-0.25520805
0.42451838;-0.70819414;-0.12916644
0.4864897;-0.72593033;0.0154168485
0.48137927;-0.71511924;0.21858348
0.38041592;-0.5127204;0.23736678
0.32308272;-0.44767633;0.13364343
0.35221618;-0.55814105;-0.34308526
0.28489795;-0.78713787;-0.9963432
0.23104335;-1.1515852;-0.9001996
0.048897184;-1.2462683;-0.58265966
-0.109319754;-1.0188895;-0.31612772
-0.2108933;-0.85261166;-0.43102717
-0.16558965;-1.0070894;-0.6479467
-0.15278421;-1.0275464;-0.6277324
-0.14410236;-0.5439122;-0.37093592
-0.043406896;0.24299526;-0.002998732
0.07621198;0.7412712;0.10385101
0.14534459;0.68051696;0.029955812
0.08346317;0.49441358;-0.25728536
0.0027080353;0.50803083;-0.4339533
-0.14939608;0.8876747;-0.33466262
-0.29139185;1.6304523;0.2228949
-0.4424885;2.0559244;0.6720659
-0.49774078;1.4759895;0.77515274
-0.34819263;0.39954156;0.6826222
-0.037929107;-0.5459918;0.47734776
0.16965671;-1.3430434;0.0350032
0.18885037;-1.7525598;-0.22824743
0.1432678;-1.6989228;-0.32947296
0.12086424;-1.4310132;-0.43545336
0.06544139;-1.1073105;-0.47336268
0.010165613;-0.7670985;-0.47869015
-0.04499251;-0.44805378;-0.53295213
-0.03599401;-0.14281802;-0.6326117
0.061829794;0.010745587;-0.63421434
0.11352634;0.08047147;-0.5917465
0.11582107;0.19875218;-0.4733972
0.13328186;0.21525174;-0.19121775
0.105062984;0.2565764;-0.0435992
0.04342539;0.3115111;-0.03487936
-0.06838469;0.17733389;-0.062278487
-0.13127026;0.038742114;-0.14357279
-0.0815787;-0.04400631;-0.16173324
-0.052762963;-0.11645505;-0.11376159
-0.06564787;-0.17441404;0.002740731
-0.08376829;-0.28328124;0.09906758
-0.120139636;-0.31724998;0.13862906
-0.1445492;-0.2663;0.24215326
-0.13282686;-0.209915;0.3249726
-0.117198996;-0.221057;0.3068531
-0.1140717;-0.2768456;0.30173248
-0.083444856;-0.23085147;0.26638597
-0.09800588;-0.30968118;0.26623377
-0.1674672;-0.45399493;0.23173702
-0.23553626;-0.51632094;0.20726462
-0.31186652;-0.50993174;0.2595617
-0.30730572;-0.3485704;0.29827437
-0.24584457;-0.07885633;0.2729945
-0.16542566;0.11503994;0.28402057
-0.09327802;0.16078195;0.18034147
0.001940081;0.08487556;0.041148175
0.0015520648;0.06790045;0.032918543
0.04030415;0.0105703585;-0.089290164
0.08380582;0.11783129;-0.19330713
0.120169654;0.26926503;-0.2546457
0.19457322;0.41853702;-0.22871657
0.24159609;0.50982964;-0.21734825
0.28077686;0.4922387;-0.2176286
0.276184;0.36879095;-0.20222788
0.20063469;0.27940777;-0.2430323
0.18394525;0.21727622;-0.24755085
0.1721562;0.13007097;-0.20741567
0.122099966;0.09468178;-0.17218255
0.07580497;0.0038704204;-0.11899603
0.043456476;-0.050028663;-0.092071824
-0.005859819;-0.005647931;-0.06115746
0.012499644;-0.082643345;-0.017675968
0.017812217;-0.14111468;0.0014842252
-0.0060627274;-0.25039175;0.04181238
-0.015787682;-0.3284384;0.070949905
-0.025130145;-0.21275072;0.14425993
-0.045104116;-0.02645057;0.20915794
-0.061083294;0.041339543;0.24545135
-0.07074163;0.0049466346;0.24636108
-0.089405805;0.032082308;0.22521387
-0.06683715;0.09441584;0.24267109
-0.042532217;0.11928268;0.28476188
-0.029338274;0.023551142;0.4809345
-0.11565812;-0.20303409;0.6847476
-0.2331515;-0.40617728;0.80404806
-0.2849587;-0.5093168;1.1869885
-0.35452947;-0.5199534;1.4870908
-0.49924856;-0.17846276;1.5146726
-0.60721135;0.4509798;1.3679881
-0.57014406;1.1357838;0.89439046
-0.37174025;1.4836271;0.49051237
-0.033329714;1.3790891;0.08615991
0.29989874;1.1267089;-0.31857207
0.5196065;0.85449207;-0.6173577
0.5906852;0.49609366;-0.9626361
0.5037981;0.2656249;-1.2888589
0.498351;0.25937495;-1.3373371
0.5205558;0.25749993;-1.2886198
0.44925717;0.31849995;-1.1465207
0.35159323;0.60011244;-0.9297166
0.21408708;0.82071495;-0.33752328
0.12908216;1.1675094;0.15185638
0.25639072;1.3715075;0.37148508
0.4113626;0.9972061;0.75343806
0.29159006;0.33526486;0.98400044
0.09420955;-0.041163117;0.9747004
0.22693014;-0.1579305;1.0172603
0.38466913;-0.4013444;0.7888082
0.2858603;-0.35701302;0.4122966
0.5224382;0.17376459;-0.10141273
