-0.07682766;0.281591;0.18765934
-0.09896213;0.27527282;0.25012746
0.0270803;0.0022494919;0.18760197
0.09822674;-0.18413791;-0.043668423
-0.016731108;-0.10746658;-0.11618474
-0.08994739;0.12340174;0.02580221
-0.07977041;0.255362;0.09564177
0.0064961724;0.27889898;0.12026341
5.09438E-4;0.1715567;0.03996073
0.01759505;-0.0791609;-0.068031415
0.042201042;-0.19145373;-0.21692513
0.108760834;-0.23206922;-0.2735401
0.20263366;-0.2794054;-0.35008207
0.24179444;-0.27899304;-0.31756568
0.20437305;-0.20053819;-0.19155253
0.121310934;-0.10261805;-0.028242027
0.01267375;-0.042250693;-0.010093622
-0.030486;-0.064269304;0.016925102
-0.043138802;-0.035790443;0.119790085
-0.04701104;0.042461395;0.16458206
0.06551617;0.12381287;0.09416565
0.21335043;0.19670655;0.031582523
0.32849285;0.32181835;0.012766018
0.3346693;0.37425157;-0.002287186
0.34117293;0.27440125;0.041920252
0.26356333;0.100771;0.1335362
0.13116316;-0.0740707;0.19432896
-0.013819464;-0.25456905;0.19296317
-0.089180574;-0.377874;0.12312053
-0.14946945;-0.3507367;0.28599644
-0.22113806;-0.22902685;0.47254714
-0.12378545;0.010528513;0.34053773
-0.06309086;0.04123531;0.07868017
-0.06453519;0.092363246;-0.037055865
-0.09069065;0.071546845;-0.14839469
-0.17880252;-0.15291877;-0.18121575
-0.17272952;-0.19186626;-0.1512226
-0.106933616;-0.14958677;-0.052228082
-0.05117189;-0.11732566;-0.054282464
-0.03156251;-1.1052863E-4;-0.08717597
-0.01431251;0.26241156;-0.044740777
-0.04426251;0.4181324;0.0017073778
-0.046347506;0.3575528;-0.0548841
-0.052703004;0.3340891;-0.018907279
0.014087596;0.29774004;-0.015125822
0.05189508;0.29209828;-0.087100655
0.02901606;0.25281924;-0.094680525
-0.029912151;0.1866304;-0.07574442
-0.10517972;0.22781995;0.014404463
-0.15289378;0.28967783;0.08652357
-0.09262752;0.24502352;0.07546885
-0.08660202;0.1694563;0.016625086
-0.06459411;0.2693541;0.025800068
-0.011050291;0.2576708;-0.0043599457
0.0052222675;0.19090226;-0.14723796
0.052615315;0.21209681;-0.19904037
0.067092255;0.133154;-0.090482295
0.0021113008;0.022343518;0.040114168
-0.10924846;0.06572638;0.044591334
-0.113961264;0.12543267;0.048173066
0.016643487;0.26872993;0.07603845
0.0070647886;0.26284924;0.08583076
9.643311E-4;0.0016474882;0.3311646
0.011708965;-0.1672367;0.5024317
-7.82812E-6;-0.3328128;0.44569534
-0.103131264;-0.04613305;0.28780627
-0.30125502;0.69258577;-0.044754975
-0.406629;1.0208654;-0.267054
-0.4081157;0.6159111;-0.13864319
-0.45305505;0.2860883;0.21408546
-0.71244407;-0.23836571;0.40251836
-0.89183027;-0.69806564;0.4095147
-0.6759642;-0.9701712;0.28386176
-0.32827136;-1.344887;0.045839403
-0.13761708;-1.7032534;-0.40082848
-0.16009367;-1.6797901;-0.30816278
-0.42494994;-0.89070714;0.24721977
0.26941505;0.11243429;0.3290258
1.349907;0.44619742;-0.53677934
0.68305063;0.031176694;-0.66692346
-0.041059494;-0.20865239;-0.24603878
-0.07034759;0.053390585;-0.20308103
0.09997193;0.53450936;-0.67496485
0.05966504;0.43346685;-1.1868469
-0.07570547;-0.038382772;-1.1369774
0.19412312;-0.4478937;-0.672082
0.7271735;-0.764565;-0.06579059
0.9036138;-0.7225895;0.34736753
0.87132853;-0.33275908;0.315394
0.8626878;-0.48183227;-0.022684783
0.82452524;-0.7557783;-0.29314783
1.0158702;-0.31712264;-0.37826827
1.2431649;0.36661437;-0.40261462
1.2128913;0.5589165;-0.2345917
0.9585943;0.32135195;-0.18142335
0.7461723;0.10317531;-0.18263867
0.85143006;0.0583215;-0.052360944
1.2479409;-0.07443655;0.19561124
1.5684699;-0.26736173;0.443989
1.670401;-0.3467019;0.7489412
1.6144457;-0.3867365;0.82415295
1.5556191;-0.37657672;0.7218224
1.5773078;-0.28876138;0.6712079
1.6415337;-0.1950716;0.6932163
1.616352;-0.15449478;0.61082304
1.5618316;-0.20953332;0.66365844
1.5432153;-0.30200166;0.81217676
1.5408223;-0.31660134;0.9559914
1.4420328;-0.41890606;1.0772932
1.1161262;-0.59606236;0.9743345
0.76790094;-0.5799749;0.7732176
0.53932077;-0.3092924;0.5060741
0.31583163;-0.09274642;0.41110927
-0.019209702;-0.074197136;0.31638741
-0.31068027;-0.04217021;0.17185993
-0.4704192;-0.07904867;0.08748794
-0.6060229;-0.15698893;0.038740356
-0.7301308;-0.14902864;-0.14400771
-0.77160466;-0.16922292;-0.3589562
-0.71259624;-0.14944084;-0.46841493
-0.78101444;-0.110177666;-0.58723193
-0.8677803;-0.14595464;-0.8135356
-0.7981305;-0.10895121;-0.8695784
-0.7228794;0.15815154;-0.8144128
-0.68924105;0.31402123;-0.7265302
-0.81936157;0.24027948;-0.73747414
-0.9867393;0.20941108;-0.8024793
-1.0057976;0.28784138;-0.87323344
-0.9155756;0.4458981;-0.8423368
-0.8989644;0.38015598;-0.8051194
-1.0598942;0.21818729;-0.67534554
-1.2215482;0.14017482;-0.6027764
-1.1303636;0.20432736;-0.62909615
-1.0304627;0.41814938;-0.7439019
-1.0814013;0.53686327;-0.85762155
-1.1159024;0.4810531;-0.8642222
-1.1731906;0.50515497;-0.8226278
-1.2354275;0.45646775;-0.80810225
-1.3117795;0.22923669;-0.7214818
-1.2822361;0.25995186;-0.4959354
-1.1320388;0.49077398;-0.35924834
-1.0275061;0.5519942;-0.28739867
-1.0735674;0.4220641;-0.19866894
-1.0854164;0.36655754;0.009814851
-1.0089581;0.5287929;0.18910187
-0.8634165;0.6910031;0.2856565
-0.7063582;0.7233103;0.3535252
-0.66508657;0.58060133;0.41407016
-0.65081924;0.3287389;0.5093811
-0.5925304;0.2629911;0.7043799
-0.48964933;0.3900804;0.81975394
-0.45734444;0.472953;0.8058031
-0.42837557;0.3132745;0.7008925
-0.35520044;0.095443815;0.791964
-0.27478537;0.14354256;0.9085712
-0.1417033;0.12616217;1.0018569
-0.06023763;-0.14789839;1.0577356
-0.1106901;-0.51245934;1.0836885
-0.18542708;-0.68184245;1.0357008
-0.17334166;-0.61656773;0.7723106
-0.038673334;-0.34012917;0.4428485
0.09093633;-0.095540844;0.1605288
0.17587407;-0.0022139263;-0.046576966
0.25944924;0.06541636;-0.15601157
0.3263094;0.048426837;-0.21855927
0.32042253;-0.05110228;-0.27484742
0.23758802;-0.16197558;-0.30737793
0.061945412;-0.19833046;-0.23340234
-0.05981867;-0.054758117;-0.23047188
0.042770065;0.15111539;-0.3343775
0.20609105;0.16503292;-0.342502
0.25237283;0.19687009;-0.4177516
0.35033578;0.2688242;-0.33420128
0.32401863;0.41974685;-0.17986102
0.3404649;0.36450842;0.08736118
0.42237192;0.025395803;-0.061361056
0.38633505;-0.084761485;-0.011588844
0.918443;0.1255502;0.3032289
0.9160044;0.20551828;0.54883313
0.37186605;-0.22621039;0.5015665
0.35374284;-0.35518706;0.28250322
0.46893176;0.11819411;0.27600256
0.4063954;0.15939903;0.23330206
0.20167883;0.091191106;-0.18835835
0.17228056;0.008109133;0.07431331
-0.0043630498;-0.21773145;-0.09054935
-0.35974044;-0.5230133;-0.31618947
-0.5268549;-0.7918481;-0.48420158
-0.25742137;-0.772541;-0.7311113
0.017500395;-0.5945953;-0.81613904
0.004625316;-0.39442623;-0.63416123
-0.18223725;-0.4108535;-0.26357898
-0.3114148;-0.5271203;-0.023363175
-0.35069433;-0.76857126;0.21880946
-0.35711798;-1.1476694;0.26879758
-0.34663188;-1.3509481;0.07128806
-0.2741805;-1.263571;-0.09921955
-0.2427819;-0.9546068;-0.25437564
-0.21141303;-0.56993544;-0.25975052
-0.2910054;-0.16532333;-0.2828004
-0.24530433;0.37242883;-0.16999033
-0.063430965;0.8745056;-0.19224226
-0.07574477;1.1410106;-0.3537938
-0.16840832;0.9073398;-0.20803505
-0.25347665;1.1469656;-0.09142804
-0.27465633;1.5855412;0.10810757
-0.15722506;1.8906986;0.23023605
0.0085949525;1.7422464;0.44043884
0.39906347;1.1641096;0.98985106
0.5005008;0.34163925;0.7856309
0.14883812;-0.5155558;0.5410047
-0.31530452;-1.3374447;0.05780375
-0.4178686;-1.9887058;-0.016257
-0.21554488;-2.1159647;-0.2755056
-0.08493591;-1.6865216;-0.47040448
0.07111377;-0.99921733;-0.34507358
0.16470352;-0.37281135;-0.35105887
0.09270032;0.065813415;-0.11209709
-0.096152246;0.35421324;-0.16467768
-0.1175468;0.5638393;-0.18799214
0.012212561;0.7518527;-0.019143712
0.03477005;0.9366384;-0.12781496
-0.02218396;0.86649823;-0.22100198
-0.117747165;0.7041361;-0.10805158
-0.18482274;0.5980745;-0.08019126
-0.16973318;0.4226002;-0.02040301
-0.15766156;0.19511142;-0.028822409
-0.16675425;-0.08766086;-0.066807926
-0.21152839;-0.18497244;-0.10344634
-0.14734772;-0.1190717;-0.0077570737
-0.08975317;-0.07416361;0.031294342
-0.078052536;-0.061674636;0.025035473
-0.07806703;-0.06027721;0.007528378
-0.118703626;-0.056034267;-0.037727296
-0.0980879;0.0145475855;-0.011431837
-0.08159532;0.08273182;-0.00914547
-0.040276255;0.18493545;-0.026066376
0.033403996;0.27763587;0.0541469
0.1110982;0.28148368;0.05581752
0.16075356;0.15096821;0.12590401
0.091102846;0.028587062;0.1319732
0.07600728;-0.0247866;0.09307857
0.12330582;-0.03311053;0.049462855
0.15489465;0.055542827;0.0020702847
0.18016572;0.19599676;0.10165623
0.17225759;0.26539117;0.13757499
0.17843106;0.23926605;0.09755999
0.15680735;0.14727221;0.12179799
0.08638338;0.052974023;0.02243839
0.050356705;-0.17246453;0.017950714
-0.059714638;-0.27156538;-0.02313943
-0.1415217;-0.20240855;-0.10601155
-0.16634236;-0.10567684;-0.09730923
-0.18932389;-0.029072722;-0.09034739
-0.17958412;0.025960572;-0.10352791
-0.1624173;0.11295596;-0.12032233
-0.12680884;0.14427102;-0.04625786
-0.120197065;0.07322931;-0.030756291
-0.12428265;0.0031147003;-0.118355036
-0.058801122;0.01186676;-0.025934026
-0.0345409;0.0016809083;0.01050278
-0.04013272;-0.054124024;-0.054097775
-0.06648117;-0.03939297;-0.06202822
-0.01255994;0.07942312;-0.018372577
0.058702048;0.21861662;0.04155194
0.056336638;0.28036204;0.05824155
0.04194431;0.21061777;0.021593241
0.021055449;0.124744214;0.048524592
0.05434436;0.107217245;0.032569673
0.07160049;0.12405504;0.0010557392
0.06665539;0.13947842;0.03834459
0.09394931;0.12486398;0.055675674
0.08453445;0.099891186;0.07579054
0.05200256;0.060772322;0.04813243
0.050977048;0.07361786;0.0010059446
0.06265664;0.037800536;0.057054754
0.04075031;0.045474805;0.051893804
0.04197525;0.06528609;0.029015044
0.0335802;0.052228875;0.023212034
0.020614158;-0.080873154;0.024819627
0.016491327;-0.06469852;0.019855702
-0.0024319382;-0.13613382;0.03463456
-0.06132055;-0.12961018;-0.0035423506
-0.08030644;-0.059938144;-0.09033388
-0.05799515;-0.044044264;-0.059767105
-0.055771124;-0.025469786;-0.06656368
-0.0633669;0.029233547;-0.059500948
-0.04756852;0.025339961;-0.0038507574
-0.07242981;-0.06957178;0.021919394
-0.076693855;-0.15175118;-0.019964484
-0.07385508;-0.17686969;-0.022221588
-0.049709067;-0.1719645;-0.0052772705
-0.04289225;-0.1453841;-0.022971816
-0.037438802;-0.06786978;-0.030877452
0.0044239587;-0.048827074;-0.018451963
-0.012085833;-0.058592908;-0.00851157
-0.062793665;-0.028905578;0.011940744
-0.081484936;-0.054374464;-0.015447405
-0.030812947;-0.07787457;-0.056107923
-0.034025356;9.815941E-4;-0.08863634
-0.020970285;0.20000403;-0.07090907
-0.0042762286;0.36078447;-0.037977256
0.018454017;0.20269008;-0.0053818054
0.030388214;0.016448935;-0.041805446
0.027435571;-0.048168976;0.035305645
-0.0061765434;-0.12603518;0.084494516
0.010683766;-0.1047344;0.017595612
0.07417201;-0.055662517;0.05157649
0.06246261;0.06289186;0.097511195
0.07497009;0.05812599;0.08425895
0.08185107;7.976669E-4;0.03615716
0.115480855;-0.032174367;0.0039257305
0.10175969;-0.024176992;0.053140584
0.08140775;0.0040959055;0.061262466
0.055751197;-0.050629526;0.061509974
0.035225958;-0.14206612;0.06795798
0.053180765;-0.1995904;0.09811638
0.048794612;-0.22451606;0.040993106
0.03278569;-0.23742536;0.12654449
-0.051896445;-0.25478405;0.18873559
-0.21964216;-0.29601473;0.16348848
-0.40383872;-0.36728054;0.13079077
-0.43244597;-0.42351192;0.035882622
-0.3053318;-0.24349704;0.1474561
0.061984573;0.43176487;0.74296486
0.71208763;0.9559588;1.4631219
0.68217015;0.32648575;2.2392476
-0.7105139;-0.48373327;1.753898
-1.8527861;-1.0783929;1.1031184
-1.4822289;-1.6205268;-0.055005267
-0.43578312;-1.416734;-1.4440042
-0.048626494;0.19942535;-2.4458284
0.086098805;2.176923;-3.2472878
0.028254045;3.5132182;-2.2884552
-0.18677177;4.2449493;-1.1213892
5.825884E-4;3.6084597;-0.7971113
-0.09015893;1.7164552;-0.85643905
-0.50962716;-0.1916796;-0.007026233
-0.3014517;-1.7595937;0.20062901
-0.47553638;-3.2631438;0.5323782
-1.1460541;-3.5042648;0.80715257
-1.3012183;-2.812787;0.58947206
-0.9628496;-2.1564796;0.51532763
-0.60465467;-2.0908086;0.37476212
-0.23997375;-1.941397;0.09355969
0.283021;-1.5999925;-0.21890225
0.8545418;-1.248744;-0.3813718
1.1492585;-0.92087024;-0.47384745
1.1975317;-0.5616962;-0.6165779
1.4299004;-0.30873194;-0.7838874
1.6251704;-0.009485555;-0.7489849
1.7110738;0.56741154;-0.5523129
1.7266715;1.2039292;-0.27935034
1.7219622;1.6420497;-0.039105263
1.6392885;1.8054366;0.10309079
1.5872121;1.5900524;0.09184763
1.6166446;1.3486044;0.1359781
1.5769094;1.2972429;0.3556575
1.4318401;1.4130385;0.70015097
1.1989877;1.5192491;0.9913708
1.0281354;1.1806337;1.0743467
0.8570787;0.89880383;0.7844773
0.7162294;1.1018555;0.45883185
0.7855079;1.4295313;0.31081548
0.9558233;1.6678438;0.03615238
1.057432;1.7733376;0.016421905
1.0818832;1.7577325;0.3318875
0.88425654;1.731186;0.57176
0.72459275;1.4724488;0.613658
0.59686166;0.78577155;0.7096764
0.22319247;-0.11200775;0.5114911
-0.2849226;-0.8786687;0.2091929
-0.6970787;-1.4613334;-0.22639568
-0.775827;-1.9962151;-0.21236654
-0.69722414;-2.1309564;-0.06989323
-0.7167637;-1.7774215;-0.11216459
-0.6593484;-1.1828747;0.20401832
-0.47591624;-0.653331;0.5194647
-0.3061236;-0.5168054;0.54057175
-0.2277114;-0.7411787;0.4637074
-0.17826287;-1.1921617;0.38346592
-0.2097978;-1.6646669;0.119272724
-0.25963512;-1.9286085;-0.01708182
-0.35536435;-1.9975743;-0.24491546
-0.47179148;-1.7480594;-0.28343236
-0.38524568;-1.03126;-0.08924589
-0.0035090414;-0.16250804;-0.05264671
0.4182865;0.11218107;-0.19836737
0.55884796;-0.37588015;-0.3024439
0.33594555;-0.97570413;-0.4482051
-0.014641991;-1.2274383;-0.5335641
-0.18788546;-1.3069507;-0.5206013
-0.228824;-1.2174355;-0.535231
-0.2158717;-0.9395734;-0.60943484
-0.10316611;-0.6172837;-0.68754786
0.008873362;-0.38757697;-0.7844133
-0.01399506;-0.3444366;-0.8369056
-0.2276023;-0.68804926;-0.4070245
-0.5805193;-1.4348145;0.1306304
-1.262853;-2.2384765;1.3295044
-2.2212198;-2.1782813;2.4698534
-2.383226;-0.773875;1.6446328
-0.9643932;1.115275;0.3594562
0.6722354;2.601595;-0.51868504
1.5393509;2.8914323;-0.75869805
1.4422228;1.938927;-0.88820845
0.8207705;1.4089541;-0.67931676
0.13747576;0.8631008;-0.28095338
-0.32986316;0.36235565;-0.16226271
-0.565453;-0.09292798;-0.17356017
-0.5164249;-0.38684237;-0.18259813
-0.18345243;-0.4875989;-0.23982851
0.20323806;-0.50257915;-0.26061282
0.44384044;-0.5458133;-0.32099023
0.48007235;-0.5710256;-0.26304218
0.4121829;-0.54744554;-0.14793375
0.33990255;-0.4660814;-0.07459701
0.2930158;-0.38849014;-0.0034276044
0.2555064;-0.3045421;-0.0027420835
0.27706137;-0.17800868;-0.027193667
0.40133658;-0.039281946;0.109495066
0.49724114;0.08107445;0.17509605
0.48216793;0.15235956;0.19007684
0.42010933;0.18438764;0.13331148
0.3458531;0.22563511;0.21289918
0.31847936;0.24925809;0.17031935
0.28544754;0.121281475;0.09250548
0.26488146;-0.04359982;0.10525438
0.24432705;-0.122379854;0.0717035
0.21089132;-0.15102889;0.026112802
0.15152556;-0.2239481;-0.03535976
0.03684545;-0.28853348;-0.1657878
-0.16954708;-0.20582679;-0.22638024
-0.29657516;0.05096357;-0.15610419
-0.26772887;0.21577086;-0.08113336
-0.16652685;0.13824168;-0.033656687
-0.104315236;-0.04565665;-0.12067535
-0.09321781;-0.17402533;-0.19654028
-0.164418;-0.11109526;-0.15098222
-0.17176877;-0.017001206;-0.045785777
-0.09522752;-0.016725965;-0.036628623
-0.112900764;0.074119225;-0.1105529
-0.14344561;0.13742039;-0.06344232
-0.14210024;0.069311306;-0.088253856
-0.10743019;-0.041425955;-0.11435308
-0.0976629;0.048109237;-0.04773247
0.014057177;0.113487385;0.030564027
0.120230116;-0.07796009;-5.487789E-4
0.113371596;-0.24049307;-0.044189025
0.054369148;-0.15489446;-0.08535122
0.016542194;-0.020790566;-0.043280974
0.02456188;0.055242546;0.0028752203
-0.018631745;0.21919404;-0.028949823
-0.15084289;0.17535523;0.13934015
-0.074580565;0.015284184;0.15522212
0.1567418;0.13097735;0.14917769
0.40097937;0.045406878;0.056842152
0.37644756;-0.1230495;0.020473722
0.10584555;-0.18906459;0.035128977
-0.03016731;-0.13875169;0.053103182
0.037194278;-0.11412634;0.042482544
0.10631792;-0.09755108;0.0027360364
0.07528871;-0.05304086;-0.0103111705
-0.02570653;-0.008057687;-0.020748938
-0.12408085;-0.02519615;-0.02909915
-0.07426468;-0.04203192;0.09547068
0.097619504;-0.061750535;0.28887653
0.24079092;0.019349571;0.34985122
0.23853117;0.14672966;0.354881
0.17363743;0.2798837;0.4589048
0.09867557;0.317657;0.6233738
-0.09918454;0.4166256;0.43619907
-0.69809765;0.85830045;0.08645925
-1.0162907;1.0335153;0.3629174
-0.7263137;0.8533748;0.55908394
-0.3169885;0.79676235;0.31601715
-0.5332783;0.70459735;0.7903137
-1.0695914;0.6871154;1.401001
-1.5087981;0.3403173;0.5395508
-1.3789135;-0.40899613;-0.6683594
-0.8218808;-0.8178219;-0.0034375044
-0.8606296;-1.1667576;1.63475
-2.5853786;-2.980281;0.1578
-2.2558029;-2.7185998;-1.64251
-0.38901737;-1.1717548;-1.232758
0.5278486;-1.4374039;-1.4987065
0.85352886;-1.8655481;-1.5395901
1.0812606;-1.1236885;-1.4129221
1.341571;0.04792421;-1.3115877
1.7584131;0.6164644;-1.4523952
2.2090008;0.4087965;-1.9775411
2.4164927;-0.2010878;-2.407033
2.2449129;-0.80462027;-2.7396889
1.9513991;-1.0061961;-3.082376
1.7829943;-1.0549569;-3.0276196
1.6240517;-0.97521555;-3.017799
1.3773663;-0.69267243;-3.0059872
1.1722056;-0.30726296;-2.8317916
0.93463945;0.26043963;-2.7634802
0.70708656;-0.2853983;-2.878753
0.38988802;-1.7564436;-3.5483148
0.040035404;-2.767655;-3.2214644
-0.30703416;-3.151624;-1.994359
-0.5596898;-2.652549;-2.111112
-0.7790019;-2.3095393;-2.7154522
-0.9256917;-1.7538815;-3.4254868
-0.3671647;-0.68435514;-3.8685145
0.1869323;0.7650159;-3.1260614
0.7182958;2.3932626;-1.1570992
0.99729294;3.3177352;0.3711956
1.0275218;2.876063;1.407894
0.90639246;1.7383505;2.0669403
0.7485515;1.3000554;2.3598022
0.58165365;1.3900443;2.339404
0.34032294;1.1120355;1.9883202
0.16757086;0.9458784;1.3820624
0.0074941833;0.8223277;0.6786968
-0.048692152;-0.16401285;0.7515512
0.16260877;-1.4718353;1.1988972
0.030087022;-1.8274683;1.4472038
-0.086867884;-1.2119746;1.9251457
-0.053869307;-0.8383297;2.2143354
-0.002470445;-0.47066373;2.2995932
0.090211146;-0.13278098;2.1912372
0.28310642;0.043775212;1.9342397
0.5405476;0.47877017;1.6411418
0.7886881;1.1673912;1.3863509
0.8653255;1.5432879;1.0637683
0.7047604;1.6846303;0.6838271
0.4200583;1.6320792;0.27518666
-0.024890851;1.1712884;-0.68063194
-0.4183502;0.030780727;-2.3097398
-0.50186765;-1.3816254;-3.6739638
-0.31868163;-2.3990502;-4.379796
-0.044007793;-2.6442404;-3.860087
0.036668766;-1.8778923;-2.8005695
-0.24722749;-0.7648138;-3.1092055
-0.519657;-0.536851;-3.8217394
-0.69853806;-1.0419809;-3.1573915
-0.91898674;-1.1023346;-1.8759133
-1.0719081;-0.59436774;-0.9382306
-1.0626047;0.049505822;-0.21620949
-1.0395368;0.17710465;0.24265741
-0.9177623;-0.35831627;0.53787595
-0.5140926;-0.617903;0.8396757
-0.08197723;-0.08182242;0.8889281
0.3094182;0.40329206;0.75957996
0.6155033;0.13513365;0.62172645
0.83537143;-0.2981431;0.8708187
0.80267215;-0.60101444;1.4560299
0.4671377;-0.6933116;1.6312302
0.10183516;-0.73589927;1.8678747
-0.0044693714;-0.6574694;2.1126103
0.1964245;-0.31347552;2.2030277
0.4087021;0.11171958;2.2143753
0.5394617;0.46437567;2.164469
0.59094435;0.68400055;2.0112627
0.593068;0.7472004;1.7847915
0.5603919;0.85401034;1.4981456
0.54206353;0.9832083;1.225079
0.45552582;1.0490667;0.9363132
0.27535814;0.8955033;0.73811305
0.098411515;0.48515263;0.39830294
-0.04783329;0.025622109;-0.14620139
-0.21170413;-0.3920023;-1.0111017
-0.1693633;-0.31360185;-0.8088814
-0.30267814;-0.5758815;-1.5490582
-0.42964253;-0.6669552;-1.8634653
-0.49683902;-0.52106416;-1.821241
-0.5849712;-0.07310132;-1.4585553
-0.7265707;0.66026896;-0.50746924
-0.8117253;1.5032152;0.49807733
-0.8443021;1.8338221;0.9592529
-0.8957542;1.4451827;0.85568357
-0.9328143;0.91552114;0.5962656
-0.8706655;0.46679193;0.4770125
-0.94350505;-0.017191457;0.6288756
-1.0976751;-0.48875317;1.0433348
-1.1711088;-0.9035025;1.3307617
-1.053684;-1.235302;1.4255468
-0.8507597;-1.2382417;1.2654375
-0.5559984;-0.9405933;1.1982875
-0.26276743;-0.33997464;1.18363
-0.08560458;0.2967703;1.0656539
-0.001686787;0.8811662;1.0118982
0.07911932;1.323683;1.045456
0.17237748;1.5339464;0.9988648
0.21456215;1.2677821;0.92096686
0.22904718;0.82672566;0.6273985
0.18323775;0.70200557;0.26441878
-0.008463517;0.60847944;0.13809754
-0.430013;-0.86009145;1.1807905
-0.68502605;-5.3318233;2.9665074
-0.7855208;-10.496709;1.713831
-0.06318228;-8.422367;-0.97424775
-0.08882707;-1.0566435;-0.7309607
-0.63395226;5.373435;0.28710645
-0.21966183;7.958123;0.41406015
0.43091115;6.6821237;1.2999982
0.39062735;3.920699;2.2681234
-0.14706841;1.7303091;2.7144988
-0.63093597;1.1686223;3.065349
-0.7922488;2.528648;2.7835293
-0.52833027;4.4901056;1.8705734
-0.15078923;5.384272;1.1152087
-0.04563138;4.724605;0.32341698
-0.045880105;2.525607;0.10248357
0.0054834173;0.644094;0.05073686
0.11923049;-0.80894357;-0.15316051
0.07038439;-1.7627798;-0.3475284
-0.14525498;-2.2602239;-0.59677273
-0.29198524;-2.439429;-0.7274182
-0.17811945;-2.4015434;-0.8038095
0.10281695;-2.1774845;-0.78367263
0.3252223;-1.6888627;-0.6300631
0.3941622;-1.0198401;-0.4259255
0.3938454;-0.43774712;-0.23761539
0.30179507;-0.0939477;-0.04009231
0.1437798;0.10921684;0.13042615
0.04041447;0.28112346;0.16371591
0.017097201;0.4905238;0.18722273
0.04805276;0.620544;0.2060282
0.032582834;0.6464352;0.17732255
0.041300643;0.5577732;0.18560804
0.023665514;0.39621854;0.14848644
0.03611991;0.24509983;0.087539144
0.049989678;0.06482986;0.023156317
0.028272994;-0.10751111;-0.018974947
0.017149644;-0.21725889;-0.040179957
0.05004784;-0.2831821;-0.029018966
0.104882024;-0.29217067;-0.035715174
0.10890562;-0.22748655;-0.053572137
0.09689012;-0.17261425;-0.04910771
0.061887097;-0.1255914;-0.03928617
0.032322176;-0.07234811;0.015446065
0.029763991;-0.032878492;0.024856852
0.006623693;0.017447207;0.016760482
-0.040794797;0.07020777;0.016533386
-0.028729586;0.059291214;0.010101709
-0.021030543;0.02243297;-0.016918633
-0.020730685;-0.013303624;-0.032284908
-0.014631423;-0.0356429;-0.032077927
-0.013658264;-0.041014317;-0.04441234
-0.02420786;-0.051561456;-0.08552987
-0.04436629;-0.053749163;-0.0996739
-0.03549303;-0.036749333;-0.054739118
-0.0436288;-0.038774464;-0.037541296
-0.02552804;-0.031019572;-0.051908035
-0.027844306;-0.03419066;-0.047776427
-0.0070410706;-0.039852526;0.005528857
-0.0017266064;-0.072507024;0.038798086
-0.00724066;-0.073630616;0.015413469
0.007488722;-0.052654494;0.031080775
0.0044284775;-0.042123593;0.04048962
0.032058407;0.010051124;0.026141696
0.0658811;0.064290896;0.033413358
0.060517382;0.07330772;-0.017019315
0.048413906;0.09302118;-0.04174045
-0.0034563765;0.03379194;-0.04276736
-0.0871401;0.06765855;0.06266111
-0.08299333;0.14162683;0.10637889
-0.0015509147;0.14142647;0.08197811
0.052665517;0.09751618;0.04370749
0.047601163;0.05613794;0.053715993
0.028705932;0.026160354;0.06484779
0.0057772454;0.049053285;0.083128236
-0.0051438287;0.095492624;0.06025259
-0.019349437;0.0638941;-0.01742293
-0.032667052;0.02924028;-0.023313344
-0.06636801;0.032767225;9.932475E-5
-0.11012566;0.05746378;0.02820446
-0.15372553;0.12409602;-0.12431143
-0.24173042;0.23365182;-0.14944914
-0.24885309;0.40567145;0.14919068
-0.10142622;0.48078716;0.49435255
0.06807777;0.40337974;0.70798206
0.16579035;0.082078785;1.0476357
0.0408354;-0.25308698;0.8193585
-0.19155043;-0.44934458;0.6179868
-0.2102716;-0.7532257;0.43188944
-0.5666548;-0.9557055;-0.62323844
-1.5041051;-0.5520644;-1.3579657
-1.9110966;-0.31665155;-1.1551226
-1.6101272;-0.20644623;-0.9397231
-0.6349768;-0.046406984;-1.8174034
0.21076857;-0.7152506;-2.9632978
0.20767735;-1.4878255;-2.2581382
-0.37760812;-2.5527604;-1.2283856
-0.300524;-3.2047083;-1.3108335
-0.2247942;-2.4700167;-0.7361668
-0.40171036;-1.4197633;-0.5264334
-0.36043078;-0.92331064;-0.6586467
-0.07584463;-0.9386485;-0.83004236
0.2190118;-1.0509188;-1.0015339
0.46270943;-1.0969851;-1.1981021
0.59673005;-1.271338;-1.2991067
0.7391028;-1.3983204;-1.3814728
1.012376;-1.0436563;-1.4864283
1.2063851;-0.3036751;-1.0852364
1.2254597;0.45080993;-0.5455329
1.1393521;0.735648;-0.11923879
1.053132;0.81351835;0.120233975
0.9305916;0.8820647;0.20399968
0.8593659;0.7744017;0.32882473
0.88094974;0.6070214;0.6318098
0.9000723;0.4106171;0.9616978
0.79076093;0.040993698;1.1631082
0.53690565;-0.44845504;1.1742367
0.26878232;-0.552514;1.0862643
-0.037806176;-0.023261227;1.2752614
-0.15277912;0.668891;1.3514591
-0.051373687;0.9851128;1.2967923
-0.02193391;0.9255903;0.9030588
-0.12096509;0.8779722;0.7161971
-0.37831503;0.40862775;0.5885827
-0.37901923;0.1644022;0.7146161
-0.30126226;0.30027178;1.0841929
-0.27733794;0.30271742;1.2986044
-0.14745627;0.57967395;1.4013835
0.027542789;0.8606141;1.2961068
0.09674126;0.8166163;0.8681354
0.20568891;0.703293;0.46950832
0.19519077;0.29388446;0.100606665
0.24038114;-0.07114245;-0.16638967
0.5197463;0.19308604;-0.24561173
0.7892346;0.5419688;-0.4246144
1.0962313;0.61482507;-0.6209415
1.3082352;0.58561003;-0.8436282
1.3465881;0.44973806;-1.1592776
1.2850829;0.35979044;-1.427422
1.1749414;0.25970736;-1.4700626
1.0274531;0.37026587;-1.5823001
0.9719625;0.5868377;-1.5220901
0.8728825;0.62884516;-1.4457971
0.710806;0.5437011;-1.4628876
0.5936448;0.5630859;-1.3718727
0.52647835;0.64109373;-1.4303106
0.43680766;0.64725;-1.4403422
0.27444613;0.51467496;-1.4108676
0.019556906;0.089864984;-1.3740065
0.059395526;0.046891987;-1.3538927
0.7881414;0.6750136;-1.3128017
1.0211382;0.36813587;-1.2170383
0.43878552;-0.2992413;-1.1134744
0.058840908;-0.042518042;-1.1721454
-0.043552276;0.39411056;-1.2364285
-0.04421682;0.6871635;-1.2782053
-0.025998456;0.7684808;-1.2350643
0.06982624;0.7616596;-1.0435201
0.16992348;0.69995266;-0.94028485
0.20000128;0.5662122;-0.91472787
0.12562603;0.3842197;-0.9810011
0.005188326;0.110500775;-0.80355084
-0.18803684;-0.3928494;-0.32330942
-0.45355448;-1.0674045;0.13939933
-0.6159686;-1.4320486;0.15175384
-0.52246237;-1.0456389;-0.33406568
-0.3117199;-0.020886106;-1.0680338
-0.1900009;1.1645411;-1.7075521
-0.49575073;1.2066329;-1.9910417
-0.78566307;0.5340563;-2.2115834
-0.9214992;-0.46962994;-2.2848916
-0.9903244;-1.2444539;-2.3810384
-0.784447;-1.0674381;-3.2204556
-0.59865135;-0.58832556;-4.6669893
-0.6531398;-0.46441042;-5.1085916
-0.6967306;-0.86527836;-4.0743732
-0.51207197;-1.3734727;-2.9844987
-0.3252826;-1.9362781;-1.9813489
-0.14538233;-2.1615226;-1.3288292
0.008694141;-1.910468;-1.0630633
0.0030490626;-1.6408744;-1.0379506
-0.035842;-1.2814496;-0.8428605
-0.03257985;-0.8251596;-0.5867884
-0.037782628;-0.5788777;-0.16318072
-0.026319854;-0.69435215;0.27570543
0.12660037;-1.0117317;0.6018143
0.39581156;-1.0968853;1.0939515
0.6166492;-0.7712583;1.6376612
0.6480069;-0.19200665;1.722629
0.49965551;0.5151447;1.7406032
0.2997244;1.2746158;1.9237325
0.046029527;1.4321926;1.995236
-0.120988876;0.5145041;2.1399388
-0.07022861;-0.82589674;2.377576
0.061004616;-1.6607174;2.3286233
0.005053694;-2.097324;2.3207111
-0.1717383;-2.115359;2.3237565
-0.41551563;-1.6047873;2.0793176
-0.5792875;-0.82757986;2.0556417
-0.58218;-0.099563874;2.3609195
-0.4235565;0.5203489;2.522134
-0.25681394;0.65377915;2.5249338
-0.2718574;0.5605233;2.5160408
-0.31748593;0.89216864;2.4339263
-0.45867625;1.3074849;2.1791723
-0.5985816;1.7147379;1.9324003
-0.6741778;1.8717903;2.0459204
-0.87059224;1.3849323;2.0367362
-0.9568254;0.88294584;1.776264
-0.9531556;0.40635666;1.4772612
-0.90236825;-0.19991468;1.4677465
-0.78322273;-0.58493173;1.2257596
-0.85196877;-0.111695394;0.82748276
-0.8042313;1.3887687;0.51823616
-0.40432253;2.7203898;0.23958895
0.1378701;3.210687;0.06198366
0.58905584;2.9685495;0.0011494283
0.894438;2.0029647;-0.09283046
0.7155504;1.6023717;-0.07426436
0.7216591;0.31627238;0.043713506
0.31131166;-0.4501071;0.83497083
-0.32731786;-0.40696067;1.6711017
-1.0124402;0.23380646;2.1025064
-1.315421;0.8339202;2.163255
-1.0867118;1.2765112;1.9087291
-0.6381194;1.6352714;1.4613582
-0.37455803;1.6597797;1.1222116
-0.5215214;0.8700112;1.5165193
-0.8515921;-0.00242854;2.0538404
-1.2093987;-0.23631783;1.9180723
-1.7175189;0.6171957;1.7469579
-2.3646402;4.217975;0.7850663
-2.3885872;5.007974;4.709303
-1.5608697;6.829817;7.3049426
0.43567923;4.5326033;7.1814537
2.2149496;-1.2207923;3.3201632
1.7758659;-5.3297586;-0.5251195
0.42850527;-5.657557;-2.6200955
-0.008758287;-3.6197956;-3.4085765
0.44064963;-1.8052115;-3.5518613
1.1814259;-1.0191692;-3.366489
1.452758;-0.8309604;-2.4619412
1.1182611;-0.8866433;-1.7633029
0.50398386;-0.94681466;-1.0106423
-0.07923481;-0.6887017;-0.5897639
-0.26807535;-0.075961374;-0.09681109
-0.15196028;0.5329809;0.26005113
0.091713026;0.6779472;0.3392909
0.27571416;0.44392028;0.31518272
0.33932135;0.09888622;0.25214618
0.21598832;-0.20526603;0.25171694
-0.018615594;-0.2860878;0.17012355
-0.15629873;-0.12887025;-0.03265116
-0.13519523;0.018778797;-0.22612093
0.016843816;0.09314804;-0.30589673
0.12597506;0.09639343;-0.2634674
0.09140504;0.014614744;-0.21702391
0.023124034;-0.047683205;-0.16736913
-0.033063274;-0.075646564;-0.1526453
-0.078013115;-0.073017254;-0.16586624
-0.075691745;-0.1021638;-0.07019299
-0.0949284;-0.16298103;-0.093654394
-0.10328647;-0.13975984;-0.08742352
-0.11075418;0.019442134;-0.057438813
-0.1268846;0.1311787;-0.020951051
-0.10775767;0.16431797;0.008239159
-0.054956138;0.13145438;0.012841327
0.00916009;0.0395385;0.07902306
0.09404682;-0.0808692;0.11321845
0.1494562;-0.20219536;0.09682476
0.14300247;-0.23988129;0.083709806
0.106589474;-0.18878002;0.035717845
0.10636533;-0.09477402;-0.021425722
0.14056101;-0.01331922;0.007859422
0.18666756;-0.001280376;0.012537537
0.1782403;0.0052256994;-0.03996997
0.15782662;0.01980556;-0.038225975
0.10712066;0.028344447;6.6921907E-4
0.051321533;0.019550558;0.031785376
-0.008942774;0.0031404465;0.012928301
-0.03371672;0.015012357;0.054092642
-0.051973376;0.0026348857;0.118274115
-0.0431412;0.033357907;0.06336929
-0.04623171;0.073561326;-0.036804568
-2.6661812E-4;0.10572406;-0.079443656
-0.010369545;0.09395425;-0.06980492
-0.013764386;0.0189134;-0.04334394
-0.0016365085;-0.08174428;-0.05967515
-0.0067779566;-0.13102043;-0.09149012
-0.034328617;-0.17356634;-0.0731921
-0.039181642;-0.14510307;-0.08355368
-0.004001564;-0.122332454;-0.060592942
-0.0032012512;-0.094740964;-0.048474353
0.012282749;-0.07891777;-0.057529483
0.01998245;-0.04750922;-0.039773587
-0.00901404;0.018242626;-0.025568869
0.0076325177;0.017719101;0.035794906
0.016262265;0.01417528;0.053635925
0.009103561;0.042590223;0.036658738
0.018220348;0.05282218;0.010576991
0.009107529;0.054757744;0.045961592
-0.0044327267;0.050056193;0.018019274
0.03317257;0.0056699556;-0.016834581
0.039819304;-0.023589035;0.0052823354
0.0013866939;-0.040746227;0.03547587
-0.0012343948;-0.026346983;0.047130696
-0.019737516;0.035172414;0.012704556
-0.018133763;0.06563793;0.053913645
-0.01216326;0.06813534;0.06813092
-0.019105608;0.038883276;0.035754733
-0.013721987;-0.0032683793;0.003603786
-0.018790089;-0.008864704;-0.02211697
-0.012688321;-0.016466763;-0.042693578
0.014849343;-0.03817341;-0.015404861
0.017348224;-0.05553873;-0.01857389
-0.0017464205;-0.028805982;-0.04610911
-0.016240887;-0.013669786;-0.036887288
-0.007523959;0.014064171;-0.07950983
-0.024769166;0.017501337;-0.044857863
-0.033877835;0.02025107;-0.010886292
-0.036477268;0.013075856;-0.008709034
-0.026838064;0.016710684;-0.019467227
-0.025376702;0.019618548;0.0031762186
-0.014832611;0.018819839;0.033790976
0.0014151614;0.00880587;0.04578278
-0.019961622;0.0070446962;0.024126224
-0.034719296;0.046260756;0.05680098
-0.019962937;0.046383604;0.06419078
0.01840465;-3.9311545E-4;0.057602625
-0.02746378;-0.025314493;0.027332101
-0.049314775;-0.039001595;-0.034384318
-0.07538932;-0.062451277;-0.015007455
-0.07593646;-0.05933602;4.9403583E-4
0.025969585;-0.14121881;0.06289523
0.04343192;-0.24735005;0.087816186
-0.015254465;-0.35100505;0.13275294
-0.12860982;-0.26205403;0.08120236
-0.22788785;-0.012768227;0.2649619
-0.25496653;0.20228542;0.4244695
-0.25944197;0.36495334;0.3520756
-0.26458484;0.41696265;0.21291049
-0.22573036;0.41950762;0.15157838
-0.24542804;0.4152936;0.121262714
-0.25571743;0.46035987;-0.015489832
-0.097542696;0.3807879;-0.19364187
0.15946583;0.19838032;-0.47366348
0.30179143;-0.01942074;-0.8164308
0.33362064;-0.3874116;-1.3500197
0.20205276;-1.0599293;-0.7581407
-0.2961703;-1.3573184;-0.5033876
-0.38303;-1.3483547;-0.44021004
-0.26970524;-0.9536838;0.0040819575
-0.27123293;-0.36607203;0.009515566
-0.24511135;0.010267376;-0.051762547
-0.20390157;0.1988389;-0.025785038
-0.16312127;0.4059461;-0.0050030304
-0.16955951;0.5841319;0.08349758
-0.2090851;0.39855552;-0.008201939
-0.2891431;-0.071780585;-0.37531155
-0.39225197;-0.13867447;-0.40962425
-0.44348907;-0.32968956;-0.2964494
-0.33604127;-0.52000165;-0.2715345
-0.21414551;-0.49412632;-0.16410261
-0.1885039;-0.38592607;0.12809291
-0.24455312;-0.34311584;0.48997432
-0.3300175;-0.2526177;0.6982295
-0.348389;-0.31146914;0.8148336
-0.3083987;-0.64605033;0.9081169
-0.39359397;-1.2293402;0.5952435
-0.34143767;-1.3928472;0.14494479
-0.035650134;-0.50177777;0.17845583
0.1871049;0.03295279;0.47401467
0.20124641;-0.22988777;0.43546173
0.08443463;-0.4714102;0.3483694
0.072235204;-0.30837816;0.1411955
0.23122567;-0.084202535;-0.3870436
0.18341804;-0.586112;-0.6877599
-0.23920308;-1.8501396;-1.2345829
-0.14761247;-1.8301117;-1.5845413
0.11316003;-0.60783935;-1.1645081
0.26552802;0.15435351;-1.2003565
0.3092974;0.19848281;-1.5165352
0.47400042;0.20253626;-1.7507281
0.6737316;0.330779;-1.7880825
0.6655478;0.3208732;-1.667966
0.6355632;0.11294856;-1.4218729
0.9678256;-0.050266154;-1.2843733
1.207073;-0.31521294;-1.2368736
0.94085366;-0.80842036;-1.0535613
0.67787826;-1.1592363;-1.0037866
0.7740409;-0.877389;-1.0749043
0.9714788;-0.3019112;-1.1052359
1.1103861;0.47097102;-1.0295012
1.0816683;1.1361518;-1.0782884
0.9395534;1.2339214;-1.232162
0.9282052;1.2090122;-1.3552608
0.9745954;1.0078348;-1.4135056
1.0054576;0.5281428;-1.4465271
0.9590536;0.22876424;-1.3640088
0.80943036;0.22363639;-1.2118614
0.5866068;0.3226591;-1.1380438
0.32397294;0.29875228;-1.1459819
0.11542834;0.30775183;-1.2535043
-0.014688576;0.30870146;-1.5278034
-0.10393836;0.29383618;-1.9698989
-0.13315068;0.16319394;-2.2837317
-0.0948018;0.014930149;-2.3051105
-0.11412269;-0.44118088;-2.4003382
-0.21786065;-1.3779447;-2.6577706
