0.073779985;0.10597886;-0.08025046
0.09339899;0.19572058;-0.070450366
0.07315669;0.13938898;-0.06886029
0.0874316;0.025573678;-0.13633823
0.09103903;-0.042041056;-0.15282059
0.107206225;-0.052382845;-0.13475648
0.08576498;-0.10284378;-0.12030517
0.026424484;-0.14633752;-0.12749414
-0.006204163;-0.09988252;-0.13324532
0.03331792;-0.034593515;-0.10034625
0.034466837;0.016075188;-0.080277
0.04866722;0.014422651;-0.0517216
0.058465026;-0.029086879;-0.02262728
0.01942827;-0.013894503;-0.011851824
-0.012582384;-0.0673656;-0.009481459
-0.031159658;-0.10545498;0.017414832
-0.021021476;-0.0078014857;0.038931865
0.01130782;0.08125881;0.062395494
0.0074837552;0.04938205;0.06866639
0.0036432543;0.01606814;0.086183116
0.034164604;0.048792012;0.10644649
0.036706682;0.04372111;0.08515719
0.034834098;-9.6061267E-4;0.099375755
0.047398526;0.01485651;0.1170006
0.11995007;0.046260208;0.074850485
0.1826788;0.08075817;0.10363039
0.25473678;0.11460653;0.17665431
0.32058632;0.052622728;0.18507345
0.31389093;-0.07352682;0.16680875
0.31244087;-0.14163396;0.14594701
0.378273;-0.08986966;0.1792576
0.47683716;-0.03595823;0.18715608
0.5538147;-0.003766585;0.13097487
0.6134802;-0.08582577;0.11102989
0.63433886;-0.16866061;0.063823916
0.6127445;-0.23024099;-0.017690867
0.5362894;-0.2920053;-0.0016526944
0.48450026;-0.38360423;0.023677845
0.44502208;-0.4334459;0.031442277
0.40406454;-0.4092567;0.025153821
0.38262662;-0.32115537;0.032623056
0.28110132;-0.24598679;0.013598445
0.1444123;-0.17647694;-0.014121244
0.062014207;-0.11305655;-0.011296995
0.049611367;1.7976122E-4;0.009712404
0.020548468;0.1704563;-0.010980077
-0.037467476;0.29730254;-0.06503406
-0.087395854;0.30190453;-0.09577725
-0.16366668;0.26339862;-0.1266218
-0.19792554;0.20134391;-0.12629744
-0.23490293;0.20638762;-0.18853796
-0.31619382;0.2135476;-0.30083036
-0.36594334;0.18177558;-0.4094143
-0.42864335;0.20948297;-0.50878143
-0.5075631;0.25977388;-0.6445252
-0.62616765;0.2187566;-0.7031201
-0.7286685;0.10000528;-0.6312461
-0.79777855;0.02531672;-0.51124686
-0.7952541;0.046815876;-0.3464975
-0.79870325;0.031202702;-0.214698
-0.89208764;-0.0016003385;-0.1155084
-1.0527326;0.008094729;-0.07990672
-1.0828111;0.084600784;-0.08892538
-0.99437386;0.11455563;-0.046140302
-0.8970616;0.130707;-0.03691224
-0.82389927;0.15612811;0.07047021
-0.7903694;0.088964984;0.10637616
-0.6854205;-0.022578016;0.24135093
-0.6280239;-0.12743741;0.33058074
-0.5961691;-0.12851243;0.3957146
-0.5363103;0.026877556;0.3728217
-0.38842326;0.21993954;0.32325736
-0.2826136;0.28220165;0.32110587
-0.25890338;0.21169882;0.3318847
-0.19462271;0.13342154;0.32175776
-0.13851066;0.05517474;0.3199062
-0.07018353;0.04726479;0.26217496
-0.056146823;0.064374335;0.19723998
0.00977004;0.07181197;0.20154198
0.060941033;0.15119958;0.22373359
0.11125283;0.16549091;0.20398687
0.10618976;0.14723648;0.18818949
0.11151431;0.13732043;0.1693016
0.12671144;0.11532509;0.12294128
0.17793165;0.117260076;0.04835302
0.21422033;0.11255806;0.019932415
0.21356376;0.04785895;-0.034054067
0.20053852;-0.04765034;-0.06474325
0.21668081;-0.045932774;-0.089294605
0.26553214;-0.013308718;-0.09018568
0.2577382;-0.020021975;-0.065898545
0.27806556;0.0042949202;-0.033968836
0.27713996;0.017498435;-0.077175066
0.24671197;0.03118625;-0.117990054
0.21299458;0.0015114992;-0.15064204
0.17195816;-0.0066033006;-0.095513634
0.17350402;0.01581111;-0.07016091
0.16224073;0.030617638;-0.09362873
0.18135507;0.01277536;-0.049902983
0.17789656;0.025064038;0.003827615
0.15169226;0.030207481;-0.053187907
0.0885413;-0.028177766;-0.011300326
0.09427054;-0.09910471;0.028459739
0.08479143;-0.04412752;0.05401779
0.09283315;0.017822985;0.07446423
0.08051652;-0.035741612;0.059571385
0.07378821;-0.04968704;0.04140711
0.06996807;-0.0030308822;0.014375688
0.046599455;-8.095576E-5;-0.01974945
0.020092065;-0.032877266;-0.05329956
0.030136151;-0.04348931;-0.09263965
0.020983921;-0.11291645;-0.09911172
-0.009775363;-0.19189566;-0.054289375
-0.00938279;-0.21914153;-0.0496815
0.006556268;-0.19562572;-0.1022452
5.575143E-4;-0.112750575;-0.08804616
0.0066960114;-0.019887961;-0.032936927
6.693092E-4;0.102839634;-0.0075995424
0.014597948;0.14711545;0.031420365
0.0038658578;0.07784861;0.018886292
-0.017219814;-0.022096109;0.015109034
-0.01690085;-0.020801887;0.0058372277
0.014604319;0.06148349;0.004669782
0.0054334556;0.028874293;0.022485826
-0.022215735;-0.048775565;0.017988661
9.774114E-4;-0.043707952;0.014390929
-7.8057084E-4;-0.030278863;-0.013487257
9.3804335E-4;-7.8559E-4;-0.010789806
0.017937934;0.05718403;0.0038681554
0.06591285;0.028559722;-0.009405476
0.09491778;-0.014652222;-0.013774381
0.07905922;-0.041409276;-0.011019505
0.063247375;-0.033127423;-0.008815603
0.0552854;-0.018689437;-0.025802484
0.06454082;0.06317345;-0.039391987
0.045382656;0.06616376;-0.006513589
0.033181127;0.013868508;0.06978913
-0.0328301;-0.077967696;0.0745813
-0.026264079;-0.07174916;0.047165044
-0.011636264;-0.016774325;0.018982034
-0.013996511;0.08814304;0.015185627
-0.0018222086;0.16270193;0.0371485
-0.006145267;0.1762553;0.010968802
-0.023666214;0.12537923;0.021275042
-0.04393297;0.05264714;0.010770033
-0.050771378;-0.017257288;-0.010133973
-0.0796796;-0.03880583;-0.026857179
-0.046556182;-0.0044821645;-0.052735742
0.015880056;0.10188302;-0.079688594
0.036141545;0.12760016;-0.045000877
-0.0038992646;0.09036138;-0.0547507
-0.012494411;0.110570356;-0.02505056
-0.07093303;0.13455003;-0.045040447
-0.12862143;0.26467127;-0.11728236
-0.20914714;0.47267452;-0.2938259
-0.13763021;0.21485837;-0.3538107
-0.14604166;-0.36795706;0.14820144
-0.20589584;-0.68499064;0.47481114
-0.06784167;-0.5604925;0.5048489
0.039476667;-0.040581513;0.31637913
0.07220633;0.32300353;0.078103304
0.12026507;0.057621583;0.037482645
0.03371205;-0.15077773;-0.24501388
-0.032405358;-0.023747187;-0.5335111
-0.105611786;-0.24243525;-0.37680888
-0.40792692;-0.0392607;0.1485529
-0.095091544;0.5529664;0.28759232
0.39267677;0.0915919;0.28632385
0.05320391;-0.0071952282;0.07280908
-0.01524937;-0.2854437;0.22699727
-0.021574495;-0.7017924;-0.33715218
-0.1860096;-0.61455894;-0.6197218
-0.39724517;-0.09945966;-0.3645274
-0.40842113;0.37043226;-0.20412192
0.062325586;0.25806457;0.036702465
0.36392298;-0.022454599;0.30436197
-0.08386163;-0.113276176;0.5747396
-0.6592768;-0.68437093;0.56604165
-0.95867145;-0.9318718;0.10908333
-0.5575622;0.0060650962;-0.29398334
-0.03823722;0.90094584;-0.40393668
0.0053477227;0.43481916;-0.33564934
-0.16603433;-0.6638634;-0.33726946
-0.45001495;-0.98421574;-0.38231558
-0.67563695;-0.6858101;-0.38710245
-0.48113456;-0.28458557;-0.64093196
-0.008345158;-0.26204345;-0.6939956
0.20582387;-0.65963477;-0.41769645
-0.018153401;-0.8433328;-0.26540717
-0.24421023;-0.94341624;-0.22482574
-0.23443067;-1.110983;-0.22361058
-0.12660705;-1.1137865;-0.14138848
-0.054410633;-0.95665413;-0.088110775
0.170534;-0.9059483;-0.15798862
0.42236468;-1.1372586;-0.1920159
0.60820425;-1.550432;-0.050487716
0.63968843;-2.2809706;0.17210983
0.41018823;-2.7560265;0.27518785
0.04533808;-2.642321;0.2514003
-0.12622954;-2.0013568;-0.19887976
0.29120386;-0.7635855;-0.7309788
1.1712444;0.50163156;-1.0754081
2.0397298;1.3606802;-1.3415765
2.696237;1.9604192;-0.66701114
2.729646;2.813648;0.078891076
2.3485603;3.3665433;0.40686285
2.090567;3.6666722;1.0692403
1.6755787;3.892908;1.0991422
1.2701504;3.673506;0.7668138
1.0989329;3.4247425;0.75095105
0.75883377;3.121044;0.88826084
0.35862952;2.4030852;0.70435864
-0.03497138;1.7044994;0.36973694
-0.49750835;1.1300057;0.08953954
-1.1924403;1.2602546;-0.17836836
-1.7712374;2.6519537;-0.1614447
-1.8193337;4.549688;0.25834423
-1.0249982;5.2928753;1.1066754
-0.24714698;4.2968;1.4228404
-0.17681915;2.4030652;1.1945223
-0.39223656;0.13495217;1.2618678
-0.7676955;-2.0920382;1.1657442
-1.0852501;-3.5427713;1.0200953
-1.1767938;-4.0689826;0.9785763
-1.1554976;-4.017686;0.5703611
-0.9431481;-3.493055;0.15628885
-0.83264345;-2.6647565;0.037531074
-0.79423976;-1.8575865;-0.14497514
-0.7416418;-2.1915379;0.059019886
-0.80581343;-2.332918;0.2972159
-0.58527577;-2.549147;-0.09347727
-0.6010331;-3.1486924;-0.57478184
-0.9277015;-2.6877038;-0.76607543
-0.7734112;-1.6220381;-1.0316104
-0.060916454;-0.8820055;-1.2752883
0.42157933;-0.43685442;-1.4077306
0.56382596;-0.27760854;-1.4980595
0.5588733;-0.37521183;-1.4140726
0.38772362;-0.44391948;-1.106258
0.1883039;-0.25201058;-0.6662565
0.097518116;0.06714154;-0.25800517
0.188952;0.24590074;0.14984587
0.2495991;0.37797058;0.4886267
0.21999177;0.38362646;0.5596514
0.36896217;0.13658868;0.41022107
0.4943885;0.049895942;0.17192687
0.45332327;0.18366675;0.16879149
0.39703363;0.1438084;0.041283194
0.44028315;-0.06776578;-0.085723445
0.41550776;-0.29327512;-0.09982876
0.19803122;-0.4439951;-0.211113
-0.06345002;-0.3708211;-0.2813904
-0.18982252;-0.15603186;-0.23761232
-0.12998302;0.09392451;-0.05258986
-0.010236412;0.22670211;0.18917811
-0.04803288;0.24698669;0.22634248
-0.15483256;0.28352684;0.24982399
-0.19261605;0.2830715;0.2998592
-0.13534284;0.24520719;0.19613735
-0.014524268;0.21647824;0.18815988
0.118068084;0.1106826;0.3505279
0.18507947;0.07760858;0.5241723
0.18243858;0.0027118623;0.77558786
0.09829461;-0.1759555;0.8579703
0.06457319;-0.08607691;0.80512625
0.07665855;0.14520097;0.556601
-0.06132941;0.43647328;0.10153079
0.022030223;0.3726161;-0.18752538
0.16918668;0.0387179;-0.5937703
0.23456809;-0.2799632;-0.12501624
0.42749822;-0.80990803;0.48123702
1.4867251;-1.9198015;0.59123963
1.7887942;-3.0420911;0.5667417
1.4173635;-2.180548;0.94089335
1.1475626;0.26806167;1.7714647
0.8625814;2.8066368;2.5046718
0.83342445;4.6265593;2.3537374
1.5964271;5.2668724;1.9204899
2.2646418;3.7931855;1.036392
2.0835884;0.7882594;-0.33963645
1.0168706;-1.4199784;-1.2279592
0.21037152;-1.4656702;-1.5323673
0.37610972;-0.17878619;-1.6571438
0.9087003;0.7765023;-1.6132151
1.0410228;0.8622175;-1.565572
0.82500565;0.3854771;-1.4524577
0.38656706;-0.16114958;-1.4119661
0.056128636;-0.36641967;-1.5420729
-0.042597093;-0.622042;-1.5336583
-0.32001516;-1.0570086;-1.4738016
-0.55288714;-1.2846694;-1.4977913
-0.6344972;-1.0246105;-1.2388581
-0.730254;-0.4618759;-0.98171145
-0.733422;0.10706178;-0.58224416
-0.61955005;0.17314942;-0.26267034
-0.7557963;-0.20523046;-0.28513625
-1.1272933;-0.50168437;-0.28748402
-1.2867956;-0.85916;-0.22373721
-1.2171317;-1.059203;-0.20711477
-1.0885491;-0.8567374;-0.12194181
-0.98372996;-0.45413992;-0.09130345
-0.87526524;-0.061749432;-0.04804276
-0.8744309;0.18810046;-0.3509342
-0.9007166;0.14579286;-0.37449735
-1.0174483;-0.04742821;-0.1995979
-1.1373961;-0.0129425675;-0.18780331
-1.1896044;0.24589595;-0.18149266
-1.162621;0.31546676;-0.12019412
-1.1472843;0.1133109;-0.0555303
-1.1865774;-0.15622628;-0.04129924
-1.1258245;-0.37498102;0.0013356099
-1.1069095;-0.6593598;-0.13643152
-1.3105277;-0.75561285;-0.24664521
-1.3890471;-0.72324026;-0.20356616
-1.3049877;-0.7598422;0.17152207
-1.1377401;-0.92662376;0.49971765
-0.9508171;-0.94442403;0.64977413
-0.6294037;-0.6867892;0.5510693
-0.15664797;-0.27130637;0.40335545
0.27936912;-0.16079511;0.25393435
0.6328703;-0.11613608;0.17189749
0.9781712;0.16021614;0.06876799
1.2247245;0.3781729;-0.107485615
1.4469671;0.5306633;-0.2641135
1.6954643;0.82140565;-0.25191578
1.7950433;1.1196245;-0.15465763
1.8840815;1.1394496;-0.12372611
2.0260153;1.0959347;-0.08960588
2.1165154;1.1158103;0.05644029
2.154931;1.1598357;0.20140223
2.043476;1.2184936;0.3267468
1.9457183;1.1240135;0.63014746
1.8706372;1.0156171;0.96661794
1.7527597;0.5468687;1.1795443
1.4897078;-0.087505035;1.3186355
1.1902038;-0.34500402;1.5424083
0.82403797;-0.47756574;1.7089267
0.39360538;-0.79142755;2.1233914
0.0039468096;-1.3909546;2.523713
-0.27496755;-1.7596387;2.5564704
-0.32466155;-1.6983359;2.3576763
-0.32691672;-1.4867938;1.9173911
-0.36153337;-1.0613099;1.4089129
-0.3423517;-0.661548;1.1521304
-0.35825637;-0.5948634;0.92170423
-0.3647301;-0.9977657;0.3498634
-0.25740907;-1.0763376;-0.13885929
-0.12936476;-0.47669506;-0.39858744
-0.1363043;-0.32510605;-0.75636995
-0.1051372;-0.48195985;-1.173846
-0.04348476;-0.31056786;-1.5390768
0.007399694;-0.026579296;-1.5437614
0.1207635;0.28498656;-1.4912591
0.21692331;0.39361426;-1.4242573
0.13447614;0.4305164;-1.4269059
0.06539342;0.82253814;-1.5290247
0.08356473;1.3017805;-1.6107197
0.049664285;1.5507994;-1.5135758
0.02879393;1.579702;-1.3921106
0.13397264;1.5746992;-1.3855635
0.2009281;1.5636655;-1.3928258
0.21386749;1.4806199;-1.3642607
0.17578149;1.4641834;-1.3757836
0.08750019;1.4834561;-1.4193769
-0.019062344;1.2613742;-1.4042515
-0.21524988;0.84269315;-1.3546512
-0.29954365;0.7124358;-1.2868459
-0.42713493;0.8207299;-1.1826017
-0.6424892;0.840373;-1.0117064
-0.8585226;0.44241557;-0.7249901
-1.0565447;-0.2640363;-0.2924921
-1.3946497;-0.8932603;0.03163133
-1.7168916;-1.1583582;0.20030506
-1.8578883;-1.1048115;0.41024405
-1.9714669;-1.2291617;0.79069525
-2.0959237;-1.8802044;1.0888062
-2.164239;-2.4572885;1.146045
-1.850141;-2.3908308;0.97621095
-1.3223003;-1.8814147;0.9653438
-0.8422153;-1.3770068;1.0472751
-0.36908472;-0.83598036;0.80032
0.13754472;-0.2500343;0.52775604
0.5748795;0.80778503;-0.021545192
1.0704505;2.036853;-0.40786114
1.4996221;2.4146388;-0.57628894
1.5175688;2.605539;-0.8329061
1.8283129;2.4252515;-0.68819994
2.0204628;1.2814122;-0.10055993
1.4648077;0.12161413;0.13517706
0.84450245;-0.2167712;-0.038733356
0.3939613;-0.27497944;0.25338832
-0.023502823;-0.5246711;1.0652107
-0.4018589;-1.1697369;1.8459185
-0.7790555;-2.0701644;2.0329847
-1.0138694;-2.5530066;1.9076378
-1.0103142;-2.3049052;1.6386102
-0.8160639;-2.2126741;1.5796382
-0.65441364;-2.4357643;1.3824606
-0.6094684;-2.3236115;0.98721844
-0.48054346;-1.8901392;0.48977476
-0.43599728;-1.5871114;0.10431982
-0.43082908;-1.1134391;-0.23529415
-0.20716326;-0.51575124;-0.60698533
0.10458189;0.08739898;-0.8355883
0.30358738;0.2011692;-1.0622206
0.3768543;-0.12343965;-1.1372765
0.30929592;-0.3206267;-1.0410712
0.17478049;-0.10025138;-0.90785694
0.19724627;0.2354239;-0.87628555
0.4699064;0.67896414;-1.0979035
0.71860087;0.7212963;-1.1845728
0.6936307;0.25203705;-0.8289082
0.45148662;0.08912963;-0.36312658
0.33628693;0.3806787;-0.03425125
0.44315064;0.67329293;0.031974
0.51350486;1.1980094;-0.1087958
0.45865548;1.2740325;-0.35266164
0.25403374;0.42547598;-0.5415043
0.0710981;-0.19399421;-0.76132846
0.15443707;0.007304638;-0.42468777
0.4241356;0.8527187;0.4227498
0.4143085;1.8696749;1.1100749
0.11464991;2.34574;1.2880598
-0.0727332;2.2304983;1.0304478
0.0068525025;2.11018;0.3243583
0.3271617;1.7303314;-0.17801335
0.4265731;1.1795776;-0.42678568
0.42172724;0.9967871;-0.41642854
0.23347554;0.93336713;0.007482166
0.03990543;0.7982562;0.49973574
-0.19620065;0.61594874;1.0622886
-0.49963632;0.64822775;1.0373309
-0.42841998;0.7209259;0.87361467
-0.14927895;0.40486574;0.59889174
0.1159284;0.024673851;0.054113407
0.2939146;-0.34197968;-0.23170927
0.30974105;-0.84624;-0.0103674205
-0.08931653;-1.201992;0.07295606
-0.46574032;-1.038156;0.35211486
-0.613852;-0.7070874;0.6316919
-0.59069103;-0.2828574;0.7553535
-0.42470124;0.16433908;0.6730328
-0.26886255;0.22053376;0.18842624
-0.13852754;0.088927016;-0.299259
-0.13377126;-0.02885839;-0.3956572
-0.26023966;-0.17464921;-0.22277576
-0.5968636;-0.48346937;-0.08447061
-0.8735846;-0.785213;0.12617351
-0.93089896;-1.1219203;0.3134388
-1.1158129;-1.3256613;0.41950104
-1.3270253;-1.3761541;0.34185085
-1.1850578;-1.1884233;-0.0015193298
-0.8121087;-0.5257386;-0.12621546
-0.47624946;0.0012841244;0.49902764
-0.11849958;0.1041523;0.2992221
0.2700441;0.16144684;-0.24187231
0.39806652;0.25259498;-0.8122479
0.45048445;0.38332596;-1.3122983
0.38148132;0.4925983;-1.5279636
0.22627881;0.44407862;-1.4754959
-0.11897695;0.1412004;-1.0428967
-0.46940032;-0.36672717;-0.38431737
-0.7583327;-0.94963175;0.2175461
-0.9472912;-1.4722054;0.6365369
-1.057833;-1.4996393;0.7154795
-0.93845385;-0.90283644;0.5723836
-0.5492006;0.008980838;0.42040688
-0.083110474;0.8478097;0.2988255
0.22726162;1.3048103;0.07656041
0.3833718;1.3047857;-0.04500168
0.37700993;1.0000786;-0.09225134
0.31254545;0.54225034;-0.11130107
0.25472385;0.14005028;-0.15154086
0.2787791;-0.10358478;-0.21498269
0.32380453;-0.20005533;-0.20323615
0.37466863;-0.19129427;-0.18758892
0.34739113;-0.14053541;-0.10632113
0.2857254;-0.11555333;-0.022556908
0.23404908;-0.10806766;0.013204473
0.14895801;-0.08645413;0.02931358
0.09807266;-0.078538306;0.06720086
0.03861438;-3.306426E-4;0.02251069
0.036360253;0.06536049;-0.056991447
0.055650704;0.07572589;-0.08934316
0.09842681;0.09026821;-0.09647453
0.10530395;0.04252707;-0.08967962
0.11705566;-0.042540845;-0.065493695
0.10145703;-0.046532676;-0.039894957
0.06397812;-0.005976141;0.018084034
0.05665125;0.04990659;0.076967224
0.060946;0.06961277;0.08657378
0.1112568;0.058815215;0.08175903
0.11791169;0.059552174;0.07165722
0.09432935;0.083579235;0.094825774
0.10593223;0.084050894;0.06961062
0.07146453;0.05161571;0.018188497
0.025140379;0.02879257;-0.010449203
0.021674803;-0.005090944;-0.008359362
0.029058592;-0.040010255;-0.03168749
0.013871874;-0.057008203;-0.056599993
-0.029527502;-0.058106564;-0.07027999
-0.04627825;-0.04648525;-0.06872399
-0.026085101;-0.0575007;-0.06747919
-0.02789933;-0.03037556;-0.06023336
-0.0035694644;0.010074551;-0.048186686
-0.0028555717;0.017434642;-0.06979935
0.03209054;-0.021989787;4.1052143E-4
0.10067243;-0.05352933;0.037828416
0.042256698;-0.036573462;0.005262734
0.031461608;-0.016758772;0.04796019
-0.014674463;0.019405484;0.013368149
0.0054479293;0.021774387;-0.02055548
0.054358345;-0.024767991;-0.035194386
0.035674173;-0.07606439;-0.053155508
-0.01755441;-0.08585151;-0.061274406
-0.027324779;-0.09680621;-0.07401952
0.008608927;-0.08056997;-0.09046562
0.052980892;-0.055080976;-0.028622495
0.07129096;-0.02843978;0.020852003
0.07812652;0.0053731757;0.047931604
0.07968871;0.01054854;0.069595285
0.09187597;0.055313833;0.07442623
0.05631328;0.08487607;0.078290984
0.038019374;0.088213354;0.100132786
0.030415498;0.09557068;0.123856224
0.03761365;0.07489405;0.049084984
0.04727842;0.025540236;0.033017986
0.028447736;-0.0092553105;-0.011085612
0.020414438;-0.027716748;-0.033868488
0.008519051;-0.0440484;-0.03959479
-0.01427851;-0.04461372;-0.037925832
-0.007516558;-0.013815975;-0.011590666
-0.0036694962;0.01082222;-0.021772534
-0.022466848;0.014907775;-0.011168026
-0.025785977;0.008801221;0.0035655787
0.008277468;-0.014834023;0.009102463
0.0144344745;-0.039992217;0.013531971
0.015453829;0.005506225;-0.0016744237
-0.011074437;0.01065498;-0.007589539
-0.011984549;0.017898984;-0.018571632
-0.02521264;-0.0075558126;-0.027357304
-0.027982611;-0.04041965;-0.040635843
-0.02785484;-0.02296072;-0.045008674
-0.04181512;-0.030868577;-0.05475694
-0.033452097;-0.030944861;-0.018805552
-0.020511677;-0.0028808888;-0.008794442
0.015621908;0.016445288;0.011714446
0.039841276;0.028781231;0.015621557
0.03187302;0.026149984;0.018747246
0.04659217;0.002169988;0.027497796
0.029461233;0.0017359904;0.034498237
0.025131486;-0.0017362077;0.04634859
0.027917689;0.017361034;-4.211281E-4
0.0418654;-0.0017361729;0.024663098
0.017867321;0.028298562;0.03848048
0.022106357;0.04295135;0.030784382
0.028622586;0.0156110795;-0.012872494
0.008054319;-0.021886136;0.0022020047
-0.0029315453;-0.023758909;-0.016988397
-0.025782736;-0.019007128;-0.0010907169
-0.035469938;-0.015205702;-8.725736E-4
-0.022907201;-0.0027895614;0.018051941
-0.005044511;-0.0022316491;0.033191554
-0.02903561;0.016964681;0.007803242
2.0901301E-4;0.010446745;-0.037507407
-0.00998904;-0.035392605;-0.048755925
-0.025178732;-0.07831408;-0.03900474
-0.0084242355;-0.07202627;-0.06870379
-0.020020638;-0.06387101;-0.023713034
0.008983489;-0.09797181;-0.025220428
-0.046719458;-0.11587745;-0.07642634
-0.017844317;-0.09270196;0.07010893
0.2552558;-0.18353657;0.43733713
0.44561088;-0.27182925;0.6311197
0.44828558;-0.2455884;0.7798958
0.17659722;-0.03397072;0.6926666
-0.4255191;0.35719842;0.5166333
-0.9419778;0.6857587;0.8695566
-0.9692072;0.601732;1.1456453
-0.58786577;0.2673231;0.99776626
-0.14685513;-0.24395403;0.52321297
-0.0393591;-0.67953825;0.5748204
-0.015862279;-0.94050556;0.92860633
0.22871643;-1.1180295;0.7803851
1.62477;-1.7944236;0.86180806
1.299816;-1.4355389;0.68944645
2.5582123;-5.420306;-0.14844285
2.0465698;-4.336245;-0.11875428
-0.21235357;-5.1189957;-1.1512535
-1.1866797;-3.7951968;-0.45225275
-0.47825003;-0.64240736;-1.1305522
0.7662281;1.6923242;-1.9294418
1.4766543;2.6819842;-2.3966784
1.564136;3.3924625;-2.4423428
1.3106837;4.57022;-1.7132492
1.0501095;5.3253164;-0.9487243
0.6838376;4.7082267;-0.5214795
0.3267576;3.1022017;-0.25155857
0.24187483;1.419652;-0.14812186
0.20678112;0.52634656;-0.08099749
0.07011239;0.66013974;-0.061672993
0.023277411;1.1718618;0.07566161
0.19674693;1.4757707;0.091779284
0.44958505;1.5575696;-0.20470157
0.7581055;1.3261338;-0.33876127
0.8142969;0.6530946;-0.31475902
0.51550007;-0.03299308;-0.3674322
0.24677503;-0.25998822;-0.25332075
0.11929502;-0.19549057;0.0067183888
0.039186023;-0.45639247;0.3366247
-0.24208868;-1.333864;0.5442998
-0.79835844;-1.8670912;0.3666898
-1.1230618;-1.5436729;0.17460185
-0.87149626;-0.5474383;0.13343148
-0.2686814;0.34173682;0.21299519
0.06317988;0.72338945;0.23914614
-0.0033623457;0.70058656;0.32256693
-0.23784612;0.6104692;0.033053536
-0.45473003;0.4071254;-0.14855717
-0.5247215;0.23663782;-0.16884574
-0.62075377;0.15493526;-0.30695158
-0.6421108;0.1223857;-0.16431127
-0.65343475;0.14165856;0.19042598
-0.83671266;-0.047610648;0.4335908
-0.9086279;-0.22715102;0.40937263
-0.87651175;-0.19890831;0.3024981
-0.90238124;-0.088814154;0.18574849
-0.928155;-0.16323882;-0.1514012
-0.9440865;-0.40559107;-0.46174598
-1.1302692;-0.64478534;-0.65689677
-1.3159341;-0.48457828;-0.59739244
-1.3605598;-0.006412621;-0.65603894
-1.2821978;0.3433074;-0.81233114
-1.1101333;0.21683343;-0.59673995
-1.1912316;-0.27028325;-0.30864194
-1.4717352;-0.6037266;-0.09691355
-1.4211383;-0.7345438;0.14434417
-1.2025356;-0.893885;0.43735033
-1.0651535;-1.290108;0.76238024
-1.0489978;-1.4758364;1.2224042
-1.1016982;-1.4087942;1.3404233
-0.9344836;-1.2957853;1.1535887
-0.60383683;-1.0053782;0.85412097
-0.2674445;-0.4918026;0.6957968
-0.04520559;0.06593292;0.71913743
0.13883553;0.53399634;0.6190599
0.35794342;0.72719705;0.38899794
0.6816672;0.8348827;0.14869836
0.9328338;0.8538436;-0.11229131
1.0634545;0.6518249;-0.26483306
1.0726386;0.5823974;-0.43686643
1.2002984;0.54873043;-0.45574316
1.320395;0.29054683;-0.38959453
1.1555347;0.21837498;-0.3741756
0.89395905;0.3012625;-0.30559048
0.7151672;-0.005865013;-0.031972397
0.5643213;-0.276567;0.030672083
0.5725508;-0.2681286;0.09953766
0.8103844;-0.027002888;0.12338013
1.1594403;0.2846477;0.054954108
1.3487437;0.66209316;0.031463284
1.3011628;0.9765495;-0.06857937
1.1555787;0.9515521;-0.2111135
0.95922863;0.7143667;-0.3376408
0.82285166;0.54961836;-0.32011265
0.81531256;0.5068822;-0.23109011
0.9045938;0.48050573;-0.11612209
0.99398756;0.5062796;0.019602329
0.992065;0.54721117;0.034431864
1.0100583;0.540894;-0.04745451
1.0049217;0.53271514;-0.10046361
0.9133123;0.31523463;0.06337912
0.71033734;0.1193752;0.2819533
0.5588949;0.018937659;0.44431263
0.6111784;-0.21922487;0.5617001
0.62644273;-0.42069238;0.64936006
0.5089667;-0.4084289;0.6694881
0.31342334;-0.39080563;0.62934047
0.15698867;-0.401707;0.46597236
0.08965344;-0.3651156;0.2540279
0.06391025;-0.29365498;0.14072232
0.0636282;-0.14117399;0.03132785
0.08059006;-0.1723142;0.0125622805
0.084784545;-0.30191386;-0.0024501758
-0.04154736;-0.36496857;-0.00821014
-0.21917538;-0.49041235;0.08093189
-0.38080907;-0.6423299;0.07099551
-0.50620973;-0.6701139;0.05679641
-0.55574906;-0.6470286;-0.054562874
-0.5078805;-0.5644979;-0.1749003
-0.37974188;-0.3015983;-0.29617023
-0.19051227;-0.08190366;-0.3744362
-0.082097314;-0.010835427;-0.36829895
-0.08442785;0.008519158;-0.20713916
-0.108167276;-0.090059675;-0.07821133
-0.08262757;-0.23142274;0.012430936
0.014366692;-0.2195132;0.06619475
0.13961835;-0.075610556;0.0654558
0.25544468;0.06763656;0.08986464
0.28873074;0.19785924;0.090641715
0.3153596;0.2192249;0.17876337
0.38041267;0.2706924;0.26176068
0.5496426;0.26811644;0.28440857
0.7475266;0.15199314;0.32752684
0.7636463;0.10596952;0.39327148
0.64529204;0.120713115;0.4333672
0.43342113;0.12157049;0.5091937
0.1951744;0.13944389;0.444855
0.09363952;0.2615551;0.330884
0.15616162;0.33736908;0.2834572
0.1718043;0.34645778;0.27051577
0.029630935;0.33497873;0.2726626
-0.25910774;0.31173298;0.21188009
-0.4088487;0.23532388;0.013254068
-0.48801646;0.1866966;-0.08314674
-0.48416317;0.14310728;-0.2165174
-0.548268;0.0019858265;-0.31071392
-0.68939567;-0.14372385;-0.37357113
-0.64682907;-0.15091658;-0.3926069
-0.47918198;-0.09104576;-0.39533553
-0.41381434;0.034975894;-0.5287684
-0.45370772;0.06860571;-0.7855147
-0.49343494;-0.093552925;-0.7971618
-0.5041229;-0.29046735;-0.58147943
-0.39548585;-0.14487387;-0.44018355
-0.26482618;0.2450384;-0.42089683
-0.2267047;0.31634322;-0.38671747
-0.29659814;0.15307458;-0.515624
-0.3654035;0.042772163;-0.60624915
-0.4282603;0.09515523;-0.66937435
-0.40979573;0.2651867;-0.69487447
-0.22236784;0.41527435;-0.6558996
-0.18375365;0.35565698;-0.62159467
-0.3747373;-0.038911916;-0.39727575
-0.6559422;-0.34362954;-0.26157057
-0.90571076;-0.24052863;-0.35613146
-1.0612874;0.1310146;-0.6880302
-0.99668616;0.47981167;-0.91917413
-0.8645364;0.8299431;-0.8197143
-0.91194165;1.1678607;-0.58702147
-1.0053346;1.237023;-0.13836716
-1.1355176;0.50875896;0.44868127
-1.3756016;-0.6320553;0.75582004
-1.6301688;-1.4009567;0.967156
-1.7306975;-1.5582654;1.1737248
-1.534558;-1.3466123;1.1014799
-1.1338965;-0.86478984;0.9061839
-0.74149215;-0.38558188;0.68744713
-0.4275687;-0.08190301;0.41245767
-0.14517997;-0.057709906;0.07371615
0.15729353;-0.17273043;-0.25977707
0.44927233;-0.24912184;-0.38907167
0.75160533;-0.27429748;-0.39250734
0.89894056;-0.17881298;-0.35150588
0.8839962;0.024137119;-0.2905797
0.7892282;0.2099347;-0.19808875
0.7196638;0.24294776;-0.139721
0.6561998;0.16623321;-0.1305268
0.65933484;0.16267407;-0.079421446
0.84895223;0.17232674;0.048962846
1.0141227;0.3316114;0.08917028
1.0774114;0.5715391;0.0025862216
1.110855;0.6962938;-0.010431022
1.171887;0.6273475;0.12290518
1.1695409;0.60187805;0.26707414
1.1481327;0.64400244;0.45115933
1.111475;0.5269207;0.59217745
0.90246123;0.22934905;0.54874194
0.7415002;-0.004802009;0.49524358
0.6908564;-0.2319666;0.51494485
0.5222164;-0.2527608;0.4119559
0.44042936;0.04310387;0.3733147
0.55390596;0.115733095;0.34865177
0.54234356;-0.06991352;0.16017142
0.4221561;-0.20905581;0.04688713
0.28850612;-0.46568215;0.0625097
0.15580489;-0.7319207;0.16250776
0.08636267;-0.76834905;0.2987562
0.070652634;-0.65999174;0.35150498
0.049490854;-0.6373684;0.28745398
-0.004938566;-0.65364474;0.39246318
-0.103169605;-0.5572908;0.56397057
-0.090348184;-0.35989514;0.73242646
0.017565204;-0.1160411;0.8484411
0.17889592;0.055604618;0.87875295
0.23530424;0.094483696;0.83425236
0.17105588;0.06777446;0.64865184
0.060282208;-0.011405435;0.5064215
-0.022867983;-0.13568684;0.5613872
-0.08548189;-0.069486976;0.65535975
-0.14338551;0.09284792;0.6805378
-0.18111466;0.15709083;0.56318027
-0.23317298;0.06473517;0.3380442
-0.29200712;-0.071649365;0.114185356
-0.27969944;-0.24794449;-0.10865171
-0.25422832;-0.2827306;-0.36817136
-0.2338514;-0.18868448;-0.4882871
-0.24098738;0.01936492;-0.57812965
-0.24239928;0.107679434;-0.80000377
-0.16306004;-0.05135645;-0.965003
-0.26091677;-0.08171016;-0.7407524
-0.37904593;0.05338187;-0.7238519
-0.23800236;0.056767996;-0.81658155
-0.089230016;0.011039398;-0.89076525
-0.04052464;0.21351902;-0.98136216
-0.11093534;0.3911277;-0.8600897
-0.050467018;0.37227717;-0.7693218
0.09712639;0.52125925;-0.6654574
0.13707611;0.5857574;-0.51986593
0.062004637;0.4514184;-0.53464276
-0.050005667;0.23457223;-0.6652142
-0.114613906;0.16734529;-0.73529637
-0.039738003;0.25731373;-0.6632371
0.010006474;0.433976;-0.54933965
0.07519268;0.6206183;-0.43947175
0.106247894;0.6425884;-0.44845238
0.025623314;0.46016446;-0.4306369
-0.08106385;0.20719406;-0.43513453
-0.11094483;-0.03893225;-0.32935762
-0.10594336;-0.0670833;-0.1384861
-0.19373907;-0.05210414;-0.10766388
-0.40987405;-0.2229333;-0.2173811
-0.63414925;-0.12834665;-0.4707799
-0.69110847;0.07076018;-0.5234989
-0.7751524;0.17535815;-0.4687991
-0.997075;0.13872401;-0.2562893
-1.2531288;-0.1687083;0.07621856
-1.2728156;-0.9240291;0.65784985
-1.144815;-1.8126608;1.2450299
-1.1517894;-2.2657537;1.633524
-1.1276815;-2.0407279;1.6880691
-0.72714525;-1.5638323;1.4692053
0.033908807;-1.0479409;1.1191143
0.6400177;-0.3164777;0.7265414
0.9485376;0.43744284;0.32498312
1.0805585;0.7577668;0.11623649
1.1171324;0.51246345;0.09298919
1.0718309;0.27090824;0.23689136
0.9473085;0.31360158;0.29576308
0.9437843;0.45400628;0.37411046
1.0726056;0.64758;0.22428837
1.2205844;0.952439;-0.0705693
1.2686551;1.3275762;-0.26895544
1.2352365;1.5667485;-0.25266436
1.1335018;1.4088675;-0.3146315
0.8364889;0.917719;-0.4204552
0.48950362;0.44120646;-0.43011415
0.23847789;0.12327767;-0.4503413
0.033751063;0.017372139;-0.59152305
-0.15893665;0.1513977;-0.7357184
-0.4224618;0.18361817;-0.79169977
-0.71101636;0.08439454;-0.8646098
-1.0801412;-0.04029687;-0.96668786
-1.5113785;-0.074425;-1.0983503
-1.745431;-0.1954775;-0.8005552
-1.909626;-0.915757;-0.27481917
-2.0644195;-1.9310431;0.38326967
-2.1265357;-2.5073345;0.8503657
-1.6184161;-2.3214927;1.0365425
-0.8228578;-1.616569;0.91673404
-0.19109876;-0.94950527;0.70213723
0.15883975;-0.5346042;0.4679598
0.3708218;-0.26830837;0.28061783
0.60446995;0.03535331;0.14949428
0.84744316;0.24703264;0.11334542
1.0169194;0.3226261;0.14692633
0.9974222;0.3643509;0.22379106
0.83992994;0.33835572;0.29153284
0.66823304;0.27068457;0.2707263
0.613102;0.28842264;0.16658102
0.6147004;0.46511313;0.08326482
0.6796509;0.6533405;0.035361856
0.69059575;0.6304849;0.047039486
0.65013283;0.43407542;0.10638159
0.57245004;0.12226034;0.16635527
0.42905378;-0.08031673;0.17058422
0.3448055;-0.13300338;0.15521738
0.36803192;-0.103277706;0.0616739
0.4436443;0.008002833;0.04933912
0.4721029;0.20796476;0.0707213
0.47690108;0.35543433;0.062827036
0.4721459;0.41872245;0.031511627
0.4574042;0.37716547;-0.018540697
0.41436085;0.18610737;-0.014832557
0.26273867;0.030135894;0.063133955
0.11800345;-0.019641284;0.21300717
0.07877776;-0.07821303;0.32665572
0.04974096;-0.09538292;0.4113246
-0.021144735;-0.052868836;0.40405968
-0.045822036;-0.02823257;0.42949775
-0.10384513;-0.085086055;0.4060982
-0.15573235;-0.08369385;0.36862856
-0.14177339;-0.023205075;0.40115285
-0.11966871;0.023623439;0.3209223
-0.19104746;-0.045163747;0.20048782
-0.2661192;-0.073630996;0.15414025
-0.17070788;0.0239077;0.042062204
-0.06547255;0.058188662;-0.19135024
0.06246571;-0.03469907;-0.35308018
0.18044132;-0.26838425;-0.45121416
0.113103054;-0.052207407;-0.51722133
0.15220119;0.23167157;-0.5137771
0.33426094;0.03064976;-0.5422717
0.32834625;-0.2098552;-0.70256734
0.3392395;-0.14913416;-0.74330384
0.4651416;0.13381767;-0.7946431
0.5236758;0.28517914;-0.8607145
0.49081564;0.20158081;-0.74482155
0.3426525;-0.01686035;-0.5708573
0.2131845;-0.19317578;-0.3504358
0.108047605;-0.22329062;-0.14284864
-0.0026244181;-0.1911325;-0.051778916
-0.06459954;-0.143531;-0.053923134
-0.100117125;-0.0491998;-0.09313851
-0.1488437;0.14501517;-0.1245108
-0.10813746;0.21757463;-0.055858646
-0.11307247;0.20687221;-0.019686915
-0.17014548;0.26237276;-0.04074953
-0.14392889;0.40052322;0.017400375
-0.13623686;0.5329186;-0.0235797
-0.17539573;0.59508485;-0.09386376
-0.19422284;0.9088804;-0.27509102
-0.07725327;1.2622606;-0.45757282
0.062416136;1.5383241;-0.6441832
0.17805791;1.8165967;-0.6840966
0.31900883;1.9013243;-0.47227728
0.33801955;1.656997;-0.28407183
0.21104065;1.1359491;-0.14600746
0.05008252;0.5028999;-0.013680966
-0.23180899;0.019312114;0.11093023
-0.49560344;-0.18376906;0.31061918
-0.69960773;-0.5700621;0.50474536
-1.0897644;-1.1310498;0.42254627
-1.4175146;-0.87046474;0.07553702
-1.4726835;-0.49949682;-0.44894537
-1.5246313;-0.72772247;-0.7185313
-1.8017362;-1.3337405;-0.51232505
-2.147639;-1.9248048;0.06826496
-2.1290486;-2.2554688;0.87648696
-1.9610515;-2.266875;1.4636896
-1.5157162;-2.354125;1.4272016
-1.0266354;-2.230175;1.0792613
-0.7463083;-1.8247651;0.77590907
-0.42360917;-1.172312;0.5082272
0.034550164;-0.49722463;0.1440818
0.44014013;0.02097029;-0.05348456
0.72320586;0.37302622;-0.15528765
0.83950216;0.523421;-0.19298013
0.82628924;0.4124868;-0.054384094
0.7454064;0.30811444;0.13774273
0.7053095;0.41211656;0.13519418
0.9050679;0.6765682;0.08315534
1.1912419;0.9303171;0.060274273
1.3246732;1.0473787;-0.02053058
1.3601291;0.98790294;-0.060174465
1.3638846;0.75282234;0.026860429
1.2403264;0.6147579;-0.034761656
1.0266361;0.5824313;-0.12155932
0.91896516;0.67532;-0.19724746
1.0039221;0.78869355;-0.23279797
1.2781377;1.0700173;-0.21123837
1.3975102;1.4755452;-0.1752407
1.2461331;1.3093424;-0.10894256
0.7625315;0.8404426;-0.18090405
0.3537752;0.4348541;-0.36347324
0.19708265;0.25178954;-0.47827858
0.13266613;-0.012630878;-0.35762286
-0.1407421;-0.5710422;-0.3173483
-0.6008749;-1.0318338;-0.38825363
-1.09945;-1.275467;-0.3324779
-1.4287786;-1.4078736;-0.35035732
-1.5450737;-1.6481739;-0.32403585
-1.5843989;-1.9685391;0.01264631
-1.6890035;-1.9810812;0.41011706
-1.5965153;-1.70674;0.8530936
-1.1373684;-1.559142;0.8887249
-0.61106664;-1.5785636;0.61722994
-0.26658767;-1.5347259;0.30628395
-0.054481085;-1.3277807;0.22002715
0.05036044;-0.9465996;0.13227172
0.19341335;-0.39165467;0.04956738
0.4533635;0.06792627;0.077153906
0.5999955;0.16684102;0.055473123
0.549137;0.23347281;0.025628498
0.54477835;0.40865326;-0.0357472
0.5487133;0.53942263;0.008902239
0.5213925;0.6284131;0.019621791
0.49758276;0.70898044;0.046947435
0.41134748;0.9453094;0.050057948
0.35798422;1.0937475;0.027546357
0.3816999;0.509373;0.034537084
-0.021983847;0.1918734;-0.12862033
-0.39082927;0.70974874;-0.15914626
-0.27828842;1.0240489;-0.18981701
0.016627083;1.0129892;-0.3893536
0.09181729;0.96664137;-0.4802329
0.09650071;0.8295631;-0.5935613
0.079153694;0.47146297;-0.79359907
0.28754172;-0.21814214;-0.75050426
0.58784586;-0.5182637;-0.5629034
