0.04918389;-0.026208505;0.2613446
0.10829242;-0.4990918;0.2965757
0.111438625;-0.84614843;-0.06898945
0.006924339;-0.9519188;-0.45519155
-0.13625741;-0.786535;-0.5704032
-0.23908405;-0.472978;-0.5813226
-0.262361;-0.2158824;-0.5306831
-0.16379504;-0.09145592;-0.37142146
-0.029473532;-0.05753974;-0.15963717
0.049077425;-0.10228179;-0.015209735
0.09863694;-0.21307543;0.22533222
0.07324549;-0.26108533;0.31776577
-0.079098925;-0.15261827;0.16046262
-0.10741976;-0.040844623;0.084620096
0.017579814;0.0704493;-0.007303926
0.1632826;0.12823445;-0.04334314
0.14195421;0.10883755;-0.15342452
0.054188367;0.027695043;-0.21648961
-0.09258681;-0.049718965;-0.23569168
-0.20414758;-0.12415017;-0.22605336
-0.19222431;-0.13682014;-0.14334267
-0.10182632;-0.17820612;-0.07092415
0.016195193;-0.23943989;-0.012989315
0.07037803;-0.2728019;-0.035391454
0.098489925;-0.24011652;0.027936839
0.18015912;-0.19209322;0.15984946
0.2552601;-0.14117458;0.17787957
0.28838778;-0.04418966;0.08605366
0.22113991;0.01152327;0.0125929285
0.06577911;0.07171862;-0.027425656
-0.077650145;0.08549989;0.009309474
-0.10587011;0.074649915;0.05744758
-0.0024695303;0.09409493;0.077208064
0.095680624;0.103400946;0.068016455
0.15691559;0.08272076;0.04191316
0.14271997;0.0724266;-0.04771947
0.08351192;0.07981628;-0.069425575
0.02862594;0.007603027;-0.018040461
-0.015380497;-1.6757831E-4;-0.01443237
-0.06796846;0.077990934;-0.011545896
-0.06394508;0.10926775;0.009513283
-0.058773253;0.0655392;0.038860627
-0.050924852;0.01493136;0.0873385
-0.06945082;-0.050554913;0.1386208
-0.10517003;-0.01231893;0.05464664
-0.11304227;0.055769857;0.012467313
-0.14394945;0.060240883;0.07872385
-0.15148768;0.007567708;0.20672908
-0.1844714;-0.012695834;0.29663327
-0.18585837;-0.060156666;0.4810566
-0.17173357;-0.041875333;1.0098453
-0.44949624;0.26024973;1.0016263
-0.8041282;0.7050748;0.613801
-0.8815838;0.97030985;0.2972908
-0.6849546;1.0059353;-0.14966737
-0.3909324;0.8328733;-0.8197339
-0.033058424;0.48504862;-1.1151621
0.21886577;0.073976405;-0.9233797
0.082905106;-0.43769386;-1.2293288
-0.09461341;-0.8220301;-1.486588
-0.257722;-0.8826241;-0.5236454
-0.75149006;-0.45297426;-1.1907914
-0.29650456;-1.5717545;-1.8088831
-0.15751615;-2.1011536;-0.88148147
0.034924578;-1.5590478;-0.43018517
0.3709084;-0.82848823;0.12460187
0.7025861;-0.3690406;0.1403065
0.9239829;-0.22648248;0.1653702
0.8043231;-0.23118599;0.23229615
0.50175923;-0.12557378;0.32333693
0.18871208;0.09641597;0.33679456
0.015032165;0.21150777;0.30068564
0.012025732;0.16920622;0.2405485
-0.06498879;0.23223998;0.2455638
-0.057850406;0.30454198;0.118326046
-0.0021397003;0.30925858;-0.13971417
0.04047574;0.20678186;-0.44302133
0.19917747;-0.07519951;-0.52004206
0.2798498;-0.41015962;-0.53165865
0.26020795;-0.5468777;-0.28157693
0.28668198;-0.62500215;0.86223847
0.11450184;-0.5000017;1.7835407
0.31552726;-0.31875136;2.1705825
1.1005664;0.0668739;2.3802161
1.6538906;0.86287415;2.2979228
1.4074875;2.1152992;2.1758382
0.6838025;3.4047394;1.9406706
-0.22268459;3.6812134;0.8900365
-1.2869368;3.0464356;-0.3067208
-2.3158774;1.8684962;-1.1266266
-2.440202;0.50143754;-0.9325513
-1.8162241;-0.53634995;-1.089791
-1.1889168;-1.000955;-1.1280829
-0.71988344;-1.113264;-0.67121625
-0.51653177;-0.8218612;-0.599473
-0.5054129;-0.39811397;-0.43582842
-0.5793303;-0.087241165;-0.25491273
-0.7478393;0.32864457;-0.4289302
-0.8013964;0.90041566;-0.63689417
-0.020804621;1.7703326;-0.9345153
1.5271063;1.4428285;-0.7882373
1.7079643;0.77848154;-0.3712148
1.0484515;0.2766915;0.028028157
0.025089364;-0.7911468;0.44117254
-1.328366;-0.7376049;0.34668803
-2.1830053;-0.14477146;0.08360042
-1.9089042;0.10918284;0.029380333
-1.1177484;0.54359627;-0.20149574
-0.6910737;0.9176895;-0.37057158
-0.574734;0.63649535;-0.53395724
-0.45041218;-0.29158497;-0.45529082
-0.25095475;-1.252018;0.04514235
0.14298621;-1.6703644;0.5017389
0.6503265;-1.7175415;0.7263911
0.9249487;-1.0334082;0.6561129
0.9837089;-0.16266406;0.6061403
0.8877484;0.31518126;0.68491226
0.7500425;0.69277;0.6979298
0.750034;0.994841;0.79584384
0.94221467;1.0388416;0.7679251
1.0967405;0.664667;0.68309003
1.0844237;0.078608595;0.41522205
0.8347264;-0.5027381;-0.030322365
0.52403116;-0.988128;-0.17425789
0.1801624;-1.1842524;-0.7144063
0.017567426;-1.3224019;-0.89027506
-0.02813356;-1.4704216;-0.73097
9.3065214E-4;-1.3107122;-0.53477603
0.023400772;-0.85169476;-0.37157083
-0.06331063;-0.42510584;-0.10975666
-0.22486725;0.022415338;0.11219467
-0.2533313;0.55543226;0.18975574
-0.2409463;0.89278334;0.2143046
-0.26150703;0.96891415;0.090193674
-0.32404938;0.7298188;-0.021595063
-0.19439575;0.34948006;-0.06102605
0.09213965;-0.021978453;-0.06757084
0.22683671;-0.22383276;-0.15405667
0.15646937;-0.2634412;-0.20449534
-0.05529325;-0.38887796;-0.15734626
-0.1832971;-0.39547738;-0.10712702
-0.13570018;-0.2195069;0.014298387
-0.035903893;0.04626948;0.10518871
-0.007629365;0.3057656;0.11540097
-0.034228493;0.43211246;0.12357078
-0.085195296;0.44256496;0.10510662
-0.10643748;0.37592697;-0.009664704
-0.050774988;0.21636659;-0.070231766
0.08984876;-0.09253173;-0.11868541
0.2859415;-0.4177754;-0.16994832
0.40922195;-0.6560953;-0.029708663
0.34456506;-0.6748763;0.11373307
0.2545583;-0.305526;0.17848645
0.090365395;0.1930792;0.21778916
-0.10348894;0.5700884;0.14298134
-0.1960724;0.7154457;0.020635065
-0.16076417;0.58485657;-0.07099195
-0.06923634;0.20538524;-0.16929355
0.007892181;-0.23881681;-0.24793485
0.07896999;-0.58480346;-0.29209787
0.16473849;-0.71471775;-0.2899283
0.1817908;-0.6061492;-0.15694264
0.12433889;-0.44116935;-0.056804113
0.04400236;-0.21543549;0.07955671
-0.045266863;0.1589016;0.29489538
-0.03465099;0.39587128;0.17341629
0.35548234;0.19482203;0.038733035
0.65391713;-0.056642376;-0.18151358
0.7299696;-0.2578139;-0.33271086
0.56669056;-0.5375011;-0.13491869
0.36536416;-0.6175009;-0.0016849488
0.26729134;-0.58775073;-0.001347959
0.242544;-0.52332556;0.017671634
0.21132036;-0.33116046;0.051637307
0.1326305;-0.049303368;0.085059844
0.0027840897;0.2793073;0.13054788
-0.08761648;0.55157083;0.1169383
-0.15056193;0.63500667;0.08105064
-0.09740267;0.49550533;-0.022659488
-0.0013596369;0.24327928;-0.04312759
0.04266229;-0.030376581;-0.047002073
0.05346577;-0.17117627;-0.03135166
0.050389804;-0.25569102;-0.100081325
0.059452467;-0.27330282;-0.06756506
0.07431979;-0.22489224;-0.06030205
0.05945583;-0.1799138;-0.048241638
0.061041225;-0.12518103;-0.013593311
0.05254392;-0.06889483;0.03287535
0.024847634;0.004259135;-0.02369972
0.019878108;0.034657307;-0.031459775
0.008285299;0.024600847;-0.01266782
0.04100324;-0.033444323;0.014865744
0.07303697;-0.08925546;0.06814259
0.13889833;-0.08702937;0.029514076
0.18196827;-0.0039984933;0.0048612608
0.16471525;0.049926206;-0.05861099
0.15091282;0.06494097;-0.053138793
0.1532803;0.03320277;0.013738966
0.11879581;-0.076562785;-0.0077588274
0.031842373;-0.108125225;-0.062457062
-0.08365696;-0.077125184;-0.06871565
-0.15120292;-0.014825145;0.0012774803
-0.12857951;0.056889884;0.08852199
-0.07805893;0.12988691;0.18331759
-0.018306516;0.057034526;0.07790407
-0.058785837;-0.10437238;-0.08767674
-0.1523021;-0.1553729;-0.16389139
-0.18688075;-0.08054832;-0.14986311
-0.10927022;-0.039438657;-0.113640495
-0.064564615;-0.0096759265;-0.1034124
-0.007511068;0.02663426;-0.038979914
0.03031927;0.027557407;6.60676E-5
0.0070679164;-0.009204075;-0.056197144
-0.015439417;-0.03861326;-0.03870772
-0.02387497;-0.06839061;-0.043466173
-0.005623414;-0.07971249;-0.009772939
0.020305956;-0.066894986;0.06718165
0.083432265;-0.04101599;0.009995319
0.11645284;-0.054687794;0.020496255
0.098826334;-0.056250233;0.010147004
0.086775914;-0.023125187;-0.0043823966
0.08660823;0.01587485;-0.0035059173
0.09233346;0.05019988;0.015945267
0.09295856;0.0745349;0.012756213
0.07055826;0.050252922;0.04770497
0.03921028;-0.02542266;-0.030586023
0.019844785;-0.10783813;-0.043218818
-0.03773745;-0.123770505;0.015424944
-0.09708449;-0.077141404;0.049839955
-0.1370426;0.010161878;-0.028878035
-0.10201689;0.0018795023;-0.035602428
-0.035715073;-0.0172464;0.040268056
0.07299044;0.020577881;0.057214446
0.123431414;0.0945873;-0.016728444
0.112172864;0.11941984;-0.044632755
0.060978528;0.09866088;-0.004456204
0.069876574;0.0101787;0.077685036
0.0846122;-0.0012320398;0.12464803
0.0983294;0.03963937;0.037218425
0.16482075;0.028586494;0.023524739
0.11081168;-0.027130805;0.043819793
0.004396413;-0.018579643;-0.08369417
-0.04245455;-0.06486371;-0.16695534
-0.03396364;-0.13001597;-0.021064267
-0.01183888;-0.13213778;0.10814859
-0.0094711045;-0.04946022;0.074018866
-0.043953836;0.07918182;0.034215096
-0.086872056;0.18834546;-0.041377924
-0.13072811;0.21317637;-0.03935234
-0.16962156;0.1486661;0.03726813
-0.22007224;0.08768287;-0.013935497
-0.27351874;0.0638963;-0.061148398
-0.27428374;0.08236704;0.057331283
-0.15848948;0.15026863;0.027115026
0.0054349722;0.17958991;-0.059557978
0.11157454;0.21867192;0.046103615
0.08925963;0.14993754;0.1181329
0.052267082;-0.08317497;-0.017993685
-0.013655085;-0.25403997;-0.08939495
-0.060728755;-0.265732;0.12848404
-0.027489254;-0.059460584;0.14653723
0.09480547;0.10868153;0.13597979
0.16773891;0.26507023;0.08378383
0.21072921;0.3683062;0.08577707
0.23367126;0.25401995;0.024871651
0.21181494;0.053215954;-0.01760268
0.094793744;-0.19492723;-0.057832144
-0.086909145;-0.24969178;-0.033765715
-0.15380466;0.05962157;0.09173743
-0.12304372;0.40707225;0.098389946
-7.78731E-4;0.4740953;0.14746195
0.07979694;0.32771376;0.13046956
0.06769497;0.12154599;0.08562565
0.008159883;-0.1402632;0.031000521
-0.15050334;-0.23721056;-0.10644958
-0.20458236;-0.25226846;-0.035159666
-0.02382214;-0.12056476;-0.12187773
0.13020986;0.06292319;0.027497813
-0.07009968;0.24721356;0.26574826
-0.13459538;0.27589583;-0.031151399
-0.019590361;0.026966674;0.03132888
0.07055818;-0.10030166;0.10006311
0.07744264;-0.03024133;-0.08244952
-0.10835839;-0.08981806;-0.22220962
-0.29332733;-0.31560445;0.12223231
-0.13153687;-0.25873357;0.091535844
0.025043942;-0.21323685;0.18572868
0.06593359;-0.19871448;-0.24516706
0.21363555;-0.5933466;-0.021133646
0.18619163;-0.9028023;0.22684309
-0.030929502;-0.3534918;0.16897446
-0.3214233;0.51720655;0.31017956
-0.5922949;0.66376525;0.7168937
-0.47383592;0.5310122;0.57351494
-0.7525062;0.14355975;0.7838119
-0.85512996;0.4335978;0.88954955
-0.63957274;0.28750324;0.9241396
-0.31087694;-0.8012474;0.27056172
-0.25026405;-1.3253729;-1.6366756
0.40252313;-0.7009233;-1.4905905
0.86791694;-0.27948868;-1.3674724
0.63114995;-1.042341;-1.0627279
0.3153692;-1.6151228;-1.0876824
-0.42563432;-0.5327232;-0.92952085
5.081561E-4;0.07382144;-0.7748667
0.758512;-1.0784428;-1.5886433
1.087376;-2.0565042;-1.0865396
0.5176547;-1.1764535;-0.016106749
-0.03968483;0.27133727;-0.1160104
0.10614276;0.098319806;-0.10218332
0.22081509;-0.52446914;-0.12549666
0.3720012;-0.5883253;-0.109772325
0.49467126;-0.62378526;0.27155715
0.39183077;-0.5365282;0.17037071
0.30213648;-0.6917226;0.18317157
0.21104513;-0.79087806;0.28716224
0.1688361;-0.56395245;0.3328548
0.26534232;-0.41991195;0.40690884
0.19508636;-0.5234296;0.4474021
-0.04510279;-0.73749363;0.40792167
-0.09155098;-0.7337449;0.60758734
0.047462337;-0.49949592;0.78606987
0.036016747;-0.31209674;0.7226059
0.06514152;-0.1496774;0.89683473
0.08648822;0.08650808;1.0549678
-0.076317236;0.20045647;1.0752242
-0.26393464;0.37286517;0.93517935
-0.30877957;0.72016716;0.9168935
-0.27190158;1.1761338;0.8897648
-0.0107829785;1.794032;0.63681185
0.39733064;2.1664755;0.30944946
0.7526301;2.2050555;0.060059577
1.0005416;1.8421694;-0.08945234
0.9473083;0.8924855;-0.30906188
0.7906591;0.2264884;-0.6097495
0.6669023;-0.046934284;-0.8377996
0.6077406;-0.15004742;-0.80148965
0.6361925;0.23621206;-0.74744177
0.77614146;0.7670947;-0.7229534
0.9224757;0.8793007;-0.75961274
0.95985556;0.49719056;-0.79831517
0.9022594;0.13525246;-0.93865216
0.82962006;0.21132697;-1.1134217
0.84338355;0.61281157;-1.0188624
0.8512693;1.1511867;-0.9713399
0.8997655;1.4725119;-1.0676969
0.91668737;1.1217595;-1.0322826
0.9395999;0.5567826;-1.069576
1.01418;0.4251136;-0.99316084
1.0550939;0.36196586;-0.80390364
1.0472002;0.2567602;-0.57124794
1.1690102;0.6022832;-0.67887336
1.1133331;0.46620154;-0.7149737
0.9344165;0.20733622;-0.65947896
0.6787832;0.16743147;-0.71195817
0.41802654;0.19644518;-0.7445665
0.20317124;0.052468646;-0.7019032
0.09691199;-0.27052507;-0.67402256
0.16190459;-0.6601701;-0.65484303
0.22952367;-0.812511;-0.53637445
0.26174393;-0.58438385;-0.32597455
0.19689515;-0.23625708;-0.15140465
0.11689112;0.08286934;-0.13362372
0.0872629;0.358483;-0.088148974
0.15418531;0.6258489;0.02948082
0.24209826;0.8069291;-0.010790343
0.2749286;0.64710575;-0.13988228
0.24181788;0.4879971;-0.17128082
0.2465793;0.3935227;-0.08077466
0.24413845;0.33825567;-0.014619725
0.25468576;0.26279202;-0.13669577
0.3068736;0.07585862;-0.28435662
0.3861239;0.0794369;-0.2368603
0.4870241;0.3510495;-0.07386324
0.48961928;0.65896463;0.10965941
0.39169544;0.7771717;0.028352527
0.21023135;0.61548734;-0.16794297
0.10256007;0.18457738;-0.15935439
0.21954806;-0.041400593;-0.061858505
0.41938844;-0.19249548;-0.027611805
0.41363576;-0.47899637;-0.006464444
0.2684086;-0.6285096;-0.044234056
0.22097689;-0.6653077;-0.057262246
0.3267815;-0.41037115;-0.08955979
0.4489252;-0.0032969173;-0.113835335
0.42164016;0.24267496;-0.17544326
0.16543713;0.18476497;-0.17472962
-0.067650296;0.09781198;-0.108533695
-0.12912023;0.065749586;-0.082139455
0.09045381;0.18697466;-0.075086564
0.40673804;0.47457972;0.06493075
0.5191404;0.73122627;0.1878821
0.30906236;0.80919975;0.18780568
0.07849988;0.70126605;0.13461955
0.031549904;0.4227316;0.10769563
0.18148993;0.22959153;-0.03884349
0.31394193;0.19070448;-0.09513729
0.30115354;0.21193859;-0.010484835
0.24092284;0.16955087;-0.008387868
0.09898827;0.21454695;0.1979772
-0.027059382;0.1771063;0.37400678
-0.06539751;0.034653794;0.26795542
0.022681996;-0.08321446;0.017489329
0.17439559;0.03499093;-0.06725854
0.13951647;0.09283649;0.0024431709
0.017863182;0.045362946;0.06757954
-0.054459456;0.026915355;0.04156363
-0.062317565;0.034813534;0.080125906
0.03764595;0.066132076;0.14535072
0.15511677;0.06618691;0.08503058
0.1678434;0.08185578;0.024274463
0.115524724;0.046734624;0.02566957
0.04866978;-0.0719873;0.039285656
0.032685824;-0.19352734;-0.034196474
0.01364866;-0.33138436;-0.19610718
-0.014081072;-0.37917;-0.20688574
-0.061264858;-0.3080235;-0.17175859
-0.13651189;-0.2604813;-0.19678187
-0.18420951;-0.20526004;-0.121488
-0.1411176;-0.23139553;-0.1362529
-0.14414409;-0.19136642;-0.20743982
-0.22781527;-0.13903064;-0.15970185
-0.22600222;-0.023724511;-0.051198985
0.012948228;0.13727039;0.012165812
1.0416086;0.23716006;-0.02620485
2.852037;-0.0188657;0.08997362
3.0753796;-0.7791551;0.2501039
0.7228036;-1.2123865;0.096958116
-1.5530071;-1.0527217;-0.036496006
-2.5017807;-0.5437399;0.7317407
-2.2295496;0.37125808;0.7853926
-0.9742646;0.9134127;0.056439046
0.25496328;0.6846364;-0.35328627
0.7039706;0.17739664;-0.5716915
0.4694265;-0.025270188;-0.7557907
0.3067912;0.28759634;-0.88275754
0.25168297;0.6441396;-0.70464355
0.15759636;0.69734293;-0.45433983
-0.042672906;0.40865558;-0.22128437
-0.09663832;0.033174466;-0.0489025
0.01018934;-0.19064793;-0.0031844997
0.20190147;-0.21970583;-0.0291101
0.33652118;-0.11326467;0.02358692
0.31921694;-0.04217424;0.10636953
0.17412356;-0.066551894;0.09447063
0.033048842;-0.14855401;0.0037015032
-0.042310927;-0.3375932;-0.034538798
-0.04009874;-0.46538708;0.030181462
0.024171008;-0.34574714;0.03352017
0.081836805;-0.110972725;-0.052871365
0.059219446;0.03309682;-0.07979709
-0.027624443;0.07960246;-0.013837673
-0.059599556;0.11836947;0.048304863
-0.022679644;0.17594557;0.013643889
0.025606284;0.24231896;-0.03595989
0.0017350278;0.27666765;-0.13033041
-0.06736198;0.29789662;-0.21207683
-0.11013958;0.23597355;-0.21497396
-0.09436166;0.1583101;-0.12979168
-0.019239333;0.15164807;0.019604163
0.059608534;0.19241221;0.10474583
0.04143683;0.26096103;0.13692166
0.033149462;0.33142507;0.16109984
0.026519569;0.41826504;0.11325487
-0.016284345;0.5010183;0.057791393
-0.025527475;0.525424;0.104045615
-0.04542198;0.39924547;0.1801115
-0.036337584;0.2869745;0.1847142
0.014679932;0.2295796;0.08527135
0.036743946;0.18913242;0.043217085
0.0043951566;0.1630247;-0.007613833
-0.008983875;0.15112288;-0.123278566
0.0240629;0.1880858;-0.21893536
0.07550032;0.15632802;-0.20483579
0.041650258;0.09068741;-0.17011863
0.045820206;0.033878054;-0.1704699
0.036656164;-0.005319431;-0.19418842
0.06682493;0.022697581;-0.23191324
0.053459946;0.14432994;-0.2761556
0.017767956;0.20179208;-0.24904947
-0.042035636;0.19190241;-0.19142708
-0.03362851;0.11914693;-0.08439166
-0.0019028066;0.051176917;-0.014388329
0.035977755;0.09289466;0.019739337
0.07253221;0.1567376;0.12047897
0.020525763;0.21718696;0.21513318
-0.07732939;0.194648;0.21273154
-0.12436351;0.01802309;0.17174773
-0.04949081;-0.18480028;0.13271068
0.07915735;-0.28534022;0.14210604
0.11957588;-0.3009284;0.12149734
0.039410707;-0.175899;0.17376037
-0.062221434;-0.073531695;0.17963329
-0.093527146;0.0021121448;0.10620664
-0.01857172;0.06497096;-0.01190969
0.078892626;0.1648674;-0.10484025
0.1006141;0.27759704;-0.2057472
0.07424128;0.365437;-0.19116026
0.040643025;0.2923496;-0.09980321
-0.017485581;0.14012969;-0.10796757
0.042261537;0.014447499;-0.28012407
0.15880923;-0.0017232508;-0.36941174
0.22079739;0.0251839;-0.36271688
0.10163791;0.13127993;-0.26361102
-0.08118968;0.11264113;-0.1296388
-0.14620174;0.013550406;0.01660145
-0.06071139;-0.0926753;0.06953116
0.032680888;-0.16984336;0.03999993
0.03239471;-0.20657782;0.0023124425
-0.011584233;-0.26096538;-0.020025047
-0.0030173862;-0.22244418;-0.056645036
0.07883609;0.011888408;-0.07031603
0.094318874;0.28138572;0.012497176
-0.0495449;0.38585076;0.19749774
-0.20838591;0.21102436;0.2673732
-0.22920874;-0.16614145;0.071711056
-0.18336698;-0.13291316;0.057368845
0.09705641;-0.33992428;-0.27129242
0.45889512;-0.22233005;-0.44047144
0.4733661;0.084635966;-0.35081464
0.14744288;0.352865;-0.21033922
-0.17579569;0.4048506;-0.23389637
-0.24063656;0.4062291;-0.3683671
-0.055009246;0.3958329;-0.45875618
0.1372426;0.429679;-0.51856744
0.15979408;0.44130182;-0.57735395
0.12783527;0.3837055;-0.59078944
0.083518215;0.3395816;-0.5374753
0.02931457;0.43416527;-0.47607398
0.017201656;0.5676447;-0.38476542
-0.004988675;0.75099075;-0.2867186
-0.09149094;0.7711051;-0.076249875
-0.17944275;0.5403216;0.23978135
-0.2998042;0.116632275;0.6683876
-0.37734336;-0.2211473;0.83939755
-0.3081247;-0.30504283;0.71214306
-0.17149974;-0.36844835;0.58846444
-0.1121998;-0.75432897;0.60670906
-0.08350984;-1.1659632;0.7916172
-0.11055787;-1.499958;0.8864188
-0.0696963;-1.5984039;0.71851003
0.07549296;-1.2818482;0.40449554
0.14789437;-0.855166;-0.017028578
0.0995655;-0.26538283;-0.26518536
-0.032847602;0.59785;-0.22933578
-0.18252808;1.3896081;-0.41628113
-0.7647725;1.2073896;-0.4048999
-1.3086929;0.4891539;-0.24891992
-1.1625794;-0.039340954;-0.39288595
-0.4800635;-0.28616026;-0.6885275
0.1409492;-0.108225085;-0.641447
0.23150936;0.035880867;-0.21237636
-0.23041752;-0.29883435;0.15978642
-0.662459;-0.77305186;0.095016636
-0.8424672;-1.3614103;-0.16617419
-0.64272374;-1.7672532;-0.5516893
-0.25480402;-1.8138026;-0.8507265
-0.03196821;-1.8229171;-0.8680812
-0.006824569;-1.8645836;-0.38665244
-0.22420965;-1.8885419;0.32661554
-0.5481177;-1.8170835;0.78160495
-0.75724417;-1.9349169;1.0549715
-0.9151704;-2.3010585;1.3658521
-0.91963625;-2.4345968;1.7145567
-0.779459;-2.1508024;1.9591454
-0.6860672;-1.6706419;2.0860662
-0.62697875;-1.1240135;1.859478
-0.423458;-0.5585858;1.4125824
-0.28251642;-0.18124367;0.87381595
-0.33538812;-0.19499494;0.5178028
-0.44018552;-0.34662095;0.5329922
-0.6365234;-0.09917176;0.7201438
-0.68109375;0.4081626;1.0104901
-0.56675;0.66090506;1.474017
-0.39402497;0.73809904;2.0635886
-0.374595;0.6279792;2.532121
-0.415301;0.4523834;2.8881967
-0.4416158;0.09940672;3.1355574
-0.5470426;-0.7673496;2.8334458
-0.6095091;-1.9357547;2.1917567
-0.5969823;-2.2798538;1.4221554
-0.57914835;-1.392633;0.4752243
-0.47894368;0.2858936;-0.10732056
-0.26909244;2.16309;-0.22960645
-0.068398945;3.4664094;-0.34618515
0.029655844;3.71844;-0.52694815
-0.09502532;3.346627;-0.6840585
-0.35258275;2.7304265;-0.7347468
-0.6211287;2.2077787;-0.68154746
-0.6547155;1.878723;-0.33273795
-0.56283486;1.4037597;-0.10369036
-0.4237054;0.6495702;-0.07670229
-0.37333933;-0.023312557;-0.123861834
-0.29710895;-0.47333756;-0.13033946
-0.24081217;-0.6489825;-0.073021576
-0.15046223;-0.41918603;-0.045917258
0.048380215;-0.082223825;-0.1929838
0.30589166;0.02172094;-0.42313704
0.45252582;-0.27481076;-0.5572596
0.39639568;-0.4870361;-0.7020577
0.28899154;-0.3896289;-0.71164614
0.18119323;-0.2523281;-0.5068169
0.17151709;-0.2987375;-0.49295354
0.34658867;-0.16867748;-0.47561285
0.69289595;-0.15994199;-0.37424028
0.81681675;-0.36701608;-0.3275172
0.6972034;-0.30455038;-0.4401388
0.6296377;0.012609702;-0.311486
0.59746015;0.26165026;-0.5023138
0.48421815;0.2452577;-0.96747607
0.3748745;0.29776868;-1.2114809
0.5280246;0.48040244;-1.3316847
0.73491967;0.81244695;-1.5559727
0.84106076;1.1015201;-0.98227817
0.5947236;2.1945462;0.65480244
-0.93672115;5.9251194;3.245717
-2.9298456;6.7432203;6.5653234
-3.2401655;2.2039514;4.021009
-0.41849965;-2.1759014;0.6293071
2.0152004;-4.445409;-0.7465543
2.2809103;-4.540702;-2.1628685
1.1403532;-2.6263115;-1.9302948
-0.22209245;0.96262264;-0.8161108
-0.33392397;3.0189261;-0.44038865
0.96411085;2.349516;-0.98981094
2.1681638;0.83547217;-1.9168488
2.0532808;-0.03806757;-2.058479
0.83637476;-0.13963374;-1.2436582
-0.49340022;-0.19979294;-0.38867655
-0.89472014;-0.5467484;-0.10781624
-0.47515112;-0.81435186;-0.08937799
0.1667541;-0.643669;-0.2308774
0.5552783;-0.7508727;-0.5409519
0.6160976;-0.7577294;-1.3296366
0.66162807;0.04303523;-1.8012092
0.6855525;0.9612836;-1.6972173
1.020317;1.3550621;-1.2421489
1.3131286;1.218034;-0.8905941
1.2130029;0.66036475;-0.7781003
0.9454023;0.18551835;-0.73810524
0.74382186;0.07185218;-0.6389217
0.6575575;0.20865361;-0.48457485
0.526046;0.1669229;-0.38765988
0.4645868;0.4130305;-0.1538779
0.25916943;0.60269004;0.07064767
0.044835538;0.43605828;0.15026814
-0.03288157;0.18400286;0.04208951
0.011194745;0.11673354;-0.13195339
0.021455796;0.5644806;-0.3274377
0.010914637;1.200022;-0.40882516
-0.06001829;1.2053301;-0.28174764
-0.16051464;0.96426404;-0.16758561
-0.1534117;0.67766124;0.065931514
-0.12897937;0.282754;0.39649522
-0.1594335;-0.0816093;0.6109462
-0.3744218;-0.51528746;0.56375694
-0.6557874;-0.1458237;0.81975555
-0.93087995;-0.049471464;1.2870544
-0.879079;-0.54895216;1.4983935
-0.48138818;-0.28603673;0.8612148
-0.053860534;0.39695185;0.6327219
0.30378658;0.40349898;0.5499275
0.17427926;-0.18423206;0.755567
-0.2574516;-1.0260966;0.5763286
-0.58721125;-1.3839632;0.42668787
-0.538519;-1.0669361;0.46635032
-0.2651902;-0.7098966;0.50120527
-0.19965217;-0.6941868;0.4853392
-0.23784673;-0.37356234;0.46952134
-0.2402774;0.20471458;0.2912421
-0.2547219;0.47588104;0.06424367
-0.17877753;0.5838298;0.0076449336
-0.039897025;0.5858139;0.05924095
-0.01941762;0.30380735;0.056767758
0.009465905;0.25632712;-0.14521079
0.16069773;0.53240544;-0.45679364
0.20980819;0.6423306;-0.6373099
0.24909654;0.59433323;-0.7973479
0.32427722;0.5371853;-0.7847533
0.42817178;0.74849826;-0.50280267
0.42066243;0.55504864;-0.48974213
0.28965494;-0.3215861;-0.26366872
0.26609895;-1.1207454;-0.20155998
0.15350416;-1.9823385;-0.114372976
0.06655333;-2.727277;0.07100162
0.034492664;-2.7427592;0.1693013
-0.091155864;-2.0098324;0.29794103
-0.1760497;-1.2656784;0.66022784
-0.047089756;-1.0719177;0.55630726
0.009203196;-1.1106591;-0.086204186
0.082362555;-0.89165235;-0.55646336
0.24089004;-0.5836344;-0.6420457
0.08333704;-0.49190748;-0.26363656
-0.11770537;-0.440401;0.035965763
-0.0629143;-0.2741958;0.1381476
0.030918563;-0.30998164;0.18239309
0.09348485;-0.7292353;-0.11658553
0.07166288;-1.2927632;-0.3870184
0.21358031;-1.4217106;-0.58461475
0.47086424;-1.0029935;-0.7114418
0.1735664;0.20541772;-0.90040344
-0.058021884;0.5455842;-0.66719776
-0.3495425;0.15209234;-0.4931332
-0.298384;-0.23457612;-0.48200655
0.033167794;-0.4001609;-0.16998024
0.29528424;-0.3201287;-0.1109842
0.3049774;-0.12485298;-0.50441235
0.24085692;0.0016801179;-0.8644674
0.16143553;-0.12678091;-0.7025114
0.11039843;-0.3014247;-0.26669663
0.15394373;-0.35051477;0.072580196
0.260655;-0.35541183;0.03306416
0.264774;-0.49995446;0.07020133
0.061819196;-0.6718386;0.05303606
-0.016169645;-0.7718459;-0.27632114
0.030814284;-0.51122665;-0.7038694
0.52152646;-0.39023134;-0.92403305
-0.0077788583;0.122189924;-1.1079764
-0.5437231;0.59462696;-0.68638116
0.18377154;0.627264;0.07902008
0.5157672;0.16274874;0.9038411
0.58761376;-1.038551;1.2136979
0.620091;-1.8058408;0.8303333
0.22732282;-1.7259227;0.16114163
-0.29314175;-1.1807381;-0.7007742
-0.3032634;-0.3633405;-1.3934319
-0.22386071;0.3968276;-1.6428705
-0.24158858;0.6424621;-1.4580464
-0.32452086;0.7827197;-1.0859684
-0.15649168;0.7574257;-1.1234622
0.44668165;0.6528156;-1.1499417
0.07609532;0.13162747;-0.7590158
-0.11412375;-0.22594802;0.034584235
0.102451004;-0.9495084;0.26438615
0.5069608;-1.6971067;0.22244641
0.6618186;-1.8451854;0.35139462
0.085704915;-1.3573983;0.27486572
-0.26893607;-0.56716865;-0.24495119
-0.052648854;0.40876508;-0.6404922
-0.5858691;0.61763704;-0.238175
-0.57182026;0.82223463;0.36180374
-0.32933122;0.8515377;0.4566305
-0.18221498;0.6999802;0.4606169
-0.042646978;0.27248415;0.58880603
0.044007417;-0.23826268;0.8491698
0.12270594;-0.29998514;0.79964834
0.060664747;0.42251188;0.56159365
-0.1045932;1.2880095;0.61802495
-0.20242456;1.5022826;1.00692
-0.29631466;1.1721386;1.314911
-0.19642672;0.66271085;1.0675538
-0.047766376;0.18798119;0.854043
-0.0725881;0.19725995;0.52385944
-0.21432048;0.63437045;0.07533753
-0.21833138;1.0121839;-0.25691748
-0.10591511;0.9456846;-0.768034
0.024642915;0.34717268;-0.63317716
-0.02091067;-0.13788685;-0.29247925
-0.09172854;0.09281551;-0.0324209
-0.014007828;0.7898774;0.23656328
0.16066873;1.172527;0.31893814
0.23478499;0.861459;0.3332755
0.05345299;0.42979223;0.3353704
-0.1884876;0.5594588;0.3651713
-0.12579009;0.6936608;0.5077621
0.10561793;0.3338349;0.35308465
0.21886934;-0.4032446;0.24809271
0.090720475;-0.9382207;0.19222417
-0.05554862;-0.70682657;0.15065433
-0.1381889;0.43141377;0.17989847
-0.11992612;1.426381;0.29704377
-0.10219089;1.3555579;0.24701002
-0.006752714;0.41061822;0.372608
0.07584783;-0.7355679;0.4480864
0.20130326;-1.7915794;0.5615941
0.3985426;-2.4770136;0.2867753
0.46258408;-2.3816109;-0.07057976
-0.02993273;-1.3646636;-0.4939638
-0.46457118;-0.12610589;-0.888921
-0.55915695;0.3053653;-1.1361369
-0.28482556;0.13179223;-1.3120345
2.6455402E-4;-0.12581623;-1.2371275
0.10333664;-0.62252796;-1.1709521
-0.10483068;-1.1480224;-1.2836367
-0.08386455;-0.91841793;-1.0269094
-0.15146664;-0.8128593;-0.56840247
-0.1367983;-0.45341247;0.56559056
-6.3648746E-5;-0.24710497;1.122785
0.19994909;0.049191028;0.91385293
0.17245926;0.7706028;0.35295737
-0.16515759;1.8946073;0.21830338
-0.56337607;2.0781858;0.8668302
-0.58820087;1.2750486;1.3153392
-0.18931068;0.5200389;1.6210214
0.11417645;0.020718632;1.612442
0.15696616;-0.3099876;1.0930786
-0.08692707;-0.54174006;0.68071294
-0.33516666;-0.77401704;1.4914453
-0.63063335;-0.8660886;1.9212812
-0.6670067;-0.46162093;1.2495251
-0.54923034;-0.10367174;0.65587
-0.48625925;-0.029812388;0.255946
-0.4171324;0.07302509;-0.085868195
-0.26495594;0.28967008;-0.22181955
-0.021339742;0.34111106;-0.061830644
0.27980322;0.35570136;0.081785485
0.49259257;0.048623577;0.4779284
0.04407405;0.43889886;0.89171773
-0.88661575;2.0347128;1.7633742
-1.2311676;2.5142937;2.3856993
-0.6224341;1.1631927;1.3335595
0.29267773;-0.36007077;-0.25815243
0.6872672;-1.0599316;-0.90027195
0.56856376;-1.0698203;-0.42021754
0.248601;-0.27304375;-0.76742405
0.3145058;0.5237525;-1.3795643
0.31722963;0.344002;-1.3755264
0.1412837;-0.5747984;-1.5504211
0.24740197;-1.2629638;-1.018462
0.4666716;-0.58224595;0.1352305
0.48271227;1.0185782;-0.06994061
0.33929482;0.48361257;0.18779752
-0.106689155;-0.47873494;-0.015386989
-0.3728513;-1.236113;-0.2810596
-0.29828104;-1.1763904;-1.1935977
-0.060499847;-0.34736228;-1.1423781
0.101600125;0.65961015;-1.2639025
0.2156551;0.70737565;-1.398622
0.35377407;0.42058802;-1.0126476
0.44239426;1.1114705;-0.41011807
0.5570404;1.8923013;0.20315553
0.63625735;1.2669661;0.22502443
0.5840059;0.24794784;-0.14185546
0.20470469;-0.3282042;-0.39160937
-0.16748625;-0.71881336;-0.3320375
-0.143364;-0.4109882;-0.34688
0.14468381;0.33839694;0.131871
0.22199704;0.67853004;0.5242468
-0.016152367;0.18032405;0.52564746
-0.1754219;-0.63074076;0.45176795
-0.18721251;-0.9092801;0.47078937
-0.109145015;-0.5633616;0.31725648
0.15018399;0.027435727;0.4256802
0.3513972;0.53132355;0.49679416
0.36236775;0.7234964;0.55993533
0.1898942;0.82957834;0.84482324
0.008165362;0.94725645;0.9727336
-0.16846772;0.5413989;0.5063119
-0.36914918;-0.5520371;-0.3543255
-0.42969432;-1.4728798;-1.3334605
-0.23438047;-1.8095537;-2.0620809
0.24374563;-1.241393;-2.379352
0.6918715;-0.15873942;-2.1636379
0.7784972;0.6667585;-2.2535667
0.61029774;0.7537193;-2.0844939
0.29448822;0.37328792;-1.9836107
0.11684056;0.13300534;-2.3355215
0.38722244;0.35640427;-2.653378
0.891028;0.87965465;-2.0172336
1.0503224;1.1365362;-0.81359166
0.6902579;0.9803227;0.089946985
0.14595632;0.76316446;0.54656696
-0.18948495;0.56834406;1.0520973
-0.15158796;-0.049231008;1.9963653
0.07872964;-1.1253223;2.1455297
0.37548372;-2.0643203;1.5914239
0.20038697;-1.8670813;0.46688905
-0.77719045;-0.09054002;-0.45930126
-1.6217524;0.868193;1.9434965
-1.5536519;0.0054918863;2.9579222
-0.5804215;-1.340919;1.8663378
-0.2705872;-1.5039852;0.2243202
-0.27584475;-1.6344382;-0.27679384
-0.2269258;-1.4638005;-0.6339351
-0.103415646;-0.3960404;-0.757148
-0.16085751;0.76441765;-0.51196843
-0.18806101;1.5130967;-0.6298873
-0.15357381;1.6651648;-0.8601598
-0.14473405;1.3446318;-0.78344035
-0.15328723;0.686643;-0.3142523
-0.06325479;-0.11006062;0.17672318
0.09314617;-1.014611;0.664816
0.15576693;-1.8398138;1.0146654
0.12773855;-1.8718511;1.3054823
-0.122809164;-1.1818558;1.9693859
-0.5763723;-0.35173467;2.6723835
-0.7673479;0.18736227;2.875407
-0.5513783;0.21238981;2.5878255
-0.35047764;-0.13633814;1.8265104
-0.4303821;-0.47782052;1.2362083
-0.6286807;-0.38225642;0.9264667
-0.6873196;-0.10268013;0.54117334
-0.45923063;-0.1071441;0.44543868
-0.17050952;-0.13571529;0.43135095
-0.09890761;-0.08669723;0.53258073
-0.3072511;-0.06310778;0.7510646
-0.68330085;-0.09736122;1.4883517
-0.8560157;-0.18413898;2.2781813
-0.8973126;-0.08481118;1.910045
-0.66785;0.14152606;1.4217861
-0.49365503;0.71322083;1.0811789
-0.40429902;1.4268267;0.6899431
-0.18593922;1.9914614;-0.8292955
0.44499862;1.7377003;-2.8196864
1.4497489;0.389379;-3.0838742
2.334799;-1.3072468;-0.7608493
2.6178393;-1.0457975;-1.2024294
2.1880214;-0.14288795;-2.1369436
0.11291715;-0.31431037;-1.7408048
-1.9471663;-0.6264483;-0.9770189
-2.098358;-0.05740863;-0.3128651
-0.8443114;1.4196981;-1.5659171
0.17767586;2.1045084;-2.4042962
0.03276569;1.1461068;-1.4624994
-0.17378744;0.4184479;-1.1574996
0.36409503;0.11132084;-1.2369372
1.010026;-0.49219334;-1.0411122
1.4111458;-0.5843797;-0.7078898
1.3976667;-0.14562874;-0.5538118
1.1056334;0.028809516;-0.19304945
0.74700665;-0.10351489;0.33306044
0.41635534;-0.2671869;0.7976984
0.089334264;-0.37624952;0.9194087
-0.14728259;-0.43224964;0.7199019
-0.32720107;-0.3426747;-0.045953445
-0.36801085;-0.13663976;-0.97895026
-0.2912837;-0.08743681;-1.3159727
-0.042401947;0.053488053;-1.5418407
0.39420345;0.45060295;-1.5584725
0.7778627;0.66516984;-1.071778
0.8285402;0.6665109;-0.73398495
0.52533215;0.3566462;-0.5856254
0.10151573;-0.13812053;-0.37006286
-0.0062874164;-0.41987142;-0.16167527
0.08872007;-0.36558464;0.022222277
0.27097607;-0.24090521;0.2865278
0.23553084;-0.31772417;0.6167223
-0.0053253258;-0.5619918;1.0480653
-0.35738525;-0.79959345;0.9947022
-0.4296582;-0.66467476;0.4895118
-0.23122656;-0.24423982;0.0056719366
0.049393747;0.09523314;-0.24233745
0.23951499;0.3824365;-0.10949496
0.235362;0.6418867;0.03740403
0.0570396;0.6744469;-0.013826774
-0.07311832;0.4395575;-0.05012392
-0.027244657;0.079771;-0.34009913
0.22195427;-0.1814957;-0.6423918
0.4838134;-0.30925906;-0.51703846
0.30580074;-0.28178224;-0.5464433
0.01964059;-0.0613633;-0.6402796
-0.05928753;0.21965936;-0.72394246
0.12756997;0.405415;-0.79009145
0.28330597;0.5290195;-0.7164482
0.27039477;0.5263406;-0.38565853
0.13506582;0.37888497;-0.16868307
0.10805266;0.2671705;9.910429E-4
0.21769214;0.24498639;0.35548034
0.2304037;0.19755161;0.65157175
0.17182297;0.14397879;0.6228199
0.11245837;0.18705803;0.27481842
0.0774667;-0.069103576;-0.18327026
0.22447336;-0.35997036;-0.52708495
0.21707869;-0.17547628;-0.7552617
0.0049129487;0.59399396;-0.37061563
0.053930357;1.5564451;0.43085125
0.068144284;1.9805077;0.616556
0.07951543;1.6992743;0.5166823
0.06361234;1.3594195;0.41334584
0.12588987;0.9649526;0.14473918
0.0882119;0.6474503;-0.09827116
0.04556952;0.3074134;0.21982057
-0.051044382;0.3361651;0.668044
-0.21583551;0.51190084;1.1391227
-0.2476684;0.44975504;1.5675482
-0.27938473;0.11839777;1.1946635
-0.21100777;-0.10606303;0.54323083
-0.13130623;-0.31649104;0.35020965
-0.292545;-0.41413033;-0.30108228
-0.24653599;-0.18364802;-0.7736783
0.034021214;0.2050347;-0.8564427
0.26471698;0.43219182;-0.92265415
0.31802356;0.29399565;-0.7256233
0.14191887;-0.15738161;-0.30237365
-0.098964915;-0.6024678;-0.2918989
-0.24792193;-0.8194742;-0.42726913
-0.21083754;-0.7813606;-0.5074403
-0.106170036;-0.72430724;-0.53720224
0.033813972;-0.7653833;-0.3750743
0.15830117;-0.56855667;0.051503062
0.17039095;-0.028282816;0.43026495
-0.0136872465;0.53674877;0.69889945
-0.2609498;0.7743209;0.70911956
-0.46500984;0.42375356;0.52667063
-0.57825786;-0.27193463;0.25571153
-0.5032313;-0.743329;-0.06730578
-0.35571003;-0.8571632;-0.30853212
-0.22831804;-0.65135556;-0.3108882
-0.10765442;-0.43670943;-0.18777306
-0.19237354;-0.032180045;-0.014280948
