0.21136594;0.8881473;0.12383722
0.16753025;1.1214553;0.036569774
0.2199617;1.3518517;-0.20824417
0.3798756;1.4588251;-0.44472036
0.496088;1.4924507;-0.5870263
0.3734329;1.64982;-0.813371
0.22062132;1.6855786;-0.8006968
0.19212204;1.4020762;-0.66868246
0.05369764;0.9052547;-0.584946
-0.20938563;0.39100063;-0.5492068
-0.42610225;-0.043254178;-0.48624042
-0.59166306;-0.18968147;-0.30461735
-0.84481484;-0.30877644;0.15318114
-1.3575169;-0.33295864;0.4037949
-1.9188015;-0.3163669;0.35741094
-2.4045725;-0.49606228;0.30155373
-2.7752206;-0.4984123;0.616243
-3.118614;-0.9440424;1.1398695
-3.644891;-2.1755464;1.6243955
-4.2690377;-3.221687;1.7807664
-4.26523;-3.5367248;1.6808631
-2.9590592;-2.8700047;1.4446905
-1.0922474;-1.4553788;0.9120024
0.46995208;-0.29867804;0.27960193
1.3697116;0.09855757;-0.24506846
1.8317069;0.32884607;-0.82105476
2.339584;0.96463937;-1.3162189
3.169812;1.9279615;-1.4342251
4.132236;2.9423692;-1.5473801
4.8698516;3.6038954;-1.516029
5.002131;3.5651476;-1.2753233
4.41733;2.9513369;-1.0671335
3.368239;2.1352882;-0.63495684
2.2977161;1.5340118;-0.13296549
1.403798;1.4990845;0.3592526
0.61053836;1.3273926;1.231152
-0.31625682;0.24238278;2.3661716
-1.4053493;-1.2455469;3.1554372
-2.3650997;-2.5858905;3.4243498
-2.996572;-3.5655875;3.4832299
-3.3183513;-3.62747;3.317834
-3.145306;-2.983226;2.7917671
-2.48187;-2.2115808;2.1021638
-1.7073709;-1.7317647;1.344231
-1.1893342;-1.6854117;0.5691348
-1.0795923;-1.6733294;-0.23844218
-1.1949239;-1.2886635;-1.2345037
-0.9950016;-0.89343077;-1.818853
-0.62725127;-0.85849464;-1.8613324
-0.41742602;-0.9617957;-1.9015659
-0.47769082;-0.7975616;-2.0962527
-0.51184016;-0.60679924;-1.9520022
-0.32040963;-0.3416894;-1.7616018
-7.77008E-5;0.14852348;-1.7186564
0.22806284;0.8094438;-1.9249251
0.25901276;0.91005504;-1.7993151
-0.055289783;0.734294;-1.495702
-0.21766932;0.6530602;-1.2840617
-0.13819796;0.54432315;-1.0928743
-0.08712087;0.46670854;-0.8305495
-0.015009195;0.67336684;-0.66443956
0.35986763;1.1011934;-0.47842667
0.9738316;1.7012672;-0.30149132
1.6940067;2.361014;-0.02244306
2.1824515;2.6680102;0.24142055
2.161586;2.5499356;0.27126145
1.6714565;2.332722;0.27325916
1.1246651;1.7341462;0.5967323
0.4747321;0.8282838;0.35238585
-0.08354439;0.03455087;0.31003368
-0.21620074;-0.37274992;0.51052696
0.020435402;0.28422195;1.0271716
0.34560856;1.6246432;1.8529873
0.63254154;2.6879957;2.6698897
0.8470489;3.1503966;3.1484118
0.86513907;2.9140673;3.2624795
0.6710175;2.162504;3.2349837
0.050485894;1.251878;2.337987
-0.5454511;0.34368995;1.0266395
-0.6660484;-0.83832926;0.4338116
-0.3777606;-0.8948822;0.053299274
-0.06480613;0.46378177;0.12388942
0.36182696;1.7397754;0.8241115
0.83282095;2.2543204;1.1217892
0.88110054;1.9440813;0.9161814
0.29081792;0.911515;0.7516951
-0.492541;-0.3286005;0.48260608
-0.82489216;-1.1535054;0.04233487
-0.5814225;-1.3306168;-0.5348821
-0.31003547;-1.437931;-1.2841557
-0.30930766;-1.9026885;-2.0773246
-0.39295396;-2.5655103;-2.4868596
-0.48667762;-3.181705;-2.3332376
-0.6553577;-3.5688014;-1.9790902
-0.7789737;-3.2816038;-1.8582721
-0.4587258;-2.4315329;-1.6741177
0.13673028;-1.6827264;-1.5361692
0.6931733;-1.4539936;-1.8070604
1.1521949;-1.4100698;-2.0143983
1.3694122;-1.1921184;-2.0865185
1.5127172;-0.8193197;-2.1129649
1.6914238;-0.5023308;-1.755997
1.7359515;-0.30967712;-1.4860475
1.5778238;-0.1196167;-1.476338
1.427884;0.121494144;-1.2685704
1.2923071;-0.42624217;-0.27423134
1.2400957;-1.6097437;0.58998996
0.39988908;-2.600295;0.15949194
-0.17540123;-2.508361;0.36821857
0.05811652;-2.0723138;0.83832484
0.4386807;-1.639101;0.70815986
0.7134446;-0.62378085;0.5852779
0.8895057;0.022850335;0.48697233
0.5303545;-0.27234474;0.030202856
-0.2819664;-0.8116258;-0.09146272
-1.1740106;-1.0243006;-0.20129517
-1.3423334;-1.0663155;-0.33603615
-0.8598043;-0.9561774;-0.10945391
-0.37378094;-0.67431694;0.21868688
-0.28027475;-0.33945355;0.3686995
-0.1242198;-0.07468783;0.3230846
0.36624917;0.17462474;0.23971768
0.7086243;0.43344977;0.12302414
0.76689947;0.68425983;-0.045330685
0.8369571;0.93490785;-0.26438954
0.75706565;1.0604262;-0.54901165
0.5150275;1.104591;-0.7079593
0.31202203;1.1149229;-0.71949244
0.14961761;1.1044383;-0.40996897
0.057194095;0.9866756;0.090774834
0.13325527;0.7237155;0.8319949
0.24410422;0.24459739;1.7062209
0.33590838;-0.36994708;2.6337266
0.4499767;-1.0897076;3.3632314
0.24435636;-1.7592661;3.5655851
-0.19982742;-2.032413;2.852468
-0.69736195;-1.7009304;1.2694745
-1.0016395;-0.77011925;-0.45942044
-0.9653741;0.3964046;-1.4925363
-0.7879243;1.3014987;-1.956529
-0.68815196;1.884949;-2.0839732
-0.56614655;2.1438966;-1.9796786
-0.40447974;1.7010548;-1.5399929
-0.34702128;0.77334386;-1.0663693
-0.36355454;-0.012574915;-0.45934546
-0.33146864;-0.27255994;0.03877364
-0.1448624;-0.24617295;0.25914392
-0.12682742;-0.19068836;0.15106513
-0.23896194;-0.21817568;0.027102105
-0.30523205;-0.18391556;-0.16894332
-0.28793564;-0.04400744;-0.38827965
-0.23034851;-0.03520595;-0.31062374
-0.14052881;0.11558524;-0.38912398
-0.057735547;0.08934319;-0.2831742
-0.029000938;0.024599554;-0.17341435
-0.12945075;-0.21157035;-0.041856475
-0.3551231;-0.5817563;0.05088982
-0.5411297;-0.79353005;0.16571185
-0.6610288;-0.79107404;0.15756948
-0.7237449;-0.6547342;0.22605559
-0.7645428;-0.18003738;0.22459447
-0.68663424;0.4715951;0.29842559
-0.55126053;0.51790106;0.74186546
-0.50585216;0.26119587;0.51849234
-0.5808536;-0.4941683;0.3897939
-0.97601104;-0.9140847;0.27433512
-1.2229964;-0.48439273;0.013218093
-0.9936314;-0.006264174;-0.43942553
-0.44646764;-0.08313634;-0.7327904
-0.16576786;-0.46338406;-0.50498235
-0.40839553;-0.70820725;0.04601413
-0.78609145;-0.57281584;0.0805613
-0.6421544;-0.020752644;0.017574044
-0.17700477;0.6208979;-0.08281577
0.17812274;0.61859334;-0.18187761
0.29952946;0.22924964;-0.26112708
0.15153763;-0.10410028;-0.34952667
-0.074082404;-0.25828022;-0.29212135
-0.18934405;-0.18474919;-0.13994707
-0.14756899;-0.16029935;-0.18383266
-0.03602394;-0.13448948;-0.19706613
0.05750897;-0.03884158;0.051722102
0.06885874;0.06580173;0.09762768
-0.04823332;0.1432664;0.14060214
-0.13819604;0.17711312;0.20623171
-0.1336037;0.19794048;0.23061037
-0.19086733;0.22710238;0.25948828
-0.28706887;0.19730692;0.28884065
-0.3421551;0.31409553;0.1810725
-0.20888032;0.41377643;0.126108
0.009067615;0.31539613;0.11026141
0.108816594;0.09294191;0.11320913
-0.025837352;0.011853529;0.1343173
-0.17223237;0.078232825;0.101203844
-0.1815359;0.037586257;0.11846307
-0.12647872;-0.007430993;0.11352046
-0.08321423;-0.018444795;0.065816365
-0.047821384;0.07899416;-0.006721907
0.017211644;0.12569533;-0.0022525256
0.07509744;0.013056265;0.051322978
0.071406074;-0.014554988;0.06918339
0.07431236;0.07898101;0.0147217065
0.08835614;0.1631848;-0.013222635
0.06287241;0.09304785;-0.044953108
0.03311043;-0.11618672;-0.060962487
-0.08444916;-0.22732438;-0.11751999
-0.17693433;-0.1131095;-0.15026599
-0.21185996;0.047012396;-0.1170878
-0.16558172;0.021984918;-0.14367023
-0.17309037;-0.09491207;-0.14618619
-0.24394105;-0.17905465;-0.14819895
-0.24671534;-0.16824372;-0.15605916
-0.078622274;-0.10021998;-0.121722326
0.14960219;-0.13642599;-0.025502862
0.25366613;-0.19976579;-0.11102729
0.24512039;-0.18793763;-0.15132183
0.22109632;0.112149894;-0.058557466
0.3682833;0.3990949;0.12190403
0.5262673;0.48490092;0.27877322
0.6411737;0.43479574;0.3011436
0.6029353;0.2978366;0.20653987
0.428735;0.122644275;0.12773189
0.19367157;0.05124042;0.11156051
-0.019281492;-0.012132661;0.11112341
-0.24921426;0.03091887;0.12327373
-0.3790589;0.109110095;0.19236898
-0.43762213;0.118538074;0.21639518
-0.46650395;0.097955465;0.14811614
-0.42476565;0.09711437;0.10599292
-0.36481252;0.1058165;0.034794334
-0.3363813;0.0846532;-0.10653953
-0.29332376;0.22084756;-0.36023164
-0.12762776;0.25480303;-0.2506853
-0.052102212;-0.036782563;-0.46617323
0.024724482;-0.89192605;-0.3635636
-0.0013141652;-1.3510408;0.25914913
-0.015895082;-0.83083266;0.4354443
0.1728308;0.22283386;0.06398044
0.47888964;0.9188921;-0.0113156475
0.6666078;0.86948866;0.20032248
0.782212;0.48309094;0.610258
0.5778204;0.35834774;1.0944564
0.010400856;1.0054282;0.8068151
-0.13718712;1.6121551;0.2892021
0.17364873;0.75066155;0.28761166
-0.19799508;-0.9088458;-0.30741066
-0.6736304;-1.8677016;-0.48655352
-0.3412481;-0.9004113;-0.27986783
-0.16440473;0.33904597;-0.16764426
-0.15613316;0.46498677;-0.09036541
0.024312224;0.41886443;-0.24416733
0.11905915;0.43821654;-0.5953339
0.016731698;0.25682324;-0.59189206
-0.42294276;-0.19141641;-0.12976368
-0.928198;-0.52188313;0.20243907
-1.1863084;-0.9581315;0.79945123
-0.9443592;-0.6727552;0.195811
0.03201264;0.19304584;-0.3433512
0.9084226;0.72006166;-0.13093096
0.89900374;0.78854936;0.07650523
0.46842173;0.5558395;0.09870419
0.19465925;0.22279657;-0.07728665
0.14205553;0.05011226;-0.105579324
0.21169129;0.20258981;-0.17821346
0.37404054;0.34644684;-0.14257076
0.50792384;0.31153247;-0.06405661
0.44657344;0.15860099;-0.1699953
0.2729814;-0.026244216;-0.21724623
0.115064815;-0.09912037;-0.076921985
-0.022791896;-0.054296296;0.110337414
-0.115889765;-0.043437038;0.13201992
-0.16380556;-0.25037464;0.06811594
-0.29002884;-0.4409247;0.016992755
-0.41171056;-0.40273976;-0.045780797
-0.3660872;-0.17844181;0.004000363
-0.16005726;0.05412155;0.05945029
0.013360443;0.20892224;0.09131023
0.06420398;0.2171378;0.24179819
0.016988184;0.054960236;0.34968856
-0.12039383;-0.09353181;0.34850085
-0.26897132;-0.12482545;0.23505068
-0.31673956;-0.07798536;0.106790535
-0.25339165;0.018861713;0.10418243
-0.13161956;0.06821437;0.13334595
-0.070920646;-0.07667851;0.069176756
-0.06845527;-0.039467804;0.005341404
-0.050857965;0.09967576;0.07927312
-0.07115512;0.073490605;0.1446685
-0.1772366;-0.044332515;0.1594848
-0.29725802;-0.10109101;-0.03491216
-0.3159314;0.03475219;-0.17167974
-0.1722764;0.25905174;-0.14984378
-0.021414861;0.3666164;-0.057375025
0.10943061;0.2682931;0.11659998
0.10082574;0.027134497;0.14327998
-0.0037144087;-0.0939174;0.008373987
-0.004534027;0.034241077;-0.06830081
-0.0036272216;0.027392862;-0.054640647
0.13303572;0.1875393;-0.124962516
0.20017858;0.22190644;-0.11872002
0.17186162;0.25252515;-0.07622601
0.12733305;0.24264511;0.04526919
0.021397682;0.23786609;0.10496535
-0.08210061;0.3215429;0.12772228
-0.121149234;0.3291093;0.15842782
-0.15238814;0.22578745;0.11424226
-0.19144176;0.14625496;0.047643807
-0.2312784;0.12950397;0.019365046
-0.2787727;0.14110316;0.009242037
-0.27848694;0.17850754;-0.0113563705
-0.1657583;0.22249353;0.09716491
-0.06541914;0.21861982;0.14648192
-0.036710307;0.18270835;0.17343554
-0.033274498;0.08366669;0.22624843
-0.0672446;-0.08306665;0.15599875
-0.081920676;-0.13520332;0.081048995
-0.027255293;-0.22378765;0.058589198
0.018039515;-0.2634051;-0.009378643
0.031619113;-0.1544741;-0.08250292
0.05810779;-0.04545428;-0.07225233
0.09257998;-0.09261342;-0.07030187
0.067813985;-0.15221573;-0.06874149
0.01596994;-0.1467726;-0.048743192
-0.06534905;-0.13929307;-0.038994554
-0.14446674;-0.11768446;-0.10619564
-0.10229214;-0.016022567;-0.11620651
0.025978787;0.08718195;-0.092965215
0.11218928;0.13537055;-0.06187217
0.10147017;0.09892145;-0.049497735
0.06398864;0.13226216;-0.014598189
0.05665966;0.13393472;0.02582145
0.04142148;0.03839778;0.045657158
0.023762183;-0.056781776;0.06152573
-0.009896504;-0.11105042;0.042970583
-0.025104703;-0.09196534;-0.021873534
-0.025552513;-0.09857227;-0.04874883
-0.03216076;-0.09135781;-0.063999064
-0.042916108;-0.063711256;-0.06994925
-0.09136414;-0.035344;-0.0497094
-0.11762256;-0.025150202;-0.03351752
-0.14566055;-0.03262016;-0.020564016
-0.11262219;-0.01672113;-0.003951213
-0.05728525;0.061623096;0.00933903
0.0244843;0.11492348;0.044971224
0.09614994;0.010688782;0.06097698
0.06598245;-0.11332397;0.017531583
0.010598461;-0.16565917;-0.029724734
-0.02823998;-0.21065234;-0.073779784
-0.009310734;-0.20914687;-0.15277383
0.04802016;-0.2735675;-0.15346907
0.09779113;-0.240729;-0.09152525
0.10948291;-0.0894582;0.0017797993
0.06805507;-0.02469156;0.11392384
-0.020555941;-0.0010032479;0.09113907
-0.11019475;0.1304474;0.07916126
-0.16081205;0.18560793;0.038329005
-0.18802464;0.17973633;-5.8679533E-4
-0.15432596;0.21566407;0.012030563
-0.07346077;0.29128125;0.115874454
-0.015018617;0.2799;0.09269956
-0.07685864;0.39892;-0.06334035
-0.057580665;0.26288602;0.03682772
-0.061689533;0.044683803;-0.08303782
-0.0048203752;-0.14550295;-0.09768026
0.0727062;-0.013277367;0.05935579
0.13628995;0.2940656;0.25998464
0.20668821;0.27743998;0.22048771
0.3684756;0.531327;0.25139016
0.2658742;1.0109991;0.21361214
0.023636868;0.37286177;0.8521397
-0.7006218;-0.9048356;1.0317118
-1.3698725;-1.2269934;0.8691194
-1.3443354;-0.59409475;0.75154555
-1.2848433;-0.68465084;0.6637364
-1.8872497;-1.8602207;0.9997391
-2.1785498;-1.8756765;0.9060413
-2.1678398;-0.6286662;1.112333
-1.4905218;0.46581703;0.27736643
-0.036167465;0.28515363;-0.84060687
0.59762853;0.4718729;-2.2037356
0.71716535;0.9399983;-2.9536133
0.57373226;1.2832487;-1.5910157
0.5746108;1.3078489;-0.42906258
1.3378136;0.6259666;-0.42450005
2.3651729;0.05233581;-0.77085006
3.0409663;0.05749365;-0.78543
3.264023;0.18974492;-0.806469
3.1721559;0.17523344;-1.0608002
3.1392872;-0.073875755;-1.0642651
2.9692423;-0.2372256;-0.65453714
2.4707065;-0.039780483;-0.1673797
1.7453151;0.41505063;0.17547123
1.0087521;0.8976655;0.37162697
0.56168914;0.9431324;0.8441766
0.3243513;0.80919343;1.0690913
0.032918558;0.84579223;0.98652303
-0.27679014;0.8203838;0.9267184
-0.66361964;0.10474453;0.63512474
-1.0996457;-0.8021419;0.095599785
-1.3794724;-1.0167135;-0.12352017
-1.3141736;-0.5883708;0.05118386
-0.8292442;0.20117836;0.3596971
-0.286076;0.7500052;0.6627577
-0.1679233;0.8125042;0.70520616
-0.34859645;0.7359408;0.42041492
-0.4167678;0.75437766;0.14258192
-0.27784783;0.6956896;-0.33593446
-0.16866498;0.4628017;-0.51874757
-0.11579136;0.18117885;-0.34624806
0.030023161;-0.3941194;-0.29574844
0.14433102;-1.0106081;-0.19284876
0.3514023;-1.1334864;-0.054279003
0.8440125;-0.82241416;-0.012173203
1.1369288;-0.3766813;0.12776144
1.2454805;0.22990495;0.32720914
1.2651343;0.51673645;0.44301733
1.1464825;0.38682666;0.46066386
0.9187485;0.21571134;0.36853108
0.6334363;0.04913157;0.27607486
0.36768654;-0.15288225;0.1896099
0.15039924;-0.2035558;0.08918791
-0.00311811;0.018405363;0.09010033
-0.13218199;0.26472428;0.16583027
-0.19168308;0.41802943;0.07016421
-0.27522147;0.49536106;-0.0063686296
-0.40533343;0.39628884;-0.055094905
-0.5633292;0.17484356;-0.050325923
-0.6748822;-0.09450015;-0.009010739
-0.6453745;-0.35685012;0.017791409
-0.59286207;-0.5214176;0.10798313
-0.5813209;-0.5202591;0.3176365
-0.7177911;-0.39589477;0.39785922
-0.9034321;-0.1979658;0.29953736
-1.0329996;0.10100235;0.16462989
-1.0810871;0.26205188;0.03795391
-1.0351822;0.22839151;-0.08213687
-0.900802;0.1061507;-0.1344595
-0.7397823;-0.15257944;-0.2013176
-0.65120083;-0.36268854;-0.19855408
-0.6877575;-0.56202585;-0.22134326
-0.77598727;-0.48087066;-0.15832461
-0.8161023;-0.22063404;-0.045409687
-0.77163184;-0.16088223;0.0074222498
-0.6610555;-0.13808079;-0.0628122
-0.49446937;-0.094839625;-0.11899976
-0.3768255;-0.0789967;-0.1639498
-0.3373979;-0.016322361;-0.18115985
-0.3292933;-0.03962039;-0.23867787
-0.38062215;-0.07388381;-0.2096923
-0.35137272;-0.09035705;-0.16775385
-0.34047318;-0.22697315;-0.17170307
-0.38644105;-0.19720352;-0.14361246
-0.44040284;0.13598719;-0.15238997
-0.43357226;0.44785225;-0.20941198
-0.3296703;0.5817193;-0.12377958
-0.23404875;0.47475043;-0.13652366
-0.2263015;0.25011286;-0.11546893
-0.3294787;0.09071528;-0.07362515
-0.48077047;0.003822226;-0.046400115
-0.5596164;-6.721905E-5;-0.018370092
-0.5039431;0.048383724;0.085303925
-0.38284197;0.18870698;0.16199315
-0.16564858;0.16659059;0.20459451
-0.09033137;0.10983497;0.18867561
-0.097265095;0.11755548;0.20094049
-0.06687457;0.15654437;0.16075239
0.029312842;0.15961051;0.05985191
0.17813778;0.1839384;-0.04586847
0.30501023;0.26590073;-0.06794477
0.32994568;0.3267831;-0.07935582
0.25458154;0.33486396;0.0052653435
0.10054023;0.28664118;0.060462274
0.046057187;0.16681294;0.07961982
0.09309575;0.13970035;0.032445855
0.2151016;0.22894777;-0.117793314
0.32208127;0.17378323;-0.05673465
0.24829002;0.0046515786;0.18586227
0.012694518;-0.20721623;0.27368984
-0.09296939;-0.3267105;0.23770186
-0.007188008;-0.22386838;0.083911486
0.18331209;0.067780286;-0.0016208108
0.25758716;0.24797423;-0.03879665
0.22950724;0.21400438;-0.02478732
0.09141829;0.021203507;-0.044829857
0.021572134;-0.1533497;-0.042113885
0.034445208;-0.21174225;0.028808892
0.08068117;-0.20533131;0.14179711
0.100482434;-0.17989004;0.2509377
0.09444845;-0.19859953;0.26325014
0.036496256;-0.116692126;0.091850124
0.0651345;-0.026166203;-0.0827699
0.16773261;0.022817038;-0.14746591
0.20684233;-0.0036213696;-0.13047273
0.17719261;-0.037272096;-0.12312819
0.090191595;-0.042317677;-0.14850256
0.07215328;0.05833336;-0.16255204
0.15694137;0.18572919;-0.15504164
0.2521156;0.16733335;-0.11153331
0.23997372;0.07761668;-0.057976644
0.11151023;-0.07071915;-0.027631316
-0.048291814;-0.14251283;-0.022105053
-0.1206647;-0.08588526;0.019815957
-0.110594265;0.003166792;0.059602767
-0.047850408;0.065033436;-0.0023177871
0.04218842;0.07546425;-0.0018542297
0.104063235;0.071308896;0.054766618
0.04731309;0.003922118;0.11256329
-0.08324328;-0.028112305;0.15880063
-0.17753212;-0.0053023444;0.20204051
-0.19202569;-0.057366874;0.2616324
-0.17080806;-0.0427685;0.23430592
-0.08039644;0.0079727;0.16244474
-0.04556716;-0.0061218403;0.111205794
-0.056766227;0.015415028;0.08271463
-0.12041298;0.026394522;0.11617171
-0.085392885;0.04611562;0.055437364
-0.010501808;0.019704994;-0.049400106
0.083786055;0.017326495;-0.09577008
0.13499759;-2.013037E-4;-0.15161607
0.12752932;-0.051723544;-0.13379286
0.06139846;-0.050753836;-0.08203428
0.0038062676;-0.064040564;-0.021877427
-0.006329986;-0.044982456;0.007498058
0.019936012;0.006201537;0.030998446
0.01594881;0.0049612294;0.024798756
0.052602798;0.061781485;-0.0051609944
0.12801974;0.09942519;-0.010378796
0.16413455;0.11704015;0.010446964
0.14224513;0.07644462;-0.029142428
0.031764857;0.018968197;-0.010813943
-0.07224437;-0.009825444;0.010098846
-0.128108;0.009327145;0.076829076
-0.100923896;0.054336715;0.11771326
-0.019801615;0.030969372;0.05042061
0.03181496;0.048212998;-0.04091351
-0.009704283;0.0276329;-0.08273081
-0.09526343;0.014293819;-0.091184646
-0.15277325;-0.015127445;-0.10419772
-0.16440609;-0.037101954;-0.06460817
-0.13152488;-0.009369065;-0.09543654
-0.1161574;0.06750475;-0.101349235
-0.08823842;0.1508788;-0.14982939
-0.040903237;0.10820304;-0.2073635
-0.0014725886;0.022499932;-0.21589081
0.014446929;-0.046062555;-0.060212646
0.025620043;-0.09466255;-0.048170116
0.012683535;-0.07885504;-0.08228609
-0.019540673;0.08379097;-0.08457887
-0.07188254;0.34672028;-0.0739131
-0.0012560303;0.40706372;-0.06538048
0.10524517;0.27565098;-0.027304383
0.11544614;0.15020828;-0.003093507
0.09235691;0.09985413;0.035025194
0.06607303;0.0908208;0.09677015
0.048170924;0.04765664;0.16491613
-0.01771326;0.020937812;0.1569329
-0.10167061;-0.01918725;0.15054631
-0.13914898;0.0127751995;0.045437057
-0.09569419;0.11803266;0.030099645
-0.017180352;0.13192613;0.15532972
0.059693217;0.0508534;0.24301377
0.089942075;-0.12025478;0.15691102
0.05789116;-0.25245383;0.031778816
-0.04431207;-0.28790057;-0.0058269487
-0.10107466;-0.22875795;-0.03591156
-0.091797225;-0.22831886;-0.047479246
0.02656222;-0.16546759;-0.1129834
0.15093727;-0.090186566;-0.11538672
0.26215607;-0.015899254;-0.18605937
0.2573811;0.0841556;-0.1925975
0.19262363;0.09388698;-0.129078
0.072067656;0.08292208;0.0154876
-0.022814624;0.022587664;0.19989008
-0.10497045;-0.14130487;0.41616207
-0.16053885;-0.2333564;0.43917966
-0.15968108;-0.13512261;0.37009373
-0.09024487;-0.08466059;0.296075
-0.0706334;-0.042728473;0.22435997
-0.048694216;0.11425472;0.14198798
-0.11551788;0.17421627;-0.04265961
-0.1705393;-0.029376978;-0.22162768
-0.30361894;-0.006314083;-0.48980215
-0.38039514;0.34338623;-0.7230917
-0.32775363;0.45127147;-0.7472234
-0.2653279;0.6461734;-0.9165287
-0.23413731;0.570845;-0.848848
-0.33262235;0.19964474;-0.34470338
-0.5879729;0.11205955;0.017987305
-0.6703783;-0.35878986;0.67688984
-0.7988027;-1.3667194;1.4165119
-1.2202921;-2.129313;1.5144595
-1.5856087;-2.1784503;1.2053176
-1.690362;-2.2240102;0.98925406
-1.4929146;-2.1854582;0.53515327
-0.82245666;-1.5514916;-0.3218774
0.18265969;-1.0036933;-0.53250194
0.98675275;-1.0560796;-0.46350154
1.4815897;-1.1479887;-0.7458012
1.8243343;-0.90589094;-1.052891
1.8805611;-0.5653378;-1.1516877
1.7130426;-0.3741452;-0.9776002
1.2516842;-0.008691173;-0.91958016
0.72947234;0.33054706;-0.8419141
0.7234216;0.77693766;-1.0735313
0.965456;1.1965501;-1.3369501
1.3793961;1.1353651;-1.3258101
1.6607435;0.8114171;-1.3106481
1.5295713;0.8335087;-0.8297684
1.2943602;1.1589944;0.09868526
1.1600975;1.3084456;0.63519824
1.1292499;1.282694;0.9206586
0.96824366;1.2261552;0.98652685
0.8745949;1.1856116;0.72672147
0.91217595;1.1063018;0.5188772
0.9688032;1.080354;0.64010173
0.8891051;1.2947519;0.6995814
0.7284716;1.7041609;0.55966514
0.61402726;1.8132311;0.1477321
0.49903432;1.1346669;-0.20056432
0.38047746;0.55538976;-0.60732645
0.41063195;0.6396243;-0.40773615
0.35194308;0.894634;0.36131108
0.22530445;1.1597258;0.75779885
0.14899357;1.4352025;1.062489
0.14419486;1.257537;1.4124913
0.09504338;0.65173274;1.386243
0.015097205;0.04853461;1.1527444
0.058952764;-0.37289107;1.0034455
0.07372471;-0.5567113;0.9090064
0.16054226;-0.45318154;0.89595515
0.34093383;-0.19789678;0.7792641
0.53055954;-0.08937211;0.42341128
0.6416351;-0.2781383;0.16997904
0.4804956;-0.8467294;-0.12026677
0.03908399;-1.6180085;-0.32121342
-0.3890453;-2.5084693;-0.09447074
-0.72529876;-3.236463;0.04317341
-0.9919577;-3.2860453;0.14703873
-1.0556756;-2.6475863;-0.032369018
-0.852353;-1.821194;-0.4633952
-0.34867924;-1.1007053;-0.8144662
0.2304316;-0.48993918;-1.057823
0.6155953;-0.18570134;-1.3337584
0.6846637;-0.16106108;-1.5670067
0.563356;-0.34447387;-1.6161053
0.2788098;-0.5224541;-1.5866343
-0.023827171;-0.5929633;-1.4443074
-0.27999923;-0.50249565;-1.339821
-0.41931188;-0.1769965;-1.2062317
-0.40810576;0.17715281;-1.1087354
-0.19601586;0.06984724;-0.8432383
-0.120093934;-0.57849723;-0.47771564
-0.3687314;-1.1940478;-0.22279753
-0.7828757;-1.4708632;-0.11886302
-1.2390203;-1.5298156;-0.19509041
-1.517559;-1.3176024;-0.18419734
-1.5035003;-0.87595695;-0.20048286
-1.2254565;-0.35701558;-0.22601129
-0.8272402;0.19876254;-0.16205904
-0.44538593;0.67776;-0.026522227
-0.20513687;0.45158303;0.7194072
-0.4129376;-0.8793586;2.5942757
-1.3170688;-1.7034869;4.9316707
-2.4153738;-0.24403949;4.4765863
-2.288549;1.8578935;1.3437692
-0.89490175;2.4003773;-1.2187346
0.75985986;1.7656143;-1.9468627
1.7719504;1.1843665;-1.5418652
1.8214666;1.0756181;-0.8366171
1.1544389;1.0667446;-0.19116871
0.20577766;0.7252706;0.11581503
-0.44455755;0.027091488;-0.0010979743
-0.4970523;-0.6783268;-0.26337838
-0.24842308;-0.98641145;-0.3888277
0.08094903;-0.82350415;-0.33918718
0.4112436;-0.60880333;-0.13384973
0.60860914;-0.5714177;-0.044579785
0.5998512;-0.60088414;-0.079413824
0.33245662;-0.5150823;-0.25103107
0.13956149;-0.19331585;-0.14769985
0.056180444;0.25159732;0.06621512
-0.008766583;0.37940285;0.0779721
0.02951017;0.3035223;-0.11262232
0.09821751;0.40219283;-0.052597858
0.11875956;0.67175424;0.13292171
0.058630694;1.0217785;0.05633737
0.039287366;1.1502352;0.1263199
0.13670333;0.8998757;0.20730592
0.3793822;0.26677555;0.54709476
0.55624014;-0.48345456;0.2564258
0.34538272;-0.97426367;-0.36985937
0.06380618;-1.2825359;-0.4646375
-0.23040037;-1.3072788;-0.52796
-0.41986716;-1.1114479;-0.553618
-0.43921405;-0.74853337;-0.5678944
-0.40879312;-0.43945172;-0.5699405
-0.37508136;-0.24531136;-0.4309524
-0.36686197;-0.0868741;-0.33538693
-0.37786457;0.13050072;-0.24330954
-0.3999479;0.37002558;-0.12589763
-0.3582396;0.51477045;-0.041343108
-0.23502916;0.56494135;0.13255051
-0.03099208;0.4894531;0.3591654
0.17247196;0.3978125;0.48420733
0.34871975;0.252625;0.40611586
0.30182737;0.13022499;0.13739268
0.14966501;-0.014570012;-0.008835848
0.025786703;-0.22103101;-0.14456868
0.0036371748;-0.3924498;-0.20315494
0.07165974;-0.43270984;-0.15939896
0.14931998;-0.33366787;-0.14314416
0.21701458;-0.1919343;0.0073596695
0.22722495;-0.03479744;0.14338773
0.14545183;0.053412046;0.21471019
0.0263224;0.070854634;0.12801816
-0.124449894;0.08793371;-7.1047945E-4
-0.21459897;0.11409697;-0.028693384
-0.1908198;0.14440258;-0.0042047068
-0.085468344;0.12489706;0.024761235
5.706369E-4;0.059292648;0.03543399
0.011979947;-0.021315882;0.02522219
-0.051744167;-0.117052704;0.010802752
-0.11405158;-0.103017166;0.014892202
-0.16975689;-0.010538732;-0.02246124
-0.13189927;0.12594402;-0.06484399
-0.065285034;0.20700522;-0.026875192
0.058709472;0.19997917;0.06912485
0.18095195;0.14123334;0.08029988
0.19827719;0.14423667;0.0767399
0.14338738;0.037264336;0.13951692
0.045764588;-0.079563536;0.030363537
-0.0016695805;-0.11990082;-0.04133417
0.006281523;-0.14279567;-0.061192337
0.022212718;-0.17986153;-0.05832887
0.054293614;-0.18763922;-0.031038096
0.028005203;-0.15323637;-0.10608048
-0.048494276;-0.066339105;-0.062989384
-0.15539698;0.03130372;-0.025391504
-0.16845821;0.07504298;-0.042188205
-0.16523533;0.03190938;-0.05562556
-0.17242263;-0.080722496;-0.14450045
-0.14184435;-0.152078;-0.14060035
-0.10956924;-0.1529124;-0.08435529
-0.11070226;-0.07545492;-0.117484234
-0.098327436;0.07713606;-0.075237386
-0.13022445;0.19608386;0.014810093
-0.15964831;0.21936709;0.10247307
-0.1488124;0.21611866;0.14135346
-0.03662804;0.21039493;0.19120777
0.062494442;0.15269095;0.2248412
0.11522993;0.10652775;0.18612297
0.14569956;0.013347206;0.21452338
0.08570028;-0.12682223;0.040368702
-0.040424153;-0.026457788;-0.16145504
-0.106948696;0.43820876;0.030210968
0.056237917;0.888067;0.45854378
0.044990335;0.7104536;0.36683503
0.4761778;0.8089879;0.949718
0.8136083;0.4628153;1.1597744
0.7659257;-0.051622752;0.5778195
0.29291633;-0.4287982;-0.33149436
-0.22904585;-0.85866356;-0.7339455
-0.6769867;-1.4431808;-1.0059063
-1.0087768;-1.4295447;-1.3672252
-1.1351465;-1.2311357;-1.328155
-1.1581172;-0.9224086;-1.128149
-1.0093062;-0.3910519;-0.57751924
-0.763695;0.0652835;0.13485959
-0.564081;0.6678518;0.43288767
-0.3840773;1.0999064;0.55256015
-0.28226185;1.0955502;0.3232981
-0.21799697;0.7951901;0.12426349
-0.060335077;0.26740208;0.11503579
0.05095069;-0.24545333;-0.048596367
0.12513556;-0.48698765;-0.2170021
0.107920945;-0.47709012;-0.31110168
0.073055506;-0.3316721;-0.14888135
0.0029756522;-0.08408768;0.002769928
0.019568022;0.27335486;0.070965946
0.17034192;0.3811839;0.37552276
0.2745548;0.3424471;0.45354322
0.15011258;0.21145768;0.112834565
-0.1916287;-0.05583385;-0.20348234
-0.60330296;-0.094667085;-0.31591088
-0.7701424;-0.016358664;-0.1558537
-0.7129889;0.08066307;-0.07780796
-0.5063286;0.33015546;0.02837863
-0.19881289;0.43287435;0.15707791
0.005012189;0.31817448;0.18503733
0.07432225;0.1545396;0.044904858
-0.0202297;-0.035743326;0.06717388
-0.09274626;-0.116094664;0.06623911
-0.10388451;-0.04600073;0.16236629
-0.026857605;0.035074417;0.16739303
0.061326414;-0.025065467;-4.6057603E-4
0.04437363;-0.12630238;-0.106618464
-0.019188594;-0.2260419;-0.14466977
-0.120038375;-0.3027085;-0.14073582
-0.1897807;-0.20154181;-0.08133865
-0.16432457;-0.023733452;-0.043195922
-0.19552214;0.08726324;-0.08143174
-0.15329272;0.09168559;0.04110461
-0.17419668;0.067098476;-0.11399131
-0.13935734;-0.096321225;-0.09431805
-0.10054837;-0.252057;0.01204556
-0.1241887;-0.21727058;0.10963645
-0.20872596;-0.19256647;-0.031040842
-0.36073077;-0.26030317;-0.32795766
-0.5573346;-0.21761754;-0.39986613
-0.55055517;-0.08971903;-0.19489291
-0.34513167;-0.10302523;0.31283566
-0.008917822;0.03945482;0.6565185
0.13974074;0.65343887;0.9377148
-0.1616449;1.1227511;1.1689218
-0.53400344;1.2138258;1.1663874
-0.40845275;0.7679357;0.88936
-0.1689497;-0.14815144;0.886488
-0.63672227;-0.09664615;0.5654404
-1.0312529;0.10080808;0.18985231
-0.7843772;0.17752147;-0.03561815
-0.3618768;0.66389215;-0.07224452
-0.29262644;1.7295512;-0.12654561
-0.7497262;2.2016098;0.44876352
-1.074781;3.2241051;-0.8378642
0.75892526;0.729748;-0.6140413
1.3008902;-1.3552641;-1.5599831
0.83914965;-0.6779613;-1.5948615
-0.11774276;0.17481849;-0.33213916
-0.41919422;0.3351673;0.27803865
-0.09785537;0.08532133;0.48493093
0.071715705;0.11356956;0.56294477
0.10424756;0.40491813;0.79410577
0.18027306;0.647372;1.1727847
0.34734344;0.71477264;1.3007277
0.49662474;0.4577556;1.1530821
0.6394873;0.0052669737;1.0662158
0.68658984;-0.38641143;0.8717226
0.73520935;-0.83569163;0.62237805
0.8069175;-1.2826158;0.33540246
0.961159;-1.3948426;0.062071964
1.1579897;-1.3377491;-0.15659243
1.2592043;-1.5764493;-0.26902395
1.287051;-1.8642844;-0.40896916
1.3933126;-1.5601776;-0.93967533
1.7216814;-0.938767;-1.6142403
2.0839858;-0.66038865;-1.9132673
2.2687511;-0.34706092;-1.9806137
2.197032;-0.055773724;-1.575116
2.4670007;0.10538102;-1.1757178
2.5454755;-0.07194518;-0.7374492
2.7707555;0.114318855;-0.4337094
2.4197292;0.032080084;-0.2500925
1.5295335;-0.18058594;-0.015699014
0.6251893;-0.07259375;0.1593158
0.15483892;0.14505;0.26495263
0.17074613;0.26604;0.108837105
0.3459719;0.115957;-0.094180316
0.5174025;-0.0728594;-0.36909425
0.601422;-0.17703752;-0.7515254
0.5717626;-0.110380016;-1.0543454
0.4574101;0.017945988;-1.3341012
0.35342807;0.17060679;-1.492281
0.32649246;0.27086043;-1.5797623
0.27994397;0.34481335;-1.5528723
0.10520518;0.22585067;-1.3985479
-0.15333585;-0.03494446;-1.3000883
-0.42735618;-0.118580565;-1.3588207
-0.59344745;-0.051114455;-1.5026815
-0.79663295;-0.13151656;-1.9412078
-0.89355636;-0.13333826;-2.4932494
-0.7820326;-0.0722956;-2.8027537
-0.59281355;-0.007836481;-2.8570468
-0.48675087;0.07185581;-2.7957938
-0.55346316;-0.35501534;-2.4631975
-0.61464554;-0.14338727;-2.995558
-0.85734147;-0.14595982;-4.151134
-1.0858731;-1.3886429;-5.342782
-0.64447975;-0.9984143;-6.5554757
-0.23433381;-0.51435643;-5.8006306
-0.2866858;0.03226486;-4.2842546
-0.28559864;0.19456188;-3.8774035
0.20120859;-0.11622549;-4.5019226
0.9328419;-0.6711054;-3.8265383
1.094711;-0.9587593;-2.5612307
0.8070188;-0.28263244;-1.7052345
0.45030254;0.055144038;-0.9391876
0.17899203;0.34724024;-0.78260005
0.13538112;0.7746672;-0.49483007
0.2739299;1.4978588;0.06663595
0.41601893;2.4404745;0.91580874
0.5281276;3.3867545;1.657647
0.3459396;3.3715131;1.6011176
0.12518919;2.4311948;1.2746441
0.17827635;0.8222996;1.0384653
0.30824608;-1.3671603;1.0495222
0.50284684;-2.9468532;1.4271178
0.8210275;-3.5449827;2.0635693
1.013072;-3.735986;2.5821054
0.9417076;-3.9950387;2.9406843
0.84711605;-4.439781;3.1119225
1.0558178;-4.9455748;3.036413
1.5759043;-4.48771;3.3400679
1.8982234;-2.3964179;3.1931481
1.4092038;0.42036566;2.0537372
-0.475762;1.9050425;0.9226772
-3.2360783;-0.507216;-0.8790457
-3.3068314;-2.2307727;-1.1594865
-0.70796514;-1.6658683;-0.32758924
1.4226904;-1.0451946;0.1035536
1.4975274;-0.64865565;-0.12965712
0.29489684;0.14357547;0.2931493
-0.43908253;1.0398604;1.2329569
-0.24501602;1.5193883;1.7582406
0.15086219;1.8467606;1.776905
0.25818974;2.4867835;1.5441802
0.022176798;3.033177;1.2970629
-0.26038358;3.2796664;1.5505409
-0.35518184;3.2893581;1.6711944
-0.3341455;3.1127365;1.1972095
-0.33919138;2.7120643;0.5077676
-0.3588531;2.2368388;0.027307825
-0.3027075;1.8832211;-0.02971624
-0.301541;1.3597019;0.15044576
-0.2412328;0.808074;-0.2437059
-0.17111123;0.3777092;-1.5816835
-0.015013986;0.53966737;-2.8934717
0.26611382;0.9348589;-3.1616523
0.32539105;1.0666372;-3.460572
0.32906285;1.1048722;-4.1934576
0.49450028;0.86983526;-4.742266
0.6049752;0.3989932;-4.062563
0.46523017;-0.39018044;-2.3250504
0.49718413;-1.1808944;-1.4787902
0.06962231;-1.6228405;-1.6392822
-0.56930214;-2.0763974;-0.91767573
-0.8382542;-2.6611178;0.5908594
-1.1096659;-2.8163943;2.6258125
-1.1627327;-2.2718654;4.3053374
-1.0051862;-1.8049923;4.8895826
-0.7103989;-1.981494;5.2444787
-0.41988164;-2.6101952;5.5987077
-0.19059281;-3.181906;5.730529
0.052213248;-3.258025;5.646923
0.0995831;-2.66267;5.2894135
-0.09064602;-1.548886;4.647156
-0.44439182;-0.10785873;3.6083496
-0.9430134;1.801213;2.4741797
-1.1012858;3.9972205;1.9074687
-0.7294661;5.7477765;1.7791
0.057052113;6.5151157;1.9357799
0.6878292;6.3131666;2.157999
0.5752634;5.9981894;2.5795243
0.025835682;5.3188643;3.1698694
-0.67776895;3.891029;3.2546456
-1.1594026;1.8307918;2.6037164
-1.356819;0.07244596;1.3642231
-0.9420958;-0.88188696;0.4163785
-0.12164541;-1.3742596;0.02685279
0.60502744;-1.6759702;-0.022267768
0.81370944;-1.8657762;-0.14281422
0.47284254;-1.7551209;-0.16425137
0.08296154;-1.5197217;0.037348904
-0.26175576;-1.3876524;-0.001370878
-0.3172171;-1.181997;-0.1948467
0.0071638077;-0.85497254;-0.29962736
0.49479353;-0.618353;-0.4334519
0.8005223;-0.60405743;-0.56863654
0.8263554;-0.7644959;-0.6799092
0.8313968;-1.0115968;-0.52205235
0.7338674;-1.2686524;-0.4551419
0.66834396;-1.268047;-0.2703635
0.63780016;-1.1425625;-0.013165812
0.46024013;-0.93905;0.04259235
0.2103796;-0.65124005;0.00594888
-0.028571319;-0.402242;-0.045240894
-0.36191955;-0.16554362;-0.10806771
-0.79734814;0.042565107;-0.14270417
-1.1730348;0.2653021;-0.042288337
-1.3040528;0.57474166;0.084919326
-1.1854297;0.8504183;0.18356046
-0.85068756;0.9584597;0.20934837
-0.45242503;0.8542677;0.2112287
-0.14006503;0.5615392;0.19398296
0.044197973;0.11173135;0.17393637
-0.04432912;-0.26686493;0.13289909
-0.19405705;-0.29161695;0.093819275
-0.15524563;-0.23329355;0.07505542
-0.18200901;0.15086517;0.016294336
0.04423654;0.6300671;-0.07446453
0.35257673;0.8509287;-0.19082163
0.49456137;0.86511797;-0.2464073
0.46283662;0.80303186;-0.18775085
0.3374568;0.5549255;-0.03457567
0.11996543;0.1455029;0.15358946
-0.077465154;-0.16797268;0.26037157
-0.18540962;-0.33437815;0.30829725
-0.1842652;-0.34875253;0.34663782
-0.17553715;-0.15400201;0.42106023
-0.13886723;0.09242339;0.4743482
-0.20250003;0.21143872;0.37947854
