0.97792447;-1.853734;-0.059528925
0.5948396;-1.4142373;0.6031581
0.17899668;-0.8188898;1.337214
-0.14742766;-0.26761186;2.1041462
-0.33044213;0.14216052;2.505192
-0.6081037;0.4512284;2.4541535
-0.86617047;0.42973274;2.1195729
-0.8835614;0.3062862;1.6331583
-0.8427866;0.45127895;1.4596516
-0.87422925;0.9860232;1.4333463
-0.84313345;1.5763185;1.646677
-0.84013176;1.8860549;1.5267166
-0.83304286;2.0150938;0.8213733
-0.5601843;2.0745752;0.43834865
-0.08564745;2.0002851;-0.049321085
0.40804455;1.862728;-0.5957069
0.77331066;1.9745574;-0.83281547
0.9717735;2.117146;-1.1631274
0.8867938;1.7155918;-1.5898769
0.578185;0.6380984;-2.3312764
0.41879803;-0.39889628;-2.9970524
0.47878844;-1.0534921;-3.1765482
0.53615576;-1.4052936;-2.8438265
0.5789246;-1.1929849;-2.391858
0.68501467;-0.46063793;-2.013047
0.72926176;-0.06226033;-2.012586
0.6865344;-0.16855827;-2.1444438
0.5304775;-0.3848466;-2.1194613
0.47750703;-0.3828773;-1.945569
0.53825563;-0.31880182;-1.5033302
0.6462295;-0.023791464;-1.0573517
0.6982336;0.34971684;-0.60838133
0.46796188;0.22977346;-0.19373633
0.3024945;0.46506876;-0.118270315
0.060745597;0.51893;0.0030399975
-0.33577853;0.549519;0.05790075
-0.7842478;0.8927402;-0.1568044
-1.1461482;1.3485671;-0.5184123
-1.4747311;1.4601038;-1.2201985
-1.7532223;1.024333;-2.551159
-1.5744529;0.35696638;-3.531552
-1.0986248;0.15119812;-3.7096167
-1.1148374;0.4865835;-3.6364434
-1.4090574;0.3892668;-4.2654047
-1.5631834;-0.22608657;-4.8060737
-1.7829686;-0.87774426;-5.182359
-1.7232499;-1.4303204;-5.264637
-1.3918811;-1.5192564;-4.6742096
-1.0178018;-1.3091551;-3.2018678
-0.68767893;-0.66607404;-1.0989943
-0.3321744;0.41714075;0.35830462
0.10613548;1.1118376;0.6803937
0.60287714;1.1550951;0.85056496
1.0807393;1.3147011;1.074202
1.5130289;1.7611358;0.89686155
1.8229231;2.5135963;0.54873925
1.9802135;3.273377;0.5327414
1.8341708;3.257764;1.3636931
1.1579616;1.1780863;2.5878296
0.5701193;-1.960656;3.3077636
0.6467204;-3.9185247;3.893086
0.71425134;-5.0285697;4.680094
0.5964011;-4.8103557;4.737044
0.60837084;-3.0732846;4.272057
0.4866967;-1.7023778;4.359833
0.089357354;-1.4556522;4.726538
-0.31913912;-1.5332718;4.2687306
-0.4990613;-1.6641175;3.5696719
-0.5351865;-2.006294;2.2682376
-0.7406492;-1.8612851;1.6583401
-1.1503319;-0.4515281;1.6407346
-1.874953;1.0887775;1.9547751
-2.7292593;1.996022;2.7372577
-3.093173;2.6155677;3.361681
-2.6346946;2.4705791;3.0237198
-1.5739667;1.6483383;2.100226
-0.57948583;0.77492064;1.2426807
-0.053627744;0.5449365;0.50664455
0.18444155;0.7484492;-0.0040593394
0.465522;1.1300094;-0.5032475
0.77944887;1.6852574;-1.1479105
0.98605907;2.132581;-1.8183284
0.98415977;2.1654398;-2.1671627
0.9826403;2.0573518;-2.5665426
1.0282997;1.9958814;-3.0547967
1.0538898;1.7310802;-3.2047749
0.92748684;1.0879891;-3.38882
0.40448946;-0.21398368;-4.098556
-0.22797093;-1.418062;-4.8382196
-0.5980017;-1.8781996;-5.4299507
-0.6307451;-1.9588096;-5.1814604
-0.54912734;-1.9170477;-4.1951685
-0.6846144;-1.9836382;-3.9998848
-0.99730086;-1.8556606;-4.474908
-1.316786;-1.0907785;-4.0611763
-1.5665147;-0.003872746;-2.892691
-1.419618;0.7000268;-1.7454028
-0.67440295;0.5943965;-1.1088222
0.2800455;0.40676716;-0.8558078
0.7505989;0.27541372;-0.57214624
0.50829166;-0.076544024;-0.026466992
0.40663332;-0.061235216;-0.021173593
-0.11688086;0.40726182;0.7393111
-0.2716297;1.6664344;1.385199
0.03582125;2.3268976;1.9362841
0.24662575;2.155268;2.4271524
0.5191756;1.2085894;2.4979718
0.85518426;-0.9175034;2.5546274
1.0888349;-3.1777527;2.703077
1.4976304;-5.792202;2.8749616
1.8887293;-8.558762;3.8452818
1.9016085;-7.7595096;4.98521
1.4244118;-2.9201076;3.7698085
0.83640444;2.238914;3.6806905
0.040998533;5.4067564;3.743771
-0.9390762;6.1925926;3.3403294
-1.4801672;4.857199;2.9535136
-1.1989775;2.5529466;2.4112484
-0.3138695;0.70485735;1.6696236
0.5192169;-0.21111414;1.0560114
0.18099852;-1.1157663;1.0119966
-0.6020762;-1.236363;1.2439723
-1.3238485;-0.82034045;1.1608028
-1.3407193;-0.43752235;1.0395797
-0.8753099;-0.19376788;0.79728884
-0.2830604;-0.1112643;0.6503311
0.057145424;-0.19526145;0.45932734
-0.28943992;-0.88745916;0.5283994
-0.57998943;-1.0599673;0.2914695
-0.659304;-0.97922385;-0.027761897
-0.57158387;-0.60837907;-0.015959518
-0.32328272;-0.24920326;-0.0033926142
-0.01565742;-0.12436262;0.011348409
0.06403656;-0.09324009;-0.09717128
0.05904175;-0.062092073;-0.18554951
0.0987959;0.100326344;-0.31406462
0.16184922;0.40526107;-0.3903142
0.12322938;0.74295884;-0.24350135
0.1985835;0.68186706;-0.010426083
0.25808555;0.18299367;-0.14271587
0.2509997;-0.49735507;-0.4751102
0.34611225;-0.81038404;-0.5816507
0.27142105;-0.47955725;-0.6778205
0.12104309;0.1538542;-0.7321002
0.095271975;0.61058336;-0.8630239
0.15434258;0.6634667;-1.1556535
0.16956781;0.44952336;-1.4626331
0.16846675;0.072118685;-1.6929337
0.1113359;-0.41105506;-1.6355969
-0.010150029;-0.9225941;-1.3084775
-0.058120023;-1.3068253;-1.0850633
0.01834773;-1.5829601;-0.87000376
0.055303186;-1.6538682;-0.661628
0.007523798;-1.4730945;-0.58633363
-0.11038721;-1.1597257;-0.6800044
-0.09612227;-0.9340305;-0.7010348
-0.029241566;-0.8597244;-0.60457784
-0.04995575;-0.76277953;-0.570381
-0.07824585;-0.6352236;-0.59614855
-0.20634668;-0.5394289;-0.5402001
-0.2971086;-0.29404312;-0.39153507
-0.22831188;0.07101551;-0.16400932
0.018912999;0.4443124;0.40121442
0.35028666;0.7804499;0.81687
0.79819804;1.14936;0.5462694
1.436996;1.356988;0.23974991
1.7683468;1.3480904;-0.1914032
1.5959274;1.5097222;-0.6468726
1.323617;1.7390279;-0.5229668
1.3651435;1.5162222;-0.07384219
1.7827399;0.7817278;0.56905127
2.6324418;-0.6621178;1.5349284
2.7778285;-2.3046942;1.734974
1.9285128;-2.8687553;1.815323
0.39906025;-2.1950042;1.9577272
-1.1995018;-0.29350343;1.9911817
-2.058039;2.6776972;3.1788828
-1.8370562;5.2077827;4.443106
-1.3555825;5.664664;5.04511
-0.84540343;4.5145435;4.604838
-0.61382276;3.3256972;3.7088704
-1.3691832;3.1574328;2.7045963
-2.3144872;4.1472354;2.094927
-3.513699;5.871499;2.3321917
-3.5843968;7.8581367;2.7595034
-2.2206423;8.5990095;2.6263525
-0.9626468;7.2292075;2.307332
-0.45415062;4.564616;1.7396157
-0.14706072;2.3891928;1.2729425
0.30930454;1.0426043;0.96835405
0.62283427;0.09345843;0.5371832
0.6857674;-0.8017958;0.060996592
0.63845766;-1.4179991;-0.5324527
0.77092236;-1.8929931;-1.1697122
0.8183004;-2.4374413;-1.8982698
0.8077653;-2.8364766;-2.677991
0.91027474;-2.9682047;-3.1205177
1.0594698;-3.0948763;-2.974539
1.0585134;-3.2274635;-2.5515063
0.84993565;-3.1710334;-2.159955
0.70182353;-2.707139;-1.943589
0.76770884;-1.9547738;-1.7236212
0.82041705;-1.310694;-1.488272
0.8438336;-0.8876177;-1.6124926
1.1219419;-0.59290665;-1.583744
1.4506786;-0.60088784;-1.1935577
1.3730428;-0.77758527;-0.9064087
0.98280925;-1.0455058;-0.65793943
0.43937242;-1.0020295;-0.5060391
0.27649793;-0.30631116;-0.25483125
0.40557334;0.34088856;-0.024177505
0.7057087;0.50864834;-0.025592003
1.1301919;0.6194187;-0.2657861
1.7822785;0.8681912;-0.72356635
2.6664479;0.87658423;-0.7210406
2.5519083;0.5129861;0.42941752
0.64152664;0.070545144;1.1435341
-1.1617787;-0.12950139;1.0835772
-1.5106729;0.1495239;0.9231118
-0.9210384;0.6782129;0.5197394
-0.13370569;1.2507734;-0.20608346
0.52428544;1.4984947;-0.96017927
0.99755335;1.300285;-1.163456
1.2355427;0.94066745;-0.60263973
1.3009342;0.39452615;0.40226322
1.2344973;-0.5539103;1.1468105
1.0625979;-1.5540657;0.97682345
0.7563283;-2.432315;1.0627087
0.33631262;-2.511477;1.150167
0.031550102;-1.6560566;0.8263836
-0.04975992;-0.58109534;0.7142319
-0.13980794;0.33356124;0.33388552
-0.5649713;0.710599;0.12023341
-1.255102;0.40441668;0.68368673
-1.6384567;-0.43896666;1.3094494
-1.2201403;-1.6042984;1.0131845
-0.097987264;-2.5396886;0.1292976
1.0622352;-2.275501;-0.7996869
1.3810382;-1.5016507;-1.803812
1.0735805;-0.9794456;-1.7492996
0.6526144;-1.0304315;-2.1025648
0.32209152;-1.3212202;-2.457833
0.17642322;-1.0226011;-2.3357975
0.07238858;0.025669087;-2.1381693
0.014160865;1.3642852;-1.5324105
-0.16992131;2.2054908;-0.9618659
-0.40156204;2.2690802;-0.81324273
-0.53374964;1.8730766;-0.91114104
-0.37387472;1.2531488;-0.6753972
0.12902524;0.583769;-0.44891152
0.65009516;-0.067359805;-0.40678546
0.6513261;-0.8288878;-0.21214713
0.22731093;-1.1506103;0.12481355
0.0068487353;-1.0111132;0.34360084
0.067978986;-1.0901406;0.025661923
0.3668832;-1.4377375;-0.56345487
0.59975654;-1.62519;-1.0596505
0.54855525;-0.922027;-1.8087556
0.4200942;0.7498784;-2.295442
0.32982534;2.4358401;-1.7926036
-0.048639715;3.171719;-2.1965828
-0.38891178;2.0549533;-2.3275788
-0.5548794;-0.1607248;-1.849563
-0.56577855;-2.1285799;-1.5421504
-0.5557478;-3.387239;-0.88684535
-0.9508483;-3.5535412;2.1094203
-1.4138036;-1.9365829;7.667077
0.0033321122;-4.0867662;11.258661
1.7901657;-7.856913;7.9131794
0.43838257;-4.4480305;2.5211685
-2.702419;5.1603255;1.2138098
-2.2463102;10.565761;0.54604787
0.40295187;7.7494836;-1.5475367
1.5723615;3.3794696;-3.0911543
1.1203892;0.41588032;-2.7072985
0.46506137;-1.1469833;-2.5408387
-0.16545092;-1.5644616;-1.9904835
-0.08861073;-1.5953193;0.046675667
0.09786142;-1.2262554;1.1373405
-0.34046087;-0.58725435;1.5129974
-0.69424367;0.25207153;1.5822729
-0.63664496;1.1125947;1.0470684
-0.54056597;1.1869508;-0.26390782
-0.5668278;1.1011231;-1.5564388
-0.40346223;1.298086;-1.7474947
0.26473022;1.3931563;-0.8706521
0.6367842;1.0285876;-0.38714665
0.39692736;0.077557534;0.5215327
0.33941686;-0.20045398;1.1953511
0.4746585;0.4818243;1.962531
0.0953518;0.35889697;2.5950248
-0.00496856;-0.050382435;2.5760198
-0.019599847;0.69719404;2.4858158
-0.30942988;1.855802;2.2324026
-0.7444189;1.5955791;1.4984221
-0.96428514;0.66982275;0.8174877
-0.9589281;0.10304569;0.48836517
-0.71401745;0.1800928;0.9188171
-0.30871397;0.008136737;1.3538038
-0.20322119;-0.3700531;1.520543
-0.21570195;-0.3960425;1.6914344
-0.16318657;-0.216834;1.6656475
-0.19617425;-0.19690469;1.695018
-0.3381894;-0.020023754;1.6122644
-0.47055152;1.0945278;0.9710615
-0.3608162;2.079919;0.33309922
-0.19177797;2.185029;-0.28352064
-0.47842237;1.3515389;-0.49556652
-0.8171129;0.07576237;-0.3839532
-0.78181535;-0.23978074;-0.35716256
-0.40670225;0.41117835;-0.32323006
0.043388195;0.9665648;-1.0210841
0.30658555;0.9607518;-1.8043672
0.08276845;0.17504676;-2.143494
-0.43066025;-0.08961348;-2.02417
-0.7382782;0.2001476;-1.453711
-0.6468726;0.5735946;-1.1254689
-0.37062305;0.7748913;-0.74100006
-0.29024842;0.6527256;-0.41155005
-0.22594875;-0.062194545;-0.23549004
-0.183884;-1.0165526;-0.32276702
-0.1252322;-1.4394139;-0.51133865
0.0060642404;-1.5726248;-0.5746959
0.017351393;-1.9745061;-0.7535067
0.10450611;-2.1405425;-0.7434304
0.13047989;-2.393684;-0.6291193
0.051258914;-2.8899472;-1.0064205
0.28788212;-3.0244577;-1.2863864
0.6021807;-2.7320662;-1.394734
0.7442446;-2.166903;-1.3579748
0.5610207;-1.8553973;-1.4988798
0.25819153;-2.006193;-1.9326977
0.3221782;-2.8705792;-2.652994
0.6764926;-4.1152134;-3.4663405
1.2599441;-5.4171705;-3.6824474
1.2954552;-6.8274865;-3.6818955
0.8301142;-7.511989;-3.5955164
0.32971635;-6.4970913;-3.7951632
0.33252308;-4.660173;-3.7517555
0.69101846;-2.4656384;-2.5482793
0.82468975;0.01498919;-1.1229985
0.6253768;1.0682414;-0.2624613
0.30342644;0.46709308;0.17753096
-0.15100883;0.5861745;0.32327476
-0.6458071;2.1564395;0.5023698
-0.93852067;3.8314016;0.91439587
-1.0945665;4.7901216;1.4291729
-1.1069032;5.1477222;1.7691196
-1.0948976;5.140053;1.8309207
-1.297793;4.938605;1.7709866
-1.4554219;4.674321;1.8917892
-1.475275;4.2488317;2.149369
-1.2911576;3.6521904;2.544495
-0.85636353;3.2069087;3.1590335
-0.48977834;3.0428708;3.792852
-0.34494767;2.977656;4.2436566
-0.32127064;3.048531;4.59805
-0.24920401;3.162653;4.8846903
-0.1259257;3.0371535;4.614002
-0.04761556;2.8015978;4.216202
-0.01934245;2.8959658;3.9292114
-0.18578646;2.97146;3.5371192
-0.37987918;2.886543;3.1109452
-0.44296584;3.1279845;2.6762562
-0.14812267;2.8117626;2.228505
0.14243937;1.896285;1.351554
0.24988899;0.72015303;0.41249317
0.2249112;-0.13950256;-0.48875546
0.21117896;-0.32566455;-1.0785043
0.25956815;-0.013656634;-1.3690535
0.29202953;0.20001219;-1.4827428
0.2617486;0.031884756;-1.6861942
0.1937739;-0.5838672;-1.9239554
0.13314413;-1.4170938;-2.4360392
0.2065153;-1.8375813;-2.7644565
0.41208723;-1.8380338;-2.6990652
0.54529476;-1.7805833;-2.6436272
0.5549858;-1.7460487;-2.7586517
0.57523865;-1.9291631;-2.7959838
0.56644094;-2.3784866;-2.7789745
0.46877775;-2.9473207;-2.8802109
0.2625222;-3.8234816;-2.8463562
0.17251776;-5.0337853;-2.8626318
0.2661392;-6.7020283;-3.1631525
0.54103637;-8.155373;-3.196928
0.8234541;-7.930548;-3.0551987
1.0462632;-6.0194383;-3.0863466
1.2432606;-4.1780505;-2.8112648
1.2539835;-3.0674405;-2.3568242
0.9969368;-2.6539524;-1.9338969
0.62879944;-2.679412;-1.389305
0.23116454;-2.2560296;-0.695819
-0.15256836;-0.6735737;0.10584478
-0.09705469;1.686141;0.40264457
0.19423124;3.505163;0.56586564
0.492885;4.1135054;0.91558313
0.547433;3.6814291;1.2935994
0.3316964;2.8357685;1.7374185
-0.08464288;2.0217397;2.390716
-0.5489643;1.7861418;2.9016354
-1.0016714;2.1976633;3.0884957
-1.2169621;2.7956307;2.9832966
-1.0048198;3.2036922;3.0522623
-0.7007308;3.1988912;2.9449348
-0.53870964;2.8638005;2.434073
-0.4434677;2.4152591;1.8628833
-0.43289915;1.8173635;1.1746817
-0.43069434;1.1648283;0.5022453
-0.27268046;0.81936264;-0.0075787506
0.12248063;0.78517765;-0.224813
0.5292345;0.4718921;0.082649596
0.5202626;-0.3521738;0.5098697
-0.027539916;-1.350489;0.37664574
-0.40953192;-1.8835162;-0.036183406
-0.36200055;-1.903688;-0.44144672
-0.05522544;-1.5229504;-1.0234699
0.35581964;-0.9808603;-1.3515884
0.4377807;-0.52218825;-0.91095823
-0.15290043;0.1478744;-0.59595406
-0.35669535;0.25267452;-0.8298883
-0.15723127;-1.1353604;-0.4404731
-0.016410017;-2.7114134;-0.089878485
0.10874698;-3.1816306;0.8171597
-0.46612743;-2.9453046;1.9881028
-0.37290192;-2.3562436;1.5904822
-1.7826965;-2.059995;0.9005108
-1.2933447;-1.210496;0.7172836
1.4856367;0.95972824;0.3894519
2.9416344;2.8021576;-0.5884385
1.9533075;2.060476;-0.17075078
-0.068604;0.6983809;0.39464936
-1.3892581;0.2555797;0.7907195
-1.6176566;-0.41741124;0.5763256
-0.6878753;-0.858929;0.11731048
0.3903248;-0.7308932;-0.24052662
0.89350986;-0.32846457;-0.5830463
0.75543284;0.24660335;-0.535187
0.2730963;0.7441577;-0.28127462
-0.103397965;1.0640762;-0.1250197
-0.14834337;1.1481359;-0.06564076
7.5304444E-5;1.0310087;0.02248739
0.14068525;0.931057;-0.2351351
0.18754819;0.6792206;-0.30685806
0.21878855;0.39025146;-0.095486455
0.25003085;0.38407618;-0.33263916
0.16252467;0.32601094;-0.14423633
0.05189474;0.35768375;-0.15913907
0.010265793;0.398647;-0.08356125
-0.019912366;0.4376676;0.048775997
-0.115929894;0.4313841;0.014020799
-0.07711891;0.49510726;-0.020033361
0.12580487;0.6335858;-0.006651689
0.1662689;0.70374364;9.286488E-4
0.033015117;0.6004949;0.025742918
-0.057962906;0.32414594;0.07059433
-0.058870327;0.0030667488;0.015850468
0.04040374;-0.3069216;-0.024819626
0.08232299;-0.66428727;0.0488943
0.028358392;-0.9939298;0.23286544
-0.080438286;-1.1420189;0.41129234
-0.11747563;-0.99486506;0.5134089
-0.022105502;-0.68339205;0.5076021
-0.023934402;-0.35608867;0.4810817
-0.15664752;-0.072370924;0.32861534
-0.24094301;0.13897826;0.15976728
-0.17400442;0.3330576;-0.047186177
-0.09545353;0.5226961;-0.38149893
-0.041987825;0.6712819;-0.66144913
-0.01171526;0.7370255;-0.88228434
-0.031247208;0.7177454;-1.1527025
-0.028122766;0.6491963;-1.206537
0.090001784;0.56935704;-1.1214796
0.45325142;0.36173564;-0.80499613
0.80010116;-0.2574865;-0.48149693
0.6963309;-1.0716141;-0.31019753
0.21331473;-1.5072913;-0.22472054
-0.3449732;-1.433958;-0.20165142
-0.6853536;-1.0815414;-0.29257113
-0.79515785;-0.7058582;-0.5699944
-0.7517513;-0.43968654;-0.74193305
-0.71390104;-0.42987424;-0.6857339
-0.7117458;-0.71889937;-0.5892121
-0.6943967;-1.1657445;-0.3354322
-0.65551734;-1.5950956;0.22852923
-0.68691385;-1.6823264;0.6843859
-0.6057811;-1.3771112;0.8396962
-0.27837488;-0.98918897;0.937382
0.1741751;-0.68510115;0.8436556
0.45184007;-0.44808093;0.7499245
0.29584706;-0.20221475;0.52493954
-0.060197346;-0.08677179;0.076201655
-0.37003288;-0.25066742;-0.18747617
-0.7944638;-0.70678395;-0.048418444
-1.0996336;-1.0779271;-0.09654725
-0.9172068;-0.48109174;0.007137197
-0.66189045;0.76512665;0.44789726
-0.72326237;2.3496013;0.48956782
-0.5692349;3.270306;0.6197792
-0.5366379;2.9631197;0.9708234
-1.0480603;1.8673708;0.5891587
-1.2892295;0.6438967;0.24632697
-0.9720086;0.030742353;1.1564366
-0.49713814;0.6652189;1.4126493
0.06322699;1.8728001;1.2551194
0.57089406;2.85449;1.0978456
0.8582778;3.014842;1.3532764
0.6944347;2.418905;1.2576212
0.5508603;1.1359051;1.0029719
0.49693823;-0.35221335;0.87425256
0.5506756;-0.9692707;0.78065205
0.44679046;-0.41604155;0.7182716
0.21368237;0.54372925;0.5996173
-0.085304104;1.1256084;0.39219382
-0.3885558;1.3332993;0.22625507
-0.60928214;1.2869519;-0.13462095
-0.6202382;1.3795615;-0.53894675
-0.34931555;1.2778679;-0.6530324
-0.01695245;1.1722944;-0.6505509
0.12550054;0.983148;-0.46731573
0.042587932;0.5552684;-0.2582276
-0.32686716;-0.09953529;-0.41908208
-0.76930624;-0.6679095;-0.89776564
-0.84357;-1.2030776;-0.6307125
-0.71469975;-1.7796496;0.054804977
-0.5701973;-2.0924697;0.23446898
-0.49443907;-2.6771007;0.20945019
-0.6119575;-3.3604305;-0.28556484
-0.95128477;-3.4133444;-0.8753269
-1.2204028;-3.3556755;-1.5658865
-1.4069619;-3.9970405;-1.8948967
-1.4779377;-4.8476324;-1.4081049
-1.4942642;-4.9343557;-0.67648387
-1.4903332;-4.3787346;-0.38181213
-1.4297665;-3.2529879;-0.3898247
-1.149282;-1.9023902;-0.46498474
-0.6897381;-0.9344122;-0.2907378
-0.113509245;-0.19127974;-0.14196524
0.6348762;0.40947622;-0.004197193
1.3040924;1.0463309;-0.26585776
1.6315552;1.6870648;-0.7204987
1.7146192;1.9309018;-0.64827394
1.6685703;1.8759714;-0.28893167
1.4957937;1.9757771;0.13447966
1.227885;2.1587467;0.39820874
0.9432455;2.2582474;0.49981698
0.6264714;2.4722228;0.2842286
0.4183646;2.5777783;-0.019492129
0.47687918;2.2434726;-0.2655937
0.64556587;2.0541532;-0.8577875
0.7758277;2.4714475;-0.5346675
0.6659746;2.2318456;0.578516
0.7077797;1.2807889;1.4596878
0.9584113;0.6683811;1.8583753
1.0979791;0.6690799;2.0804503
0.92838323;1.2024515;1.7174852
0.8614566;1.6853986;1.5677382
0.58604026;1.1420689;1.5916905
0.1657072;-0.23634487;1.5483524
-0.0018092352;-1.157826;1.4136819
0.15792762;-1.1887608;1.5934455
0.25759208;-1.2603836;1.7747564
0.13732368;-1.7426819;1.9635551
-0.19014107;-2.2066455;2.0083442
-0.40055034;-2.2528164;1.9816753
-0.3657528;-1.814753;1.8478402
-0.16447723;-1.2705525;1.4345222
-0.009706779;-0.985192;0.98511773
0.010984576;-0.7444036;0.4505942
-0.016212339;-0.35802287;0.06047536
-0.10046987;0.0260817;-0.25161973
-0.096000895;0.31149036;-0.44504577
0.023199283;0.6804423;-0.49978662
0.12480943;1.0756038;-0.4248293
-1.5245916E-4;1.1604831;-0.36486343
-0.22199696;1.2002615;-0.43564075
-0.32916006;1.2852092;-0.5110126
-0.31801555;1.0875423;-0.7088101
-0.23722495;0.80753386;-0.77954805
-0.15852995;1.0304021;-0.6923885
-0.13151146;1.2399467;-0.51641077
-0.21458417;1.0482073;-0.3693786
-0.47010484;0.6323159;-0.3392529
-0.68077135;0.3308527;-0.22765231
-0.8430546;0.44280717;-0.27587184
-0.8791312;0.9808082;-0.46444747
-0.65174246;1.3799591;-0.76530796
-0.39014396;1.4430298;-0.9497464
-0.31367767;1.4028614;-0.83167213
-0.32906714;1.3261952;-0.4872127
-0.3976287;1.2140813;-0.25852016
-0.44622797;0.93454623;-0.32244113
-0.5351074;0.6499807;-0.5110779
-0.5312109;0.69810957;-0.7151123
-0.34606248;0.92645645;-0.85646486
-0.2846625;1.0169464;-1.0257969
-0.41366747;0.92644775;-1.0112625
-0.65046525;0.71811134;-0.955885
-0.83834094;0.4920672;-0.852208
-0.95036024;0.41279438;-0.8411414
-1.0264258;0.6003527;-0.9322881
-1.1007061;0.7120204;-0.8895805
-1.2118149;0.28612024;-0.5835394
-1.4503113;-0.25118193;-0.05745652
-1.6829053;-0.63375807;0.6102848
-1.8150742;-0.90700644;0.97572786
-1.8051844;-1.1302927;1.1712073
-1.855085;-1.2182966;1.4088408
-1.8825055;-1.0886998;1.6520727
-1.7091295;-0.8990848;1.7279081
-1.4704285;-0.6739554;1.5448265
-1.1700928;-0.3985393;1.4296112
-0.88919926;-0.20789394;1.374939
-0.7457344;-0.29756516;1.2874511
-0.6715875;-0.45523962;1.2237109
-0.50602;-0.4954417;1.0289687
-0.257941;-0.44322836;0.666925
-0.043852814;-0.3202077;0.37104
0.20554274;-0.14679115;0.19058199
0.3550592;0.052879583;0.008715598
0.30904737;0.25011617;-0.04927752
0.20973788;0.31415543;-0.06442202
0.13810281;0.31694934;-0.10778762
0.13235725;0.42855948;-0.1674801
0.15744829;0.5131601;-0.20898408
0.11345864;0.36521557;-0.31093726
0.1376419;0.23592246;-0.3362498
0.23511353;0.22467546;-0.27524984
0.31934083;0.09380287;-0.12644988
0.21172266;-0.1015202;-0.0511599
0.13656563;-0.15152866;-0.11592792
0.07644;-0.12903543;-0.16774234
0.009589501;-0.29541585;0.015806131
-0.1188909;-0.33945766;0.1126449
-0.121675216;-0.09656614;0.22136593
-0.044215176;0.06180959;0.15834273
0.072440356;0.06663517;-0.010825809
0.2282648;0.08143313;-0.102410644
0.35761184;-0.008290991;-0.2506785
0.45952696;-0.103507794;-0.36929283
0.5488716;-0.16718124;-0.35168424
0.64065975;-0.252495;-0.3625974
0.6265903;-0.29887098;-0.4275779
0.619241;-0.1344093;-0.5045623
0.7250803;0.14247257;-0.5348999
0.91131425;0.34210306;-0.5841699
1.0606921;0.43930745;-0.6610859
1.1528505;0.43738344;-0.6351187
1.20563;0.40459427;-0.608095
1.1981466;0.2721129;-0.63335097
1.1634;0.13644032;-0.6504308
1.1643138;0.077902265;-0.58909464
1.2455136;0.01075931;-0.5525257
1.4175045;0.10235745;-0.5451456
1.5550975;0.22251096;-0.49861646
1.6175154;0.20457126;-0.43014315
1.5830748;0.10896952;-0.31286454
1.4414599;-0.08001189;-0.17841662
1.2828554;-0.162447;-0.083358295
1.2856593;-0.05495761;0.002063361
1.3472774;0.037283912;0.19852568
1.387197;-0.07173537;0.38694555
1.3472576;-0.24488829;0.61580646
1.302806;-0.31934813;0.84264517
1.2766198;-0.357041;1.2178661
1.2400459;-0.3778203;1.4992929
1.1139117;-0.26163125;1.5806843
0.8317544;-0.12805499;1.6457975
0.5716535;-0.058693998;1.597888
0.4291978;-0.0719552;1.4533104
0.35585824;-0.17631416;1.2688982
0.26593658;-0.5144888;1.0713687
0.07837427;-0.96627855;0.8570949
-0.17480059;-1.3605229;0.7169259
-0.40546545;-1.4946682;0.54229075
-0.6149974;-1.1738596;0.34633258
-0.8201229;-0.5203377;0.002066075
-0.91547334;0.002479841;-0.45459715
-0.96362865;0.24260888;-0.8761777
-0.96621543;0.3315871;-1.1446922
-0.95265985;0.39808217;-1.1032537
-0.96212786;0.43877825;-1.057603
-0.9322023;0.3885226;-1.1148324
-0.97388685;0.15769307;-1.141866
-1.0259845;0.012091961;-1.1072427
-1.0121938;0.06279857;-1.0576692
-0.9706926;0.20180136;-1.0836353
-0.9234291;0.23956609;-1.0637833
-0.9324932;0.21196537;-1.0572766
-0.9604477;0.2726973;-1.0270714
-0.9769519;0.43065783;-0.92790705
-0.92531157;0.5210888;-0.83295065
-0.8645656;0.5028085;-0.7788605
-0.8601584;0.5366218;-0.7230884
-0.8527263;0.59335995;-0.5940957
-0.87554044;0.67937547;-0.54715157
-0.84808856;0.87631285;-0.49084628
-0.7972209;1.119019;-0.467677
-0.6799642;1.3124027;-0.3991416
-0.67014325;1.1895707;-0.20681329
-0.83064586;0.6893518;0.26579937
-1.0731105;0.4444502;0.6313895
-1.1600509;0.54696643;0.7894866
-1.1124157;0.40866688;0.9722143
-1.0680575;0.087871;1.0777714
-1.051321;-0.24220319;1.1122172
-1.0457443;-0.60313755;1.1772738
-1.066283;-0.9098538;1.210569
-1.0030264;-0.94507056;1.1247052
-0.8305461;-0.69980645;1.0247642
-0.52068686;-0.42703265;0.9385613
-0.2321745;-0.2728761;0.863349
-0.1576146;-0.1917384;0.7906792
-0.26827917;-0.17214072;0.7075434
-0.34431085;-0.17208757;0.5472847
-0.18482368;-0.15485756;0.37532777
0.04589106;-0.15357354;0.25026223
0.15390036;-0.17754634;0.20645978
0.24030778;-0.14672457;0.15266782
0.29537123;-0.036129653;0.13463426
0.35348448;-0.16640373;0.12645741
0.33278757;-0.35968548;0.119915925
0.33029255;-0.30649838;0.09593274
0.37829655;-0.08269871;0.05799619
0.42763725;0.113528535;0.046396952
0.40773478;0.19707283;0.024617562
0.29806283;0.21390826;-0.02405595
0.18220027;0.3055016;-0.04424476
0.16919771;0.4069013;-0.09789581
0.24004567;0.48645854;-0.15331665
0.26391155;0.48916683;-0.20390332
0.24394172;0.40227097;-0.25687265
0.23968463;0.3147855;-0.27424812
0.2651852;0.23620342;-0.3193985
0.21761692;0.24833773;-0.3492688
0.15299979;0.29476392;-0.36066505
0.14896232;0.30612364;-0.36978203
0.18088861;0.21833642;-0.37082562
0.19627339;0.115294136;-0.3216605
0.16639371;-0.013233442;-0.2698284
0.115927465;-0.062149253;-0.17836273
0.06617948;-0.12862565;-0.10519017
0.00684983;-0.13102552;-0.05290214
-0.038270134;-0.08763292;0.0076782876
-0.08686611;-0.0037000843;0.06239263
-0.103086635;-0.041241318;0.1249141
-0.11371931;-0.0712743;0.18118128
-0.087850444;-0.007019443;0.19494502
-0.07496786;0.023290696;0.21220602
-0.113099284;0.0030075563;0.20101482
-0.20922942;0.121156044;-0.014188146
-0.18300854;0.30786234;-0.27385053
-0.11984433;0.3001961;-0.43783042
-0.094312966;0.038594395;-0.42526433
-0.16920038;-0.25428075;-0.20896147
-0.2447353;-0.22295584;-0.067169175
-0.20047574;-0.05570842;-0.059985336
-0.09319309;-0.053941734;-0.01673827
-0.065179475;-0.16971588;0.055359382
-0.04901858;-0.19671021;0.056787506
-0.051714864;0.0074755815;-0.054569993
-0.01637189;0.19348046;-0.099906
0.029089987;0.03212812;-0.023674795
0.00764699;-0.16961001;0.07481016
-1.3240785E-4;-0.151313;0.12234813
-0.007918426;-0.03276915;0.1416285
-0.06570974;0.008159678;0.1258028
-0.1135053;0.06824649;0.081892245
-0.11580423;0.1905347;0.0030137943
-0.15514338;0.22899026;0.033661034
-0.2366147;0.14647345;0.14567883
-0.28772926;0.0062412634;0.21029307
-0.3192459;-0.04891324;-0.02551555
-0.46945924;-0.2453806;0.30458757
-0.7677549;-0.41192946;0.36242005
-0.6704539;-0.41704357;0.42118603
-0.39105064;-0.6758224;0.7431988
-0.220653;-1.0062829;0.49455908
-0.2796474;-0.5534638;-0.14810275
-0.29090542;-0.12870856;-0.7934822
-0.19366184;-0.065466836;-1.0472858
-0.14399196;-0.39612347;-0.5315786
0.051993925;-0.68408626;-0.16276288
0.50253266;-0.572269;-0.2614603
0.9035886;-0.15000272;-0.27791825
0.8947459;0.59562284;-0.8660846
0.8064217;0.87493575;-0.60536766
0.26857486;-0.2703639;0.07820586
-0.73201513;-0.8975411;0.5375647
-1.1777996;0.04446711;0.72380173
-0.66723967;0.88947994;0.8540414
0.027145766;0.66627145;0.52698314
0.28734162;0.00879841;-0.1346635
0.3783108;-0.32421127;-0.5514808
0.5760861;-0.17030652;-0.56618464
0.76711893;0.048129786;-0.5279477
0.85822636;0.39475384;-0.67235816
0.99673736;0.5603343;-0.78476155
1.0411398;0.31232995;-0.93093425
1.0047868;0.21002021;-1.0978724
1.1255093;0.23051617;-1.1845479
1.4404464;0.048475433;-1.2632633
1.6750134;-0.20340715;-1.3606106
1.7993857;-0.5002257;-1.0666136
1.9801335;-1.4345555;-0.47204083
1.7278569;-2.5757694;-1.0932577
1.105723;-3.2387407;-1.1371062
0.38692215;-2.9253674;-0.4753099
-0.21702479;-1.7371689;-0.31149793
-0.07596358;-0.5241102;-0.25857332
0.6915729;0.29633686;-0.28810868
1.4384146;0.5370695;-0.114861935
1.6585442;0.58903056;0.48311046
1.1268353;0.6243495;0.51773834
0.47021824;0.3026046;0.8954407
-0.1972629;-0.32041633;1.1288526
-0.78046656;-0.57195807;1.3687071
-1.1146076;-0.22006646;1.7574656
-1.2554556;0.27707183;2.1184726
-1.1479436;0.9810325;2.232278
-0.88198406;1.3301384;2.2483225
-0.7572657;1.2812983;2.0674078
-0.829836;1.1000386;1.7726763
-0.8937516;0.5847184;1.4993911
-0.8372669;-0.24316278;1.1120129
-0.7448135;-0.8601552;0.43961027
-0.5860852;-1.4224992;0.0016882282
-0.34269628;-1.7442493;-0.24864942
-0.1972039;-1.7172744;-0.73016953
-0.115966246;-1.2581946;-1.0528857
0.10839888;-0.94093066;-1.2048085
0.39687535;-1.0246196;-1.5075969
0.47062528;-1.2384456;-1.5873275
0.21382932;-1.1688815;-1.585487
-0.15259376;-0.6976052;-1.3746395
-0.3919969;-0.11745916;-0.76846164
-0.68117565;0.74665767;-0.16789432
-0.90509677;1.5442011;0.15318455
-0.8772024;2.1447358;0.71004766
-0.8220744;2.4798512;1.3180381
-0.96547204;2.4791934;1.4106805
-1.0895652;2.224761;1.2722944
-1.0966522;1.6532463;1.1553355
-1.1445092;1.4991596;0.9680184
-1.2202948;2.177648;0.98691475
-1.1137359;3.4270792;1.1270318
-0.8472387;4.546351;1.2703754
-0.34029096;5.0589557;1.2663003
0.11682973;4.928415;1.0880402
0.18565129;3.9271066;0.80168223
-0.21241647;2.5041854;0.58509576
-0.33712068;1.3377233;0.31182662
-0.29782155;0.62017864;0.030711295
-0.26794472;0.013330398;0.13081904
-0.15185578;-0.5221482;0.18590523
-0.08085963;-1.2395935;0.042474184
-0.044375204;-1.7901124;-0.34102064
0.13637483;-2.0426366;-0.86656654
0.46222487;-2.2239532;-0.9682532
0.6541549;-2.8092406;-0.67460257
0.37488642;-3.4778612;-0.7709321
0.037409134;-3.657289;-1.1542456
-0.085697696;-3.3539562;-1.4171466
0.078316845;-2.670665;-1.5524672
0.39077848;-1.870907;-1.6075988
0.6126228;-1.1623505;-1.4642041
0.71978575;-0.57675546;-1.5151132
0.7445786;-0.5082794;-1.0214655
0.4667566;-0.9097485;-0.63592243
-0.15706345;-1.0277988;-0.87748796
-0.41783828;-1.0378641;-0.77699035
-0.5186456;-1.3365412;-0.8122173
-0.3961665;-1.597358;-0.54039884
-0.33880818;-1.8060114;-0.57294405
-0.42729655;-1.5979341;-0.80523026
-0.37933725;-1.0439723;-0.8816842
-0.0628448;-0.5508028;-1.0365974
0.30441165;-0.39376727;-0.9855279
0.48259184;-0.2931388;-0.9759223
0.5298235;-0.05638605;-0.7682378
0.6285463;-0.11385884;-0.18334028
0.65049326;-0.75046206;-0.012297224
0.4438321;-1.0222447;-0.24421278
0.3628782;-0.6646707;-0.19224523
0.4895213;-0.05048658;-0.0100461785
0.7111483;0.44711074;0.31071305
0.78337175;0.4701886;0.29232046
0.5329474;0.47615087;0.096356355
0.15487355;0.7059207;0.09583508
0.02389884;0.55223656;0.24854307
0.11130657;0.0011642458;0.26758444
0.18279526;-0.6646936;0.21094257
0.06342371;-0.9598799;0.37500405
-0.20707354;-0.78665394;0.62187827
-0.43206507;-0.6418231;0.6631276
-0.5198708;-0.5665835;0.46800208
-0.49402165;-0.3751418;0.17440166
-0.3592798;-0.10323844;-0.013603672
-0.11554886;0.24553424;-0.17025794
0.12006091;0.51517737;-0.17995635
0.30698624;0.7027669;-0.17521508
0.56551087;0.23096353;0.5285779
-0.057356935;-1.1464791;2.4916124
-1.5654168;-1.7578083;2.93079
-1.810146;-1.0374967;1.5071319
-0.87624174;-0.13624734;0.061955523
0.2521316;0.61287713;-0.6285606
1.0337366;1.3559268;-0.6715985
1.1640986;1.7347413;-0.39352876
0.7722945;1.490918;-0.105448015
0.12799186;1.1489844;0.07189158
-0.43041903;0.9598126;0.08876327
-0.7193352;0.92410004;0.07101061
-0.5598432;0.94240505;0.088058494
-0.16037454;0.882049;0.1391968
0.2865441;0.6962642;0.21135743
0.6854853;0.34138638;0.27533594
0.7608882;0.010609109;0.11401876
0.4305856;-0.2352627;-0.227535
0.024155973;-0.45071018;-0.357028
-0.19083147;-0.57619315;-0.2856224
-0.14563392;-0.4890795;-0.25349793
-0.08135089;-0.4318886;-0.27154833
0.089606784;-0.3298859;-0.23286366
0.32090417;0.03921629;-0.16441594
0.17391084;0.12824804;0.043467253
0.14694117;-0.44427657;-0.2371012
0.21911544;-0.74917126;-0.16155596
0.25810486;-0.186837;0.15200524
0.20648389;0.5380304;0.24035418
0.072999604;0.7554243;0.16728336
-0.19863157;0.46371445;-0.03492332
-0.39796776;0.09909656;-0.084188655
-0.36524922;-0.12072275;-0.114225924
-0.1820431;-0.19345321;-0.12575574
0.01530301;-0.21413755;-0.11310459
0.09817991;-0.22131005;-0.09985867
0.074637674;-0.22392304;-0.07363694
0.05189764;-0.25413844;-0.09953455
0.068861865;-0.18456075;-0.09212764
0.09493324;-0.053898595;-0.033077113
0.12047784;0.11938112;0.03291331
0.15575728;0.2361299;0.08883065
0.17773081;0.27640393;0.15231451
0.15390341;0.26174814;0.15935162
0.10593522;0.1843985;0.10873129
0.01756068;0.08189381;0.036985032
0.014048544;0.06551505;0.029588027
-0.055948664;0.018037036;-0.013829579
-0.025227683;0.008179629;0.007686337
0.018099105;-0.065331295;0.01239907
0.041041784;-0.13664004;-0.015080744
0.035177175;-0.14993703;-0.055814594
-0.0046707587;-0.16057463;-0.050901677
-0.08420536;-0.1565847;-0.07509634
-0.11736429;-0.11901776;-0.06945207
-0.111078925;-0.05458921;-0.033686657
-0.1193319;7.863402E-5;-0.026949327
-0.076715514;0.053187907;-0.009059462
-0.04965366;0.08630033;-0.019747568
-0.04909793;0.09404026;-0.037673056
-0.07990334;0.07210721;0.013611556
-0.08892267;0.013935767;-0.032860756
-0.067231886;-0.060726386;-0.07941361
-0.07097301;-0.10483111;-0.069780886
-0.05834091;-0.09323989;-0.07457471
-0.056047726;-0.04334191;-0.044034764
-0.060463183;-0.025298528;-0.025852812
-0.057745546;-0.032738823;-0.04255725
-0.06729019;-0.023066059;-0.0090458
-0.05383215;2.971537E-4;-0.06348664
-0.04306572;0.025237722;-0.057039313
-0.028983826;-0.007934822;-0.03625645
-0.0099058105;-0.018847857;-0.01963016
0.0303566;-0.027578285;0.04679587
0.06256653;-0.0064376285;0.053061698
0.073490724;0.026099898;0.08619936
0.07363633;0.06775492;0.07208449
0.07297157;0.08232893;0.101417586
0.07712725;0.10336315;0.07488407
0.11560805;0.073315516;0.15990725
0.14561144;0.0024024143;0.2966758
0.21648915;-0.18870308;0.46234065
0.31694132;-0.39471245;0.42612252
0.37972492;-0.57826996;0.24089801
0.30182683;-0.703241;0.08646841
0.15318021;-0.70946777;0.41917473
0.36590353;-0.9488242;1.3040898
0.99916816;-1.4778094;1.2995218
-0.35672018;-0.1822475;-1.9322575
-3.1213136;1.694827;-0.658306
-3.6314259;1.988674;1.2889801
-2.0645158;1.8471893;1.2749342
-0.34536257;1.0902514;0.6699473
0.48152244;0.35501364;-0.43279216
0.48365545;-0.62536407;-0.12748373
0.06504936;-0.6440413;1.191763
-0.3417105;0.10976698;1.7534105
-0.32024342;-0.33718643;1.9839784
0.06255527;-0.03849913;2.5371826
0.4656692;0.8160757;1.6984961
