0.13809605;-2.1619394;-1.8553972
0.004226845;-2.8358016;-1.2952553
0.5377565;-2.0280163;-0.84245425
0.7145802;-0.944288;-0.7770884
0.90291417;0.0820696;-0.5591707
0.7942063;0.7453432;-0.43796158
0.34474006;0.79471207;-0.21911927
0.10391704;0.6310821;-0.097170405
0.017508633;0.5220532;-0.052736327
-0.026618093;0.39264256;0.17343594
-0.0025444743;0.30786404;0.26374876
0.01671442;0.18379124;0.279749
-0.06787846;-0.20140451;0.4425492
-0.21367776;-0.5470611;0.7134144
-0.38969222;-0.52202386;0.9582315
-0.47112876;-0.014494107;0.9447102
-0.380028;0.5649672;1.0901432
-0.18839741;0.7691613;1.3127395
-0.14134294;0.655954;1.1595666
-0.122449346;0.5216382;0.6057783
-0.11045948;0.32824808;-0.13725236
-0.116492584;-0.11708904;-0.7191769
-0.09319407;-0.58742124;-0.9315915
-0.012055252;-0.61056197;-0.9233982
0.093480796;-0.02594959;-0.9012186
0.22478464;0.37142783;-0.88972485
0.2860777;0.27995476;-0.7242799
0.41636217;0.03333881;-0.4825489
0.58933973;-0.042078953;-0.42041412
0.8027218;0.18664934;-0.3363313
0.48592743;0.49931946;-0.04719004
-0.26125807;0.46976808;-0.0033770325
-0.32463145;0.37893945;-0.018326625
0.14341985;-0.023410931;0.0509637
0.25848588;-0.81716627;-0.36860403
0.0786637;-1.241233;-0.5667582
-0.05269404;-0.8773614;-0.1815316
-0.19840524;0.16217338;0.27977473
-0.3243492;1.1125512;0.6613198
-0.29697934;1.290041;1.1103058
-0.19383349;0.951564;1.2382447
0.08555822;0.56203246;0.84684575
0.37157157;0.19806348;0.42747658
0.35350725;0.13032578;0.19198127
0.07968081;0.15113562;-0.008914987
-0.051880356;-0.019716501;-0.14463198
-0.03837928;-0.1642107;-0.15633059
0.013046573;-0.011056061;-0.27818948
0.03231226;0.17709266;-0.35067657
0.022724807;0.06823662;-0.27741626
0.024429845;-0.046973202;-0.240683
0.007043876;0.08898394;-0.33004642
0.002510101;0.25399965;-0.58278716
-0.01986692;0.12194972;-0.5193547
0.027856465;-0.16025272;-0.10923376
0.06291017;-0.35632718;0.12198799
0.0065781376;-0.45537424;0.2725904
-0.08848749;-0.4049244;0.4868223
-0.16766499;-0.325502;0.58320785
-0.209132;-0.2588391;0.36031628
-0.2204306;-0.3305088;0.09762803
-0.19821948;-0.45190704;0.09685242
-0.16795059;-0.40058812;0.19623193
-0.26561046;-0.147033;0.23511055
-0.35623837;0.3464361;0.09121344
-0.3256157;0.5240239;0.03859575
-0.05424256;0.1989066;-0.003498399
0.14410596;-0.19556221;-0.09654872
0.29028475;-0.39707476;0.107136026
0.2634778;-0.40984732;0.41383383
0.07953225;-0.54194033;0.84044206
-0.1707492;-0.5413648;0.98797864
-0.34597436;-0.24715433;1.1185079
-0.43615448;-0.007098462;1.5354314
-0.64579856;-0.17911626;1.7095951
-1.0666388;-0.887043;2.136426
-1.4158111;-1.3846344;1.8028909
-1.2951488;-1.6420826;0.5735627
-0.2986191;-1.707416;-0.73177487
0.11735472;-0.5346828;-1.7416699
0.5251338;0.86287874;-2.896461
1.379482;1.2668655;-3.1249812
1.5067106;1.858805;-3.0546725
1.2616185;2.4268878;-2.9046755
1.6717948;2.0219789;-2.065928
0.09993584;0.5785206;-0.16836731
-1.4919263;-0.66530854;0.84968114
-1.156041;-0.09630931;0.9641199
0.29391715;0.9588901;0.44004592
1.2507588;-0.07351296;0.6520367
0.653732;-0.46193537;0.4716294
-1.0270144;1.4781079;1.3929285
-1.6591115;3.1309237;1.3924679
-0.8366642;2.7367704;0.0045992527
0.4337936;1.607385;-0.5900706
0.4626599;0.25778303;-0.58455646
-0.07987209;-0.010179835;0.20110482
-0.004522668;1.5059186;0.88588387
-0.22861813;2.573485;1.7680821
-0.2797695;2.4916005;1.4957156
-0.3675656;1.2120303;0.76219755
-0.45655248;-0.4924851;0.25038302
-0.408992;-1.6943787;-0.19344358
-0.3896936;-1.5484717;-0.09850486
-0.20237987;-0.092097685;-0.18192889
0.1068461;1.2460485;-0.2955431
0.26672688;1.2515262;-0.12393449
0.1665065;0.451221;0.063352406
-0.11054479;-0.3417576;0.26943192
-0.29156083;-0.830535;0.57492054
-0.25199866;-0.54191214;0.74118644
-0.12972394;0.35538024;0.82419914
-0.07252915;1.3233666;0.5906093
0.07322668;1.8899434;0.23186246
0.43670633;1.6963297;0.28861496
0.6212401;1.1461263;0.31214198
0.44699207;0.5184635;-0.031536423
0.12009365;-0.47507295;-0.54397917
0.005449919;-1.4601365;-0.8164333
0.34185994;-1.2505311;-1.1468966
0.692238;-0.24261235;-1.0300174
0.66629034;0.40200385;-0.95526385
0.5924073;0.8762906;-1.1204611
0.60205084;1.3088449;-0.64324385
0.48164067;1.047076;-0.5145951
-0.08968747;0.36578578;-0.096051075
-0.56549996;-0.9745589;-0.35809085
-0.20864998;-1.1167564;-0.5583477
0.17370501;-0.41645205;-0.41542816
0.18271402;-0.020661643;0.03015748
0.03054621;-0.71379495;0.777251
-0.24118803;-1.6739657;1.0186758
-0.44607544;-2.0077271;0.58369064
-0.23811033;-1.985088;-0.0142974965
0.11263673;-2.080258;-0.223938
0.44010937;-2.131394;-0.0041503976
0.5114625;-1.698865;0.0060546817
0.35917;-1.3778421;-0.13578126
0.14358601;-1.5210236;-0.29925
-0.013256197;-1.2808814;-0.761275
0.19564505;-0.51533014;-1.230895
0.23151603;-0.1841391;-1.4800285
0.038337827;-0.8566863;-1.6262103
0.05567026;-1.6587865;-1.5931557
-0.02733879;-1.5395292;-1.2698371
-0.37812102;-0.67224836;-0.5533697
-0.7181218;0.3356388;0.39167926
-1.0338725;1.1810111;0.7070934
-1.248973;1.6260588;0.63129973
-0.7741784;1.4766283;0.44878978
-0.1099677;0.1148964;-0.30659318
-0.20984916;-2.5783954;-1.4327745
-0.18975432;-4.603341;-1.9384072
-0.7736785;-3.713923;-2.22846
-0.45331776;-2.2398884;-1.2105024
0.69047076;-0.86066073;0.4105043
0.5961266;0.7833464;0.68152845
0.5769013;0.6329271;0.13897274
0.87714607;-0.9092833;0.3236782
0.84546685;-2.8899267;0.73394257
0.85449845;-3.9869413;0.34340405
0.36172378;-3.395803;-0.26590177
-0.569996;-1.3291425;-0.2392839
-1.0903717;1.421061;0.33201036
-1.4941725;2.683724;0.8781083
-1.720338;2.6907291;0.50248665
-1.4137703;1.9682083;-0.11988569
-0.9653913;1.0745666;-0.6474711
-0.79731303;0.10965329;-1.1257893
-0.88941294;-0.8935274;-1.4701627
-1.0724678;-1.7991968;-1.6511302
-1.1798493;-2.5081074;-1.6044979
-1.2954419;-2.418986;-0.9921921
-1.5754161;-1.1164389;-0.24219115
-1.7009578;0.644349;0.20702833
-1.416235;1.7811042;0.72499764
-0.83064425;2.0655084;1.1612481
-0.3176404;1.3242817;1.6352485
-0.019737326;0.04692533;2.030074
0.04827264;-1.0030848;2.039684
0.03705561;-1.5337178;1.6661222
-0.018793011;-1.5207242;1.0422728
-0.04784691;-1.0915794;0.5713182
-0.032027528;-0.5295135;0.3258046
0.061877977;-0.073610805;0.16064367
0.105752386;-0.065138645;0.100389935
0.097101904;-0.3646109;0.13343695
0.09330653;-0.66668874;-0.033875443
0.25745773;-0.502101;-0.089600354
0.4122162;0.2045692;0.11894472
0.41414794;1.3355304;0.23578078
0.39694336;2.1840494;0.4198746
0.4050547;2.3097394;0.9265247
0.32404375;2.0946665;1.3755947
0.1389225;1.7413583;1.5848508
-0.013862003;1.5274616;1.4897556
-0.3095271;1.0875943;1.6574295
-0.8694967;0.048200417;2.2509437
-1.0768473;0.55418533;1.8695049
-1.0552279;0.7245983;1.7331039
-0.8785573;0.36092862;1.7614831
-0.69893956;0.1699929;1.3716865
-0.5786829;0.014119313;1.0223492
-0.5621651;-0.38245454;0.6491294
-0.53254455;-0.9559636;0.3755535
-0.42603564;-1.5022709;0.2879428
-0.326766;-1.7049417;0.27410424
-0.21375658;-1.4202033;0.4505334
-0.1592865;-0.7111627;0.6229267
-0.1852417;0.15919484;0.66709137
-0.096630864;0.9117309;0.6461731
0.09300781;1.3950096;0.84818846
0.19940625;1.7910078;0.81605077
0.16343124;2.0562437;0.61534065
2.7624815E-4;2.0559325;0.5422725
-0.31735712;1.6525584;0.396318
-0.55662006;0.92673427;0.2733044
-0.74402654;0.06638742;0.06864352
-0.8421939;-0.58751506;-0.20758519
-0.765552;-0.582512;-0.51606816
-0.5378322;-0.29100963;-0.6566045
-0.286705;-0.13593271;-0.68153363
-0.06853024;0.14125383;-0.6514769
-0.001210911;0.40362805;-0.72743154
-0.083292946;0.43383995;-0.8194452
-0.19301376;0.34707198;-0.81180614
-0.3094769;0.03859507;-0.7556949
-0.38166356;-0.44412395;-0.71080595
-0.49869022;-0.7334241;-0.83114475
-0.5673116;-0.70861435;-1.0461658
-0.56322426;-0.80439144;-1.0744326
-0.4927669;-0.8278882;-0.8657961
-0.3348385;-0.6998105;-0.6207619
-0.20263644;-0.6504734;-0.45910951
-0.23867165;-0.68912876;-0.41103762
-0.33468732;-0.87942797;-0.2038301
-0.3825936;-1.0254174;-0.25368908
-0.29279363;-0.9453339;-0.44670126
-0.122516155;-0.8937671;-0.607361
0.066049576;-0.8400137;-0.6796388
0.19268341;-0.51576096;-0.61558604
0.21742798;-0.19385877;-0.44871885
0.2008955;0.18866298;-0.34960008
0.23141953;0.67280537;-0.564055
0.24451062;0.8226193;-0.86061907
0.17256163;0.39559546;-1.0603702
0.02320555;-0.43977365;-1.3482962
-0.084951185;-1.295569;-1.4442619
-0.089054696;-1.8864552;-1.1366595
0.0053187413;-1.6904141;-0.66870266
0.19214562;-0.89608127;-0.38183713
0.34316963;-0.19186503;-0.2585947
0.328149;0.16525798;-0.18500076
0.11124965;0.32595637;-0.3448756
-0.14459403;0.29514012;-0.5009005
-0.29575336;-0.2545129;-0.5350954
-0.35925892;-0.44736034;-0.64995134
-0.34482902;-0.39538828;-0.91214854
-0.19148822;-0.49756062;-1.0859689
-0.120768696;-0.7292985;-0.9265876
-0.123177454;-0.75843877;-0.86783254
-0.16768259;-0.513001;-0.78957856
-0.25992733;-0.06040083;-0.44416285
-0.3134106;0.014179339;-0.37251776
-0.24916598;0.10509347;-0.024576714
-0.2165203;0.3715748;0.13815112
-0.23415373;0.3597598;-0.2551041
-0.30451047;0.14405786;-0.44627076
-0.28188965;0.3339963;-0.5804541
-0.18176171;0.39844704;-0.6503008
-0.04697187;7.6228057E-6;-0.60617816
0.07336;-0.3249939;-0.47088
0.021969255;-0.32249513;-0.45795402
-0.2277371;-0.35174608;-0.48901945
-0.46578342;-0.6813969;-0.22168432
-0.57106423;-1.0513675;-0.19609745
-0.4365389;-1.109844;-0.42094046
-0.18985611;-0.9941252;-0.36878362
-0.025322393;-0.66405016;-0.3778394
-0.016351663;-0.40624014;-0.456959
-0.17792508;-0.1874921;-0.43509847
-0.17984006;0.91250634;-0.65979755
-0.13605955;-0.16374494;-0.34971303
-0.26041013;-1.187246;-0.45789543
-0.19270311;-1.1810467;-0.46983194
0.01146251;-0.46983743;-0.41609994
0.1794825;-0.03211993;-0.30202058
0.113117255;0.0055540563;-0.3795071
-0.010287445;-0.23305675;-0.30751193
-0.15041746;-0.4114454;-0.21163453
-0.13127147;-0.3916563;-0.337667
-0.20657967;-0.23832506;-0.4215008
-0.44807625;-0.10941005;-0.38700533
-0.652211;-0.21877804;-0.26936987
-0.7248938;-0.54377246;-0.054558404
-0.67835253;-0.7100179;-0.03622485
-0.5848695;-0.60551435;-0.25866738
-0.59914565;-0.4406615;-0.54189485
-0.702754;-0.4150292;-0.41242212
-0.7278282;-0.28202334;-0.17678829
-0.5228876;0.00563132;0.030810583
-0.13862255;0.25450507;0.2545313
0.17191446;0.32235405;0.15753128
0.35003158;-0.017116765;-0.10366248
0.30190027;-0.2761934;-0.08673858
0.1524577;-0.05845473;0.33441773
0.09227867;0.44698623;0.82847166
0.42851043;0.926339;1.1229336
0.9162458;0.9848212;1.2139719
1.0759654;0.61910695;1.30399
1.0599911;0.47653556;1.0510045
1.0604929;0.73747844;0.9001786
0.9765193;1.1212327;0.8310804
0.9308248;1.3594862;0.7648643
0.90520674;1.143839;0.86189145
0.8257279;0.75257117;1.0113882
0.89993775;0.46455693;0.88567305
0.9459268;0.44039556;0.8913509
0.84668285;0.88981646;0.83183074
0.77500254;1.2181032;0.7029646
0.6774239;0.9807325;0.9373717
0.55150944;0.32833603;1.4092723
0.5923794;-0.29983118;1.5336679
0.55437225;-0.5461149;1.2863092
0.3669353;-0.28689197;0.82904744
0.24198575;0.26423642;0.51636297
0.2029636;0.58951414;0.58809036
0.16627714;0.4528613;0.95172226
0.12911546;0.13416405;1.3957528
0.23180799;-0.29891875;1.5259773
0.3463839;-0.814135;1.4582818
0.27124774;-0.976308;1.2853755
0.14785756;-0.7310464;0.97830033
0.07648918;-0.41608712;0.5951403
0.019003842;-0.3328697;0.48861223
-0.0500313;-0.16004576;0.43463978
-0.02283754;0.3969634;0.38521183
0.09266747;0.9581957;0.33316946
0.12999335;1.1915566;0.07903557
-0.007333446;0.95949525;-0.08052155
-0.15899175;0.59259623;-0.089417234
-0.21703716;0.502202;-0.08715879
-0.10097347;0.6361366;-0.04472703
0.061018094;0.60890925;-0.20140663
0.19061135;0.5090024;-0.8673753
0.2481922;0.6603269;-1.3095253
0.18292877;0.90638655;-1.1351202
0.09478051;1.0969843;-0.75809616
0.10082441;0.8463374;-0.38772693
0.10331578;0.4770699;0.02731846
0.011949497;0.57228094;0.25622976
-0.113096654;1.2484497;0.51748383
-0.07680545;2.1800098;0.785862
0.28074315;2.7752578;0.67868966
0.64646953;2.5928626;0.39295173
0.5171756;2.07429;0.31436136
0.5856155;1.4367758;-0.14226091
0.3981799;0.7525456;-0.52005875
0.3029189;0.50516146;-0.966047
0.47983512;0.3541292;-1.4509625
0.5916806;0.50674087;-1.4232701
0.5795945;1.109299;-0.935491
0.40742558;1.8599001;-0.21401784
0.19312797;2.4279592;0.44753572
0.079502374;2.4783049;0.9080286
0.0667269;1.72405;1.0857979
0.02681902;0.517912;1.0280133
0.13395521;-0.41457668;0.7224106
0.3524767;-0.77033323;0.4060535
0.47260633;-0.7045478;0.1967178
0.42027256;-0.5308258;0.057374243
0.30340555;-0.40512937;0.0708994
0.21772444;-0.32800975;-0.024530483
0.19136706;-0.41787654;-0.032124385
0.17809364;-0.6327387;0.23680049
0.16122492;-0.86947227;0.5081904
0.11960493;-1.1237028;0.4753023
0.112871446;-1.4239622;0.44899186
0.14967215;-1.6329198;0.5279435
0.19942522;-1.6907108;0.5411048
0.27672768;-1.4931936;0.53913385
0.28075716;-1.107055;0.5750571
0.21366821;-0.64501894;0.49129564
0.067809574;-0.20664015;0.16803652
-0.062939845;-0.08406212;-0.090570785
-0.10035187;-0.3203747;-0.14745663
0.005656001;-0.56254977;-0.0679653
0.1904623;-0.6687898;0.0018777585
0.28205734;-0.70690686;0.114002205
0.22877087;-0.5061505;0.22245176
0.1658292;-0.15179539;0.2779614
0.19828835;0.119188696;0.34111914
0.2039432;0.16410096;0.4228953
0.18971705;0.09690577;0.31331626
0.20646115;0.005649612;-0.018097006
0.24016891;-0.073605314;-0.32072762
0.23901013;-0.19325925;-0.44408208
0.2537081;-0.3171074;-0.29276568
0.30452898;-0.19118592;-0.12796253
0.3186232;0.22205126;-0.17112003
0.28927356;0.75576603;-0.268146
0.32204384;1.1843003;-0.32701683
0.29201007;1.2318152;-0.30848846
0.16798306;0.9557647;-0.28429076
0.015636446;0.64273673;-0.3461826
-0.04061584;0.4516894;-0.2988211
0.030007325;0.44885153;-0.11093187
0.15838087;0.68876874;-0.123120494
0.23920469;0.7869525;-0.3203714
0.28823876;0.54362446;-0.4031721
0.308716;0.23802458;-0.32878768
0.3250978;0.15760717;-0.22240515
0.37570325;0.16983573;-0.07479913
0.3943126;0.1593061;0.0776607
0.34670007;0.20869488;0.08712856
0.17423506;0.010705896;0.12907785
-0.060611952;-0.15081029;0.10951228
-0.30786458;0.062164273;-0.049890175
-0.34004164;0.39895016;-0.28991213
-0.05328332;0.6011914;-0.34130472
0.32924834;0.51142186;-0.22304377
0.6665237;0.32866874;-0.20343502
0.9394689;0.21840374;-0.33149803
0.9109501;0.130973;-0.5401984
0.6443851;0.16259089;-0.7009087
0.3655081;0.4628852;-0.804477
0.17053148;0.7570269;-0.7779566
0.33330017;1.2510439;-0.53486526
0.63226515;1.6194752;-0.45601723
0.8151871;1.716674;-0.54293877
1.0521497;1.8483392;-0.568726
1.0448447;1.6732026;-0.4424808
0.6983758;1.0291871;-0.26023465
0.15557565;0.3366309;-0.18318772
-0.13803948;-0.1748359;-0.17155017
0.04581841;-0.44807184;-0.23099014
0.48977974;-0.52886766;-0.5004171
0.87619877;-0.82494956;-0.6784587
1.094709;-1.2517565;-0.61464196
1.1570172;-1.4670303;-0.46983856
1.0881138;-1.4704992;-0.46337086
1.001741;-1.3092119;-0.38319668
0.84514284;-1.0598695;-0.25655735
0.57611424;-0.8057081;-0.12087087
0.4046414;-0.6445665;0.1876783
0.5362131;-0.5781532;0.41264263
0.8977205;-0.81564754;0.13636412
1.1306764;-1.2040806;-0.20965871
0.9170411;-1.3648269;-0.23960197
0.3836329;-1.1606115;-0.17293158
-0.14934368;-0.7050517;-0.06334526
-0.41947496;-0.23591639;0.10869879
-0.31057996;0.11907939;0.23070903
0.08278603;0.35620102;0.13144223
0.39747882;0.21152331;-0.12297122
0.32423306;-0.07140635;-0.28275198
-0.103113554;-0.19618759;-0.23557658
-0.51374084;0.07273743;-0.013461264
-0.72974265;0.5660024;0.06735599
-0.7712941;0.84967697;0.07888479
-0.6732853;0.8977103;-0.09314217
-0.45112824;0.71035576;-0.37763873
-0.2546526;0.4323471;-0.47711098
-0.10997208;0.34431517;-0.4785638
-0.050477665;0.3918584;-0.40316352
-0.05913213;0.38301796;-0.22721833
0.24019429;0.32516438;0.06197534
1.1984054;0.258569;0.33708027
2.5962243;0.042011447;9.1421744E-4
2.5707295;-0.39764085;-1.0602062
0.9815836;-0.6446752;-1.2356648
-0.5397331;-0.17511514;-0.63384444
-1.8005365;0.27084538;0.07573696
-2.118554;0.12527007;0.21527708
-1.7604684;-0.2365027;-0.073090844
-1.0177497;-0.28763965;-0.31941018
-0.14857475;-0.07854923;-0.57896566
0.5623902;0.10747312;-0.6569225
0.91866213;0.098478496;-0.500538
0.8661797;0.003782795;-0.25355542
0.44919378;-0.078223765;-0.0012818261
-0.16564497;-0.20164151;0.23178704
-0.61376595;-0.2566257;0.46824214
-0.6722628;-0.050613068;0.57771873
-0.41281024;0.3477908;0.45904997
-0.055248182;0.6227639;0.17973997
0.23080145;0.68805486;0.025041977
0.32839116;0.68247515;-2.789184E-4
0.16271293;0.69715196;0.013839365
-0.094829656;0.70733094;0.06419649
-0.20711373;0.7705523;0.1654197
-0.10319098;0.8366567;0.047960754
0.036197215;0.8818253;-0.008506396
0.12270778;0.7074134;0.010382383
0.110666215;0.46827447;-0.038569093
0.032282975;0.112412535;-0.15429278
-0.03042362;-0.25870278;-0.24062172
0.044411104;-0.28547785;-0.4081224
0.18552889;-0.14791353;-0.5343104
0.2859231;-0.020674575;-0.4993233
0.2537385;-0.01263341;-0.40883365
0.077990785;-0.010106728;-0.24894193
-0.06260737;0.09132868;-0.15696605
-0.10633589;0.18614888;-0.15994783
-0.035068717;0.17958316;-0.11702076
0.08444503;0.14561966;-0.013929113
0.21755601;0.18143713;-0.04395579
0.29904482;0.20452471;-0.061727133
0.23298585;0.10043617;0.019368295
0.13013868;-0.015354187;0.096744634
0.060360946;-0.13669741;0.063333206
0.060788758;-0.15916261;0.019416567
0.17363101;-0.08709572;0.11709575
0.17015481;-0.16147345;0.1186766
-0.045126155;-0.25964752;0.090253785
-0.46735093;-0.18271801;-0.40435946
-0.8363807;-0.13094003;-0.45317507
-0.4628546;-0.21959578;0.37964743
0.20471632;-0.5069266;0.69121796
0.53252304;-0.6180413;0.39672437
0.35726845;-0.22802679;0.331442
-0.09543524;0.44531295;0.5698411
-0.3388482;1.0744144;0.64962286
-0.23982856;1.3362894;0.3478233
-0.04186284;1.3026252;-0.023303863
0.16025972;1.2733502;-0.17333059
0.25945777;1.1303989;-0.11053947
0.22006622;0.99181914;0.005318423
0.21355298;0.8434553;0.06050474
0.13334239;0.5349205;0.03902879
-0.030826094;0.22481139;-0.043776967
-0.19966087;0.06891161;-0.19439657
-0.2972287;0.007473038;-0.24770476
-0.40653297;0.015353431;-0.27941382
-0.46272635;-0.056467254;-0.35165605
-0.5701811;-0.29400194;-0.37351233
-0.70614487;-0.5187953;-0.26130986
-0.7555409;-0.6677706;-0.0996729
-0.7450577;-0.65482193;0.12494919
-0.55229616;-0.4874318;0.24839684
-0.34183693;-0.2520548;0.17840497
-0.067219555;-0.05222978;0.006786482
0.24622436;0.11524743;-0.16644582
0.5907295;0.3617292;-0.26440665
0.9163336;0.5401646;-0.34277532
1.1393169;0.58603793;-0.35078275
1.0927035;0.6086741;-0.3134387
0.6929128;0.5400643;-0.28825095
0.079330236;0.37111393;-0.05403827
-0.41778582;0.24298489;0.21770689
-0.6904786;0.24829416;0.3710405
-0.6523829;0.3822291;0.3155824
-0.39065632;0.45890826;0.14152843
-0.15627506;0.4890016;0.03197274
-0.09377006;0.5443263;-0.008796808
-0.16251604;0.48389852;-0.04766245
-0.29251283;0.2683688;-0.010004957
-0.27776027;0.09907006;0.043558534
0.07779179;0.032381047;0.045784328
0.9622334;-0.052220162;0.27568996
2.4010367;-0.31365114;0.34711447
3.1208293;-0.7017022;-0.49730843
1.9091635;-0.94183046;-1.036128
-0.09141919;-0.8722144;-0.12343364
-1.8418853;-0.6653496;0.95437807
-2.8016334;-0.51313907;1.1635025
-2.7006817;-0.119886264;0.618302
-1.5730453;0.20877849;0.09151658
0.04156376;0.36624154;-0.20334923
1.545751;0.30861825;-0.4079919
2.217851;0.060957085;-0.5920185
1.7680306;-0.24264058;-0.5767398
0.50817454;-0.45622185;-0.29107934
-0.71221036;-0.48177436;0.123386525
-1.3510183;-0.37370074;0.36277172
-1.2433146;-0.24544495;0.28865486
-0.99465173;-0.19635597;0.2309239
-0.36447138;-0.06724102;-0.07776088
0.3896729;0.030582182;-0.3668962
0.80548835;0.12563762;-0.602892
0.75689065;0.2270726;-0.69481355
0.38676253;0.29493934;-0.50897586
-0.05308998;0.36407647;-0.21811819
-0.29872197;0.38110492;-0.040119547
-0.2514776;0.40254018;-0.032095637
-0.03243207;0.4196884;-0.13348901
0.19280435;0.37403196;-0.14116621
0.2604935;0.29766306;-0.089495465
0.17714478;0.1842242;-0.15440887
0.07296582;0.18800437;-0.2704021
-0.0041273404;0.24180974;-0.26007167
-0.028301872;0.23407279;-0.15336984
-0.003891498;0.17319573;0.027304126
-0.040613197;-0.023943411;0.3640308
-0.08874056;-0.22931097;0.61934966
-0.11474245;-0.27798003;0.6986047
-0.12929396;-0.16457152;0.70575875
-0.14718516;-0.05275097;0.5817945
-0.14274813;-0.046107028;0.4701231
-0.1766985;-0.22907312;0.38234848
-0.2788588;-0.6520085;0.2855663
-0.31058705;-1.1208621;0.28939053
-0.29221964;-1.3771218;0.35963744
-0.28377572;-1.2704475;0.38770995
-0.22702056;-0.7979986;0.29454294
-0.081616454;-0.20565964;0.101259366
0.09095684;0.23749866;-0.11586751
0.22901547;0.45640516;-0.333319
0.27696237;0.5065304;-0.5260302
0.2965699;0.4645993;-0.6380117
0.34350592;0.4615232;-0.78384686
0.34980473;0.49421856;-0.81613994
0.3235938;0.5461561;-0.81150573
0.31512502;0.54786235;-0.7788921
0.30835003;0.5093837;-0.72858244
0.29668003;0.46141317;-0.6617722
0.27484402;0.32069305;-0.5755115
0.14487521;0.02686693;-0.7166592
0.04090017;-0.3058502;-1.0272336
0.16397014;-0.4091333;-0.98252904
0.28117612;-0.37144727;-0.5619998
0.2874409;-0.4561422;0.07305639
0.10495271;-0.5467497;0.5982889
-0.22853783;-0.56376696;0.9255061
-0.53283024;-0.51995885;1.1357174
-0.63251424;-0.24174833;1.2023239
-0.54976135;-0.011562732;1.1681092
-0.4148091;-0.01667206;1.1907372
-0.30684727;-0.12056421;1.4307148
-0.33922783;-0.20953731;1.6351969
-0.6151323;-0.37632126;1.6081575
-0.7764808;-0.41594958;1.442776
-0.6618096;-0.31169033;1.3042208
-0.41694772;-0.37193528;1.0683767
-0.13980818;-0.5845599;0.7453263
0.044403464;-0.8617886;0.45876104
0.07927277;-1.0034933;0.12325884
0.050918214;-0.99107593;-0.37014294
0.103234574;-0.7162982;-0.72736436
0.24508765;-0.18944485;-0.89126647
0.40857014;0.37266287;-0.99113816
0.4456061;0.79979044;-1.1116606
0.40648487;1.0037972;-1.156516
0.36268792;1.0096784;-1.0752127
0.27765033;0.8768833;-0.9726702
0.25337026;0.6745536;-0.71407366
0.1901962;0.5283147;-0.40563393
0.15215696;0.43983927;-0.34794465
0.12797557;0.2905433;-0.27054322
0.08988046;0.060169008;-0.02424707
0.021904366;-0.14346635;0.07435235
-0.0012265068;-0.36755627;0.12354437
-0.08223121;-0.6080587;0.259773
-0.15953496;-0.6128141;0.4609434
-0.25262797;-0.41564193;0.59531724
-0.32085237;-0.21376355;0.7043788
-0.3191819;0.008994038;0.701003
-0.23659553;0.16420206;0.5951774
-0.13302642;0.18888119;0.45739195
-0.056421135;0.14133932;0.37216353
-0.03888691;0.09217302;0.24148084
-0.043609526;0.0143634165;0.16818467
-0.047387622;-0.038313955;0.11267274
-0.025410097;-0.045983195;0.033888187
-0.007828077;-0.040595148;-0.041639447
0.04998754;-0.1148217;-0.14268656
0.10249003;-0.26800787;-0.25321174
0.15699202;-0.33501178;-0.3666319
0.23184362;-0.2738688;-0.43705553
0.2354749;-0.15776691;-0.43714443
0.17587991;0.048054054;-0.29346552
0.07820393;0.18014246;-0.23164743
-0.012436854;0.08284078;-0.23063044
0.008800517;-0.07347958;-0.22669186
0.082040414;-0.15458444;-0.17822848
0.14688233;-0.20589411;-0.11289529
0.14875586;-0.2164731;-0.10281623
0.019004691;-0.26517066;-0.09006548
-0.10979625;-0.46291777;0.10451011
-0.206587;-0.55197483;0.33048308
-0.20276959;-0.37829864;0.32844898
-0.06221568;-2.951573E-4;0.19869667
0.17522746;0.45533028;0.068332344
0.40893197;0.7817447;-0.006271626
0.35839558;0.9222708;-0.1581423
0.09296646;0.79133224;-0.32651383
-0.25062683;0.5084564;-0.22214857
-0.73800147;0.35129637;-0.12928136
-1.8185261;0.3154121;-0.9159251
-2.992321;-0.07501407;-1.0874276
-3.0532317;-0.8295425;0.28162044
-2.5988355;-1.4796497;1.5252963
-2.4884434;-2.2141883;1.710862
-2.189192;-2.9682257;1.4155647
-1.5888537;-3.0245807;1.1043267
-0.9663955;-2.3977895;0.8490864
0.08938362;-1.8619816;0.8698941
1.7183819;-1.5958353;1.0177903
3.5684555;-1.4391682;0.82985723
5.0672646;-1.2919595;0.3107608
5.0538116;-1.1398177;-0.15764137
3.2742991;-0.8524791;-0.2542381
0.8006894;-0.3944833;0.08098452
-1.1156985;0.078163356;0.58353764
-1.9925588;0.4281557;0.6074551
-1.856547;0.6393995;0.117214076
-1.0071126;0.8630821;-0.35935375
-0.083815105;1.2060907;-0.574983
0.5329479;1.60081;-0.5568614
0.46385834;1.9290856;-0.4048641
-0.20703833;1.9870185;-0.1832663
-1.0062556;1.6720366;0.07213697
-1.7206296;1.1614574;0.27645957
-1.9983786;0.51197845;0.31491765
-1.8549529;-0.046667244;0.43005913
-1.4214623;-0.2092088;0.6096723
-0.88716984;-0.050179537;0.76898783
-0.5128609;0.28329387;0.89019024
-0.3571637;0.6071038;1.0965272
-0.46385595;0.7825581;1.3022218
-0.6929598;0.6760465;1.3449024
-0.83561784;0.39708716;1.119672
-0.80286926;-0.12998651;0.73323756
-0.78604543;-0.8180517;0.34909004
-0.7522738;-1.4200664;0.11989703
-0.6221316;-2.014178;0.17716762
-0.38833025;-2.4988425;0.5323591
0.1018358;-2.542824;0.8758873
0.71896863;-2.1936343;1.1194599
1.0376749;-1.8361573;1.0643178
0.7770149;-1.7751759;0.7077043
0.17161195;-1.8263907;0.37866342
-0.45333543;-2.5611126;-0.07831926
-0.9298559;-3.64264;-0.7032804
-0.7954472;-4.295362;-1.0251243
-0.123857744;-4.3362894;-0.34822446
0.7040388;-3.2252817;0.27767044
1.016356;-1.3489754;0.29713634
0.71933484;0.20831971;0.03145908
0.21921787;0.51665574;-0.20608273
-0.2996257;-0.08667538;-0.4992412
-0.61470056;-0.6380903;-1.0118929
-0.67301047;-0.67297226;-1.3188894
-0.60715836;-0.1696278;-1.5051115
-0.5107267;0.7767978;-1.5822142
-0.42420635;1.8276882;-1.5126463
-0.3690526;2.4527755;-1.2257421
-0.35930458;2.5840955;-1.2274686
-0.33900616;2.4610264;-1.4757249
-0.33370492;2.0688212;-1.5008924
-0.38415143;1.6894319;-1.513214
-0.42763364;1.4952955;-1.5699462
-0.33116943;1.4337364;-1.5762694
-0.21649803;1.3032391;-1.3610156
-0.15444843;1.0175912;-1.1685
-0.15168375;0.66719806;-1.0269874
-0.24478449;0.45875844;-0.9114337
-0.4270776;0.42950675;-0.8400845
-0.57134956;0.5561054;-0.8290988
-0.66489214;0.6542593;-0.6828103
-0.7616012;0.55465746;-0.4689045
-0.87099975;0.14060096;-0.36574858
-1.0303935;-0.8062692;-0.21213013
-1.0727524;-1.4356403;-0.0337666
-1.0480456;-1.4078873;0.031580467
-0.8384365;-1.1263099;0.025264375
-0.8582492;-0.70417285;-0.2547885
-0.85515404;-0.4539633;-0.7616433
-0.9713303;-0.71004564;-0.6604865
-1.1943494;-1.2211615;-0.22565484
-1.303917;-1.6894292;0.05853863
-1.2247742;-2.0015433;0.43589342
-1.0220069;-1.6949847;0.8065272
-0.78557426;-0.7309877;0.7530343
-0.6284594;0.108959794;0.66805243
-0.513705;0.36216784;0.41569194
-0.48596403;-0.10401573;0.17317855
-0.5168962;-0.9332126;0.09323034
-0.5799232;-1.8715701;0.13239677
-0.6155011;-2.328506;0.18404242
-0.44865087;-1.9815549;0.26754645
-0.20970194;-1.2727438;0.33747464
-0.0466678;-0.6056951;0.3215422
0.023603259;-0.04080608;0.28223377
0.018882608;0.41110513;0.3492245
-0.036456414;0.6351341;0.3356296
0.01849112;0.3893573;0.19975369
0.088230394;-0.16351417;0.11136545
0.09167807;-0.64956135;0.037529863
0.04834245;-0.85714906;-0.09185111
-0.0035135378;-0.8169693;-0.14066839
0.01437667;-0.54732543;-0.13909721
0.0021263359;-0.2503603;-0.056590267
0.012638569;0.018461742;0.1328528
0.10073586;0.2460194;0.24846973
0.18918243;0.4530655;0.38158828
0.2396272;0.6749524;0.45683312
0.2702174;0.77746195;0.373279
0.22359578;0.7157195;0.3001857
0.15778287;0.61007565;0.28702357
0.10513255;0.5630605;0.21555635
0.10324667;0.5191984;0.06307008
0.14978483;0.40910873;0.020768562
0.15068725;0.33978698;0.08848985
0.16234666;0.45932958;0.15204188
0.18378359;0.6549637;0.2153835
0.2616753;0.71147096;0.1644943
0.3759418;0.59417677;0.12847044
0.41183743;0.3753414;0.20433885
0.31606662;0.28777313;0.27284607
0.23178396;0.3552185;0.23077686
0.15862054;0.5216748;0.2002465
0.08480658;0.61733985;0.2383222
0.07546245;0.55637187;0.14690776
0.046991054;0.40759748;0.020651205
-0.023735281;0.232328;0.107145965
-0.099261664;0.035862397;0.15446678
-0.12550308;-0.07756008;0.10482342
-0.19044152;-0.16829807;0.0057337335
-0.29961884;-0.28463846;-0.4657255
-0.40258572;-0.34021077;-0.97258043
-0.5482404;-0.3909186;-0.9108768
-0.6182799;-0.66273487;-0.736514
-0.49071762;-0.9739379;-0.60952365
-0.3144491;-1.1479003;-0.36574394
-0.23593429;-1.1370703;-0.31915766
-0.30515367;-1.0784062;-0.18501362
-0.46834168;-0.900225;-0.13082339
-0.5067046;-0.64518;-0.26872122
-0.48973867;-0.597394;-0.19935197
-0.45741594;-0.5466652;-0.33448157
-0.42687026;-0.15608215;-0.36289775
-0.3180587;0.5188843;-0.10906821
-0.10757197;1.4713575;0.20649543
0.04050493;2.230211;0.63082135
0.17771645;2.2716687;0.9530946
0.4273294;1.511085;0.91560066
0.6332698;0.486993;0.7949805
0.6308346;-0.1666556;0.6359844
0.44724578;-0.3333245;0.65878755
0.29842162;-0.28540957;0.811405
0.32115918;0.10917234;0.820999
0.42567733;0.90296286;0.6130492
0.43995592;1.5629953;0.55293936
0.36153507;1.7378962;0.7329765
0.32750928;1.643442;0.7363812
0.3921832;1.1085036;0.75785494
0.48224634;0.37430286;1.012534
0.51983637;0.068192296;1.2225271
0.6284667;0.21392883;1.4405217
0.71332026;0.54301804;1.2336674
0.6874531;0.84066445;1.0838089
0.63043123;0.66315657;1.2982972
0.54614186;-0.06322475;1.3511378
0.42753848;-0.5974548;1.2871602
0.36859328;-0.48421383;1.1109781
0.45971838;0.13137893;0.8825325
0.59980595;0.8519781;0.549776
0.6634385;1.6503326;-0.003929197
0.7127821;2.370266;-0.59064335
0.7053819;2.2837129;-0.5693897
0.46586803;1.4441577;-0.65551174
0.29925692;0.5225137;-0.3962844
0.41440552;-0.04448904;0.15172248
0.70964944;0.12378377;0.33387798
1.0739695;0.8349645;0.24210238
1.3341756;1.7625029;0.00618191
1.4329655;2.6240647;-0.16380447
1.5026224;3.1101894;-0.22791858
1.5677229;2.9764328;0.102040134
1.6823033;2.074896;0.6003821
1.5739677;1.1007372;0.5303057
1.3029242;0.44582418;0.21174455
0.9579643;0.16134684;-0.30560437
0.7163715;0.14626497;-0.91323346
0.62622213;0.17072292;-1.3430868
0.71347773;-0.060687292;-1.2307194
0.9020322;-0.6305811;-0.54395056
0.77162576;-1.3833711;-0.18828544
0.4048006;-2.2973218;0.10874665
-0.14490952;-2.93317;0.15262233
-0.5784276;-3.046536;-0.21852714
-0.7721171;-3.0716038;-0.53419673
-0.94581866;-3.0260332;-0.8648574
-0.91602993;-2.5895765;-1.1043859
-0.49532396;-1.8341612;-0.48975873
-0.12750916;-0.95795393;0.523818
-0.36450732;-0.34761313;0.88780445
-0.9869184;-0.4718405;0.90711856
-1.4957846;-0.93372244;0.79131985
-1.7341278;-1.190728;0.21430586
-1.4826148;-1.4025823;-0.35980532
-0.98609173;-1.5220659;-0.7190943
-0.4466859;-1.2864027;-0.4565254
-0.41047373;-0.6541222;-0.19334532
-0.77837896;-0.09829773;0.16407375
-1.2570782;0.28386182;0.631259
-1.6123031;0.5270895;0.7393822
-1.6766101;0.52792156;0.7352558
-1.6074502;0.5285872;0.81007963
-1.5767804;0.7291198;0.74181366
-1.5508775;1.0739208;0.78095096
-1.5164833;1.4685117;0.6935108
-1.3952179;1.7873093;0.5173086
-1.2419555;1.8110975;0.6638469
-1.292002;1.914503;0.9373275
-1.5523516;2.1409774;0.943612
-1.8496938;2.353407;0.7986396
-1.979755;2.6721787;0.5076617
-1.571304;2.8574696;0.13112935
-0.6586057;2.7377334;0.13615347
-0.089384556;2.3358898;0.30267277
0.089429855;1.5546494;0.6671382
0.20904389;0.38395387;1.0587106
0.13286011;-0.39518064;0.9594685
0.3312881;-0.59036326;0.79257476
0.7017492;-0.4972906;0.6278098
1.0387431;-0.1353325;0.40849784
1.3686898;0.27649963;0.18304828
1.6406549;0.58330905;0.10893863
1.6896725;0.6561004;0.1184009
1.5243942;0.5574975;0.15097073
1.3988122;0.4651386;0.2832766
1.4026436;0.3892984;0.33912125
1.2580523;0.2846809;0.165047
0.8134731;0.063096285;0.019537607
0.321091;-0.2844839;0.028130086
0.11546654;-0.37914962;0.22250406
0.19784199;-0.18261658;0.35925326
0.39186734;-0.06757764;0.4749026
0.4377126;-0.2149996;0.5361721
0.20251384;-0.6719997;0.31643766
-0.17470768;-1.0360372;-0.028099867
-0.365938;-1.0491422;-0.4349799
-0.3001723;-0.79400134;-0.8667339
-0.2538097;-0.57895106;-1.1683872
-0.4958212;-0.5756609;-1.5347097
-0.78532887;-0.31990367;-1.4090178
-0.5708412;-0.029360449;-0.7709642
0.10992861;-0.110988356;-0.39177138
0.7238804;-0.3012907;-0.2946671
0.9369168;-0.52072006;-0.09823368
0.7878147;-0.69626355;0.033913057
0.590408;-0.7835733;0.13338044
0.41060767;-0.75654614;0.25670436
0.28082988;-0.54273695;0.16161348
0.15200765;-0.26856455;-0.051959213
-0.06980013;-0.049226638;-0.27281737
-0.2667776;0.03874369;-0.3182539
-0.43920332;-0.04244255;-0.19210312
-0.45839393;0.005108462;-0.05368249
-0.33429325;0.17752427;0.050804004
-0.21001273;0.22639441;0.065643206
-0.11996331;0.15299053;0.071264565
-0.17292377;0.030204926;0.13826165
-0.24341714;-0.01646106;0.16060932
-0.23692122;-0.014731348;0.12848745
-0.22195885;0.053839922;0.009039965
-0.15666863;0.15400943;-0.030268028
-0.014202099;0.19039506;-0.08046442
0.11676332;0.14294104;-0.17062154
0.17973877;0.117477834;-0.26149723
0.15355664;0.09554476;-0.3029478
0.11112657;0.059248313;-0.36735824
0.13108876;0.04739865;-0.3376366
0.16815226;0.00666892;-0.27010927
0.16499056;-0.09153987;-0.18483742
0.122617446;-0.109169394;-0.09161993
0.055906456;-0.09514801;-0.048295945
-0.06660296;-0.1261184;0.017613245
-0.12789175;-0.13058223;0.0765906
-0.14254777;-0.09977828;0.11752248
-0.114038214;-0.07982263;0.09401798
-0.089277446;0.0173919;0.14396438
-0.11556258;0.11703852;0.1651715
-0.1537782;0.092068315;0.1508872
-0.24333505;-0.010720348;0.14570977
-0.21771492;-0.08670128;0.1478178
-0.18764849;-0.14279853;0.14950424
-0.1844938;-0.20955132;0.1196034
-0.13431379;-0.19889106;0.10193272
-0.038505718;-0.15130034;0.025296176
0.074664176;-0.09760278;-0.04851306
0.15934071;-0.10308222;-0.15131044
0.14466007;-0.14184077;-0.20854835
0.08291556;-0.15409762;-0.22933869
0.049144946;-0.1467156;-0.23347095
0.054940958;-0.17830998;-0.16177677
0.02637464;-0.20983548;-0.016921407
-0.057415914;-0.21161838;0.061462875
-0.09358898;-0.1864822;0.0866703
-0.040496185;-0.18356077;0.031836238
0.0019780528;-0.1359111;-0.03703101
0.030488692;-0.02435389;-0.042124808
0.016578455;0.014891887;-0.06494985
-0.013299737;-0.06464899;-0.089459874
-0.062592916;-0.1439067;-0.1028179
-0.057496205;-0.11200035;-0.057254322
-0.019434465;0.033837218;-0.008303457
-0.005781947;0.19738227;-3.9276536E-4
