0.08643557;-0.14218695;0.17709818
0.11680471;-0.15437455;0.14792855
0.105162516;-0.13912465;-0.059782166
0.06069251;-0.10504972;-0.16032574
0.035272762;-0.052789774;-0.18451059
0.04931196;0.0077681798;-0.22260846
0.07773082;0.043714546;-0.21246177
0.085622154;0.009971635;-0.28559443
-0.06978352;-0.2420227;-0.25972554
-0.1304362;-0.43736815;-0.2609054
-0.0047395825;-0.30301952;-0.23059934
-0.003791666;-0.24241562;-0.18447948
0.07743542;-0.1064325;-0.11633358
0.10413583;-0.0070209955;-0.08681686
0.112214915;0.0037582035;-0.05382849
0.035865683;-0.04699344;0.006937207
0.120880045;0.15615524;-0.10695023
0.2959228;0.4155492;-0.24806018
0.55626947;-0.04256064;0.14842685
0.7793906;-1.3434235;0.5343665
0.71726245;-2.5872388;0.4149932
0.9566225;-2.888541;0.51324457
1.177798;-2.7108328;0.86059564
1.2016134;-2.2124162;0.9197265
1.2925407;-1.707433;0.6857812
1.1965326;-1.6721964;0.32987496
1.0103511;-1.7690071;-0.18610002
0.87703085;-1.5089557;-1.13013
0.5766247;-0.70091456;-1.513479
0.5237997;-0.16073164;-1.0857832
1.0784148;-0.4098353;-0.6498766
0.6439818;-0.72786826;-0.60427624
0.24018547;-1.1135446;-0.336546
0.5515234;-1.3345857;-0.1411118
0.1287187;-1.2176685;-0.06288944
-0.38765004;-0.6491348;-0.29718655
-0.40699503;-0.02555787;-0.47837424
-0.48184603;0.5045537;-0.6201994
-0.7417268;0.991143;-0.9586595
-1.010569;1.1491643;-1.2481776
-1.2084552;1.0318315;-1.4547921
-1.2823892;0.9067152;-1.5044587
-1.1985675;1.0691222;-1.4113795
-1.061979;1.3927977;-1.0447285
-0.9722395;1.6954882;-0.58734536
-0.9488853;2.0438905;-0.25112626
-1.0227802;2.4132373;-0.16652602
-1.1440054;2.71809;-0.117595814
-1.123798;2.911972;0.08717335
-1.0483549;3.0764525;0.104113676
-1.0991331;3.2627246;-0.32608405
-0.80459946;2.8179922;0.007882754
-0.32580847;2.2762687;0.3250562
-0.20713115;2.3108587;0.11316996
-0.06980648;2.408062;0.0061609703
0.16622514;2.170981;0.33617878
0.15407385;2.0586596;0.612693
0.14239971;2.1926308;0.54952943
0.36431038;2.3341827;0.78337353
0.9562921;2.5775025;1.1954489
1.3634712;2.4104395;1.190734
1.6298394;1.6760079;1.0838373
1.8819965;0.6611188;1.2451948
1.8243473;-0.3270803;1.0336559
1.4719778;-0.98732954;0.66129965
1.2432072;-1.086348;0.46341473
1.1383158;-1.0573597;-0.06364321
1.3450276;-1.1388565;-0.12591457
1.8135221;-1.3665539;0.014893346
1.8445677;-1.7869931;-0.11621033
1.5037792;-2.0858445;-0.13984326
1.0998983;-2.0999255;-0.22124961
0.74241865;-1.7799405;-0.6457497
0.88768494;-1.2895774;-0.7509748
1.3226479;-1.072287;-0.6476548
1.5924933;-1.0203295;-0.62124884
1.6552447;-0.83813864;-0.64387405
1.3866957;-0.6361359;-0.61197424
0.7968566;-0.42453372;-0.5958294
0.17186028;-0.28650197;-0.5829135
-0.19063678;-0.34482658;-0.5413308
-0.2743844;-0.51961124;-0.55806464
-0.29138255;-0.675064;-0.74645174
-0.32685602;-0.7556762;-0.79559886
-0.33023483;-0.773291;-0.8239791
-0.17356285;-0.6498828;-0.7185583
0.16739972;-0.2886562;-0.35922164
0.37766978;0.109700024;-0.28425232
0.077135816;0.14713502;-0.13833934
-0.7195414;-0.38541698;0.62682855
-1.4693831;-1.2364585;1.3358378
-1.3755065;-1.3485419;1.3280452
-0.22853017;-0.31945848;0.75306123
1.0734259;1.0350583;0.12119897
1.4087406;1.5249215;-0.40929082
0.8269926;0.79493725;-0.69618267
0.20846905;-0.3109252;-0.7006961
-0.051974766;-0.74874014;-0.7043069
0.014670188;-0.38024214;-0.96032053
0.36173615;0.28643128;-0.8916939
0.76751393;0.85102004;-0.73054266
0.81401116;0.918316;-0.9063091
0.61995894;0.58777785;-1.1234847
0.2522171;0.36397225;-0.6159753
-0.0576013;0.20992781;-0.008405264
-0.08670604;0.22419225;0.5901508
-0.25061482;0.4106038;1.2783706
-0.5692419;0.41910803;1.4320714
-0.7116435;0.10091143;1.0425322
-0.3318148;0.22135414;0.090275764
0.18767317;0.9239583;-0.4027794
0.31576353;0.5907292;-0.9565985
0.17448583;-0.7196042;-1.1746538
-0.20103633;-2.3288083;-0.9084731
-0.5077041;-2.2411716;-1.2978722
-0.31866327;-0.8023123;-1.2445477
0.07944439;0.9362751;-0.5198569
0.25418052;1.9037076;-0.12838556
0.12521942;1.507341;0.55197906
-0.5216995;0.22931036;0.6790832
-0.9298596;-0.3853017;0.05420409
-0.76888764;-0.31761637;-0.8331992
-0.13698512;-0.3447181;-0.15093438
1.009162;-0.41327447;-1.0644975
0.60732955;-0.6118696;-0.673473
-0.24226138;-0.31137067;-0.3778409
-0.6406841;-0.52097154;-0.20071022
-0.6937973;-0.8730272;-0.06213068
-0.39878783;-0.94217175;-0.21689205
-0.040905263;-0.69123745;-0.8305449
-0.03272421;-0.49673995;-1.5893596
-0.29180437;-0.73176694;-1.9703921
-0.2740685;-1.0729135;-1.8329543
-0.06925479;-1.0833309;-1.4874572
-0.09290384;-0.7385397;-1.0884032
-0.26494807;-0.46895674;-0.757832
-0.23383346;-0.6876654;-0.6769687
-0.015191765;-1.1688824;-1.060325
0.22222158;-1.6413559;-1.2943537
0.11527727;-1.7880846;-1.088608
-0.07340319;-1.6429677;-0.8536989
-0.05872255;-1.3143742;-0.6829591
-0.043853037;-1.0889994;-0.110429786
0.04929257;-0.32119948;0.56087494
0.20193405;0.7742904;0.89459836
0.32717225;1.3569323;1.1887256
0.24923779;1.1824208;1.4375039
0.13689023;0.6084367;1.3773469
0.01263719;-0.010125647;1.0385963
0.03198475;-0.14560051;0.540252
0.1537128;0.39601958;0.47829536
0.07609524;1.2761906;0.71935505
-0.1516238;1.7147025;1.2895465
-0.41817406;1.590512;1.4331998
-0.44703925;1.1630347;0.8809348
-0.10138139;0.5241777;0.54537284
0.2970199;-0.13378285;0.59723574
0.4407409;-0.57265127;0.3465386
0.44946772;-0.601871;-0.20714411
0.4439492;-0.08462182;-0.7020434
0.33015934;0.30730253;-0.72452533
0.22350247;0.570842;-0.5280578
0.20067698;0.5941736;0.00646002
0.17929159;0.3659639;0.5934493
0.11843327;0.44902113;0.56772816
0.21662161;0.9123419;0.33621377
0.09204729;1.0548735;0.24943978
-0.21698716;1.0438988;0.14408307
-0.25483975;1.2757441;0.030891456
0.061753213;1.4002827;0.17080691
0.17440256;0.99366367;0.36164552
0.042647056;0.22305596;0.7471289
0.027867645;-0.30905524;1.1820781
0.087919116;-0.3222442;1.4081625
0.12658529;0.22345465;1.423405
0.12626824;0.97251374;1.010599
0.09788959;1.481136;0.4678542
0.24706167;1.5661588;0.43990836
0.113274336;0.76542705;0.8425517
-0.11250553;-0.12828338;0.9521664
-0.108754426;-0.6432517;0.63673306
-0.07762854;-0.7083514;0.47501147
-0.07772783;-0.4510561;0.37063417
-0.08718227;-0.23896988;0.08088234
-0.06974581;-0.3349259;-0.18529414
-0.01517165;-0.4898157;-0.079485305
-0.03713732;-0.77935255;0.13016176
-0.15783486;-1.2953571;-0.055245593
-0.4262679;-1.7644106;-0.13169648
-0.8160143;-1.6771535;-0.19441968
-0.9528114;-1.1385978;-0.29303575
-0.40287417;-0.62025326;0.1952589
0.33707568;-0.8149526;1.1093321
0.40716055;-1.5175871;1.4280907
7.284316E-4;-2.3015697;1.2143476
-0.31191725;-3.1725056;0.61522806
-0.54640883;-2.8255045;-0.051567562
-0.46837705;-1.4916537;-0.31625405
0.062798366;-0.14957294;-0.78425324
0.3877387;0.68034166;-1.6602151
0.32581595;0.8442733;-2.037547
0.20752776;1.2129186;-1.5862876
0.20664722;2.2797098;-1.5526239
0.04969277;2.633143;-2.0174897
-0.24462079;1.4127643;-1.3456324
-0.44257164;0.26458648;-0.7569747
-0.0853073;0.17729418;-1.2141734
0.38175416;0.15746035;-1.05962
0.5116533;0.10096828;-0.74222726
0.60307264;-0.025475377;-0.71643806
0.6512081;-0.1328803;-0.6688536
0.5709665;0.11244576;-0.46437976
0.4911482;0.5680816;-0.1590038
0.35854357;0.7732153;0.058734465
0.20870985;0.60607225;0.12745632
0.04509288;0.3129828;0.45821506
-0.060800698;0.06288622;0.54469705
-0.11114056;-0.07781602;0.80607015
-0.16078745;0.0064971847;1.0167311
-0.33175495;-0.11355225;0.8102599
-0.36852896;-0.4095918;0.2185204
-0.16669817;-0.56829846;-0.51424617
0.08851646;-0.59213877;-0.80163133
0.27393818;-0.558086;-1.5086879
0.48790053;-0.4714688;-1.6571456
0.3496954;-0.37092504;-0.7051843
-0.054618657;0.056384966;-0.8608515
-0.14681992;0.829483;-1.7078218
0.04504406;1.5667114;-0.42172623
0.23603524;2.1924317;0.46476746
0.2263282;2.4961329;-1.2326782
0.58418757;2.2344062;-2.8017676
1.1861;1.612525;-2.128914
0.85513;1.1228325;-2.5171938
0.896604;1.604516;-2.857505
1.3360332;2.0695503;-0.736004
1.2938266;2.6131003;0.4580718
0.91631126;3.5572388;0.86020744
-0.01695099;3.648135;1.6631659
-1.1573108;2.518508;2.3567047
-1.7477236;1.2218376;2.6763794
-1.6106789;0.48332945;3.3254786
-1.2510431;0.56283545;3.9025702
-1.0445845;1.1760496;3.912681
-1.0544176;1.472871;4.005145
-1.1716591;1.0751717;3.900991
-1.1998273;-0.03439386;3.7645428
-1.4536119;-0.9979741;3.8366342
-2.114452;-0.5378812;4.4318075
-3.0540617;0.5843435;4.720446
-3.6979368;1.762006;4.8763566
-3.5861814;3.54398;4.4260855
-2.4956052;5.041434;3.6971183
-0.71386707;5.120647;2.9576945
0.81796885;3.4840176;2.1974058
1.3965626;1.5715891;1.2141746
1.0641251;0.05727131;0.55258965
0.85130006;0.045817047;0.44207174
0.052915044;-1.2508464;0.05365738
-0.57798046;-1.9631771;-0.4070741
-0.74675936;-2.0596042;-0.7631593
-0.47397;-2.1289334;-1.0542774
-0.124488495;-2.1047091;-1.662172
0.26603422;-1.8275174;-1.8109876
0.49407735;-1.6784201;-1.87379
0.49682438;-1.7540642;-2.086532
0.349022;-2.0887005;-2.3067257
0.22765511;-2.331605;-2.2485056
0.38524908;-2.7172372;-1.6675544
0.5113243;-2.9605083;-1.9559186
0.7559344;-2.3902817;-1.1584848
0.87349755;-2.660663;-1.1799128
0.983173;-5.242593;-2.4783053
1.2146634;-6.397199;-2.8201442
1.0248557;-5.0990095;-2.2248654
0.5042596;-1.8073325;-0.6173923
0.58153266;-0.15836602;-1.0657889
1.3839761;-0.32669282;-1.255756
1.6415559;-0.48947924;-1.5061674
1.4351197;-2.2728333;-2.0783713
0.8824708;-2.8182666;-2.587697
0.28722662;-0.9421134;-1.8100015
0.2266563;0.7369343;-0.7378449
0.73445004;0.070797436;-1.0738697
1.303185;-1.715237;-0.9458145
1.005048;-1.9971896;-0.55899537
0.3602884;-1.0727518;-0.43547752
0.0038557367;-0.09570137;-0.45619452
-0.04379041;0.6828139;-0.42042437
0.05559267;0.8118761;-0.2769645
-0.09302586;0.18075089;-0.24813409
-0.5119207;-0.24914928;-0.025851024
-0.9064115;0.2881806;0.7902567
-1.0845042;1.4836695;1.4072053
-1.0051033;2.5275605;1.7538893
-0.7290827;2.9892359;2.0218613
-0.54264116;2.9601388;1.9893641
-0.5153629;2.655611;2.2602413
-0.61541533;2.602614;2.470693
-0.6204573;2.5969348;2.8765545
-0.69949085;2.428329;2.9012434
-0.82521766;2.58009;2.739745
-0.8414241;3.1703954;2.8292959
-0.6762643;3.7316287;2.7946868
-0.36288643;4.1228027;2.4982493
-0.06843416;4.2794924;2.1735995
0.048377678;3.6517189;1.7576296
0.044952143;2.7432501;1.1311036
0.017211713;1.9196001;0.37363294
-0.02998063;1.0481801;-0.17609365
0.0072654965;0.29791906;-0.5408749
0.1245624;-0.25853974;-0.8514499
0.19027492;-0.7521443;-1.2311599
0.18034494;-1.3556217;-1.7630529
0.14427595;-2.0458255;-2.3885674
0.19042076;-2.4831448;-3.073354
0.3023366;-2.9919846;-3.4196205
0.3887443;-3.9639;-3.4169464
0.35162044;-5.3226824;-3.2226198
0.0031713424;-7.173771;-3.3812208
-0.42558792;-8.657767;-3.73525
-0.21234535;-8.501213;-3.6985517
0.7832487;-7.1322207;-3.6307163
1.585974;-6.2557764;-3.5405104
1.5969042;-6.2546215;-2.8730335
1.0837734;-6.091197;-1.9421767
0.6295187;-4.6979575;-0.8795226
0.35048994;-1.8583661;0.018354546
0.31476694;0.9195571;0.583336
0.43306357;2.6606457;0.85104376
0.27145085;3.6722665;0.8206788
-0.22346433;4.2690635;1.0284181
-0.67877144;4.6152506;1.4289844
-0.83989215;4.8859506;1.8353751
-0.87816375;5.157198;2.3167374
-0.811906;5.478102;2.675265
-0.8151498;5.72838;2.849587
-0.8739948;5.918837;2.8327947
-0.68044585;6.202257;2.7162356
-0.42873168;6.2711806;2.2917385
-0.13986035;6.1388197;1.9146408
0.109986715;5.8954306;1.6410877
0.17548938;5.3319693;1.1659951
0.3372665;4.4780755;0.9484211
0.5010632;3.4324605;0.9149869
0.37585056;2.1428435;0.6288645
0.24443045;0.8423997;0.19371662
0.18304436;-0.21670525;-0.13252671
0.18081048;-0.8639892;-0.33414638
0.20402339;-1.2380663;-0.5391921
0.23509371;-1.487328;-0.73447865
0.22557497;-1.9804875;-0.9250829
0.13983497;-2.8976712;-1.2056913
0.14624298;-3.8095431;-1.3395531
0.048244383;-5.1351347;-0.5153925
-0.40827948;-7.8377953;-1.4670014
-0.4141236;-11.245236;-2.957976
0.13120112;-12.139939;-1.0851309
0.2799609;-9.511951;-3.2483783
1.0427188;-7.209561;-2.2711635
1.077925;-3.7238986;-0.46575892
1.0217149;-1.1291189;-0.82416964
1.304872;-1.1282952;-0.73746073
0.6813976;-1.2651361;-0.60715604
0.032618072;-0.31835893;-0.7880686
-0.13953054;0.63281286;-0.3476424
-0.40537444;1.8312503;0.36016735
-0.64929956;3.0400002;1.0443839
-0.6538146;3.9851253;1.623007
-0.53867674;4.7131;1.9890307
-0.5996914;5.12673;2.2443495
-0.7797531;5.1771655;2.3642297
-0.91442746;5.118063;2.2663836
-0.89716697;5.064995;2.028732
-0.68648356;5.1480894;1.6604856
-0.39293686;5.4215965;1.3908885
-0.17059949;5.5466523;1.2345858
-0.1364796;4.4373217;0.98766863
-0.024808677;4.2998576;1.0182599
-0.02922194;3.5961359;0.9833579
-0.017127553;2.5519087;0.7116863
0.08004796;1.4759021;0.39434907
0.11716337;0.41822162;0.08422925
0.118730694;-0.6201102;-0.3232416
0.21373455;-1.5007757;-0.5960933
0.26473764;-2.208433;-0.8268746
0.27741513;-2.7390609;-0.9427497
0.2656821;-3.374403;-0.92919976
0.16254567;-4.6268663;-0.7308598
-0.39183846;-6.432743;-1.5315628
-0.10722077;-6.5961943;-1.6846253
1.0360984;-5.7019553;-2.0320752
1.4632537;-5.7615643;-2.2990978
1.0143529;-6.4842515;-2.645528
0.68023235;-5.9374013;-1.4882975
0.3816859;-4.206171;-1.5890756
0.5397237;-3.1336868;-1.3361042
0.58490396;-2.0506995;-1.3126333
0.4991732;-0.5530595;-1.1493254
0.29308856;0.9263024;-0.46946034
0.009470835;2.147292;0.15568173
-0.17054833;2.6365836;0.7073579
-0.34268868;2.5811417;1.2471364
-0.6522759;2.5180385;1.647709
-0.9593207;2.7144308;2.0650423
-1.0424566;3.2402947;2.1364088
-0.89959025;3.7906733;1.9278771
-0.7384222;4.2770696;1.8954266
-0.46886277;4.721656;2.0538414
-0.23759022;4.671856;2.1711981
-0.3025722;3.9062347;1.9994584
-0.37955773;2.949988;1.4558167
-0.3005212;2.5990527;0.9146534
-0.09979195;2.8339298;0.3473477
0.11079144;2.7515187;-0.043996826
0.09800815;2.238715;-0.22269747
0.06278152;1.656597;-0.25315797
0.14710021;0.9971526;-0.34315136
0.20830517;0.20865957;-0.5057711
0.20726913;-0.6416661;-0.62961686
0.22206531;-1.4725126;-0.8786935
0.27765223;-2.3039865;-1.0404547
0.122121796;-3.4494393;-0.98548883
-0.039802562;-4.711114;-1.1883911
0.10565795;-5.7376413;-1.7382128
0.52202636;-6.265113;-1.6827577
0.7801211;-6.0995903;-2.1352687
0.9365969;-5.7984223;-2.114465
0.8180275;-5.188738;-1.441572
0.604422;-4.3197403;-1.3493513
0.5835376;-3.649542;-0.9380748
0.5605801;-2.6008837;-0.7176474
0.52971405;-1.136957;-0.51786786
0.19877125;0.35918438;-0.2830443
-0.184733;1.6810975;-0.031122947
-0.4415364;2.476128;0.49541414
-0.58135414;2.8527775;1.0369563
-0.6182083;3.094722;1.27644
-0.5726916;3.2320275;1.4086521
-0.63627833;3.423122;1.5019217
-0.72464764;3.7259977;1.8109123
-0.7359681;4.112634;1.8956048
-0.6606495;4.0176463;1.6258589
-0.5566446;4.458648;2.1663122
-0.45469067;5.603637;2.5642996
-0.64187753;3.9110348;1.5639397
-0.45100203;1.985078;1.6699018
-0.12642662;1.5724373;0.49217144
0.5363587;1.6501374;0.02186215
0.48533696;2.3560474;0.32998973
-0.07735543;1.7942129;-0.029758224
-0.07750934;0.44318283;-0.3331816
0.016117522;-0.59857875;-0.65717024
0.19726902;-1.3655818;-1.0319862
0.4453152;-1.4830141;-0.96621394
0.24687718;-2.0935187;-1.0260962
-0.17124826;-3.4576275;-1.117752
-0.04949861;-4.366102;-1.1879516
0.3541511;-5.314757;-1.7644237
0.57082087;-6.1736803;-1.4506015
0.6285317;-6.3764443;-2.0214188
0.80907536;-6.4324055;-1.7124474
0.7878853;-6.0396743;-1.582458
0.8834332;-5.2442393;-1.3612789
0.9192466;-3.9641416;-0.9108981
0.6916473;-2.0650632;-0.508406
0.26581782;-0.027050601;-0.10359978
-0.034220748;1.4658595;0.17962018
-0.3086266;2.3976877;0.30150864
-0.6094013;3.0119002;0.4880819
-0.818771;3.4876451;0.698278
-0.7706418;3.9448035;0.8179974
-0.6290135;4.4292803;0.9106479
-0.5657108;4.7086587;1.2003933
-0.6494436;4.743685;1.5384396
-0.6976799;4.624049;1.7088767
-0.6175189;4.4359584;1.7483515
-0.5002651;4.156579;1.7455561
-0.3377121;3.7971382;1.57457
-0.09829468;3.4502106;1.2221559
0.09636425;3.1320436;0.90584975
0.1364664;2.7337599;0.51842976
0.05604812;2.1620078;0.30224383
-0.0489115;1.4483563;0.082420066
-0.061004203;0.6977475;-0.15281396
0.019946638;-0.04961449;-0.31600115
0.04095731;-0.82875407;-0.63092595
0.16714084;-1.3911283;-0.8016157
0.31808767;-2.070227;-0.8725426
0.123220146;-3.8769822;-0.9074091
-0.22017388;-6.2812734;-2.3493648
-0.1761391;-5.0250187;-1.8794918
0.027838713;-5.357515;-0.27078095
0.59102094;-3.598512;-0.25099975
0.9196918;-3.6725595;-2.1164248
0.8545034;-4.975548;-1.4525149
0.73047775;-4.674188;-0.6010744
0.6312572;-4.3706007;-2.2613282
0.51438075;-4.9777303;-1.0160939
0.2646296;-4.1071844;-0.48787507
0.41795367;-3.0294974;-0.65592504
0.37811294;-2.098598;-0.31849006
0.105615355;-0.06012837;0.52802044
-0.08738272;1.9331473;0.66304135
-0.15740617;2.6465178;0.4054331
-0.39779994;2.6203394;0.554034
-0.7401149;2.7275214;0.5947897
-0.810842;2.950767;0.5945817
-0.7736736;3.2793636;0.64129037
-0.7658138;3.5469284;1.0161573
-0.6814011;3.9562929;1.3848009
-0.6169959;4.2658153;1.0390906
-0.2029717;5.1532774;1.7125225
0.034497645;4.6687155;0.87001806
-0.028651884;3.0357537;1.3491395
0.11770349;1.9422749;0.8980615
0.4629128;0.33233553;-0.06905077
0.48595524;-0.3817878;-0.12399061
0.42938918;1.0849018;0.08205751
0.32163635;2.1166518;0.484396
0.16355908;1.2620715;0.4500168
0.14334726;0.11947166;0.16626345
0.3615528;-0.69900274;-0.023239244
0.40799224;-1.560374;-0.09984139
0.3138938;-2.2998617;-0.095498115
0.44486505;-2.725827;-0.1638985
0.55276704;-2.7431614;-0.4248688
0.4234636;-2.2101543;-0.47427005
0.2793959;-1.4087484;-0.573166
0.12039172;-0.5019987;-0.4741578
-0.059936624;0.08121354;-0.39495125
-0.0760743;0.33997083;-0.290961
-0.082734436;0.36885166;-0.1265188
-0.26931256;0.21539383;-0.10434005
-0.33420005;0.22231507;-0.0053470354
-0.22361003;0.23878956;0.19572237
-0.075763024;0.31759414;0.5815779
-0.06998542;0.7493878;0.79026234
-0.10598834;1.2065415;0.72908485
-0.18166567;1.3156239;0.6832679
-0.24220754;1.2001553;0.4466143
-0.10626603;1.0366868;0.31041646
-0.17251283;1.1375525;0.22958316
-0.32238525;1.476839;0.11804152
-0.2891582;1.6654555;0.12568322
-0.20632656;1.3823644;0.18492158
-0.25881127;0.698079;-0.027062738
-0.266424;-0.033040695;-0.3716502
-0.1850142;-0.7482099;-0.75357014
-0.13863637;-1.5009117;-0.76848114
-0.2140341;-2.1038544;-0.5272849
-0.26810226;-2.6205835;-0.5155779
-0.11760682;-3.0777168;-0.61246234
0.13403955;-3.2277985;-0.8149699
0.40723163;-3.1978638;-1.0051008
0.5070353;-2.986416;-0.9415807
0.37437823;-2.6578827;-0.9860771
0.2620026;-2.2763062;-1.0154241
0.14085208;-2.014795;-0.98890185
0.059556663;-1.874336;-0.77705896
0.06014533;-1.7682188;-0.5825847
0.11061627;-1.645825;-0.42700523
0.10724301;-1.46666;-0.2916042
0.04516941;-0.84207803;-0.18015835
0.011135527;-0.017412417;-0.07537668
0.030783422;0.57044506;0.091261156
-0.050373264;0.9313561;0.18863392
-0.2027986;0.85758483;0.15871964
-0.2872389;0.4923179;0.1285382
-0.19541611;0.3407293;0.09345557
-0.15008289;0.44758344;0.17945196
-0.17944132;0.66119176;0.43106157
-0.19980305;0.4508284;0.45422426
-0.17859244;0.19816272;0.5040044
-0.10224895;0.6147802;0.5188285
-0.05992416;1.2105742;0.61506283
-0.10418933;1.4903343;0.7233003
-0.16460146;1.6485175;0.8755152
-0.12543117;1.962564;1.0910372
-0.08471993;2.1903636;1.2259548
-0.08340095;2.192916;1.1807638
-0.10109576;2.1004264;1.0071111
-0.18400161;2.5494819;1.0681888
-0.35345128;3.4989605;1.2139261
-0.13276103;4.1729965;0.9773908
0.36879116;3.9399598;0.36316267
0.35753295;2.7504053;-0.20634486
0.16727635;1.4940742;-0.34632587
0.23069608;0.93041563;-0.3926857
0.27205688;0.5857387;-0.32664856
-0.004229507;0.088903494;-0.18319385
-0.10338361;-0.087470956;-0.46843007
0.19854312;0.02963261;-0.76849407
0.1807095;-0.006762662;-0.7116703
-0.099182405;-0.625918;-0.7380862
-0.15122092;-1.3583516;-0.72171897
0.06027326;-1.9464469;-0.6555002
0.08884361;-2.8016887;-0.65565014
-0.053925112;-3.841351;-0.7276451
0.025609909;-4.907456;-0.9086786
0.24548793;-5.7978396;-1.2113179
0.52764034;-6.044522;-1.3003043
0.6752373;-5.3793674;-1.1433685
0.5433148;-4.628494;-0.95688224
0.19715185;-4.227795;-0.8170683
-0.036028516;-3.719736;-0.72240466
0.005552187;-2.8007889;-0.5544862
0.13881674;-1.3968811;-0.31858897
0.0985534;0.20749512;-0.050183676
0.07884272;0.1659961;-0.04014694
-0.08380082;1.5140469;0.46006995
-0.35766566;2.4768624;0.752431
-0.5986325;3.209615;1.1738198
-0.77578104;3.833317;1.2796808
-0.96437484;4.716654;1.8924947
-0.98399985;5.6196117;2.1077456
-0.38094988;5.956432;1.3361965
0.15774009;5.892489;1.4189572
-0.23943293;4.931179;1.0164158
-0.37279633;4.338693;1.2131326
-0.21698707;4.000642;0.95488113
0.16391034;3.3255136;0.7139049
0.41237828;2.754161;0.28987393
0.3111526;2.1939538;0.29439914
0.1676721;1.480163;0.007394306
0.12476268;0.8669428;-0.37845954
-0.012689859;0.07949178;-0.5340176
-0.14765188;-1.0371878;-0.6397141
-0.37124652;-2.4953752;-0.9836463
-0.26574722;-4.1189566;-1.493167
0.09677723;-6.3279777;-1.9476587
0.021171788;-9.0905075;-2.0159395
-0.24868757;-10.628655;-2.2002516
0.30729994;-9.915424;-2.3102012
1.1770899;-8.23234;-1.7715985
1.232297;-6.698372;-1.3750913
1.0420876;-5.7961974;-1.337573
0.7711701;-4.999458;-1.0216209
0.27631104;-2.9745662;-0.42510924
-0.42270115;0.032846943;0.59428763
-1.1256609;2.9950275;2.0426176
-1.5099038;4.946022;2.1997192
-1.357923;6.2193174;2.5379002
-1.0144634;7.6731105;1.9678202
-0.5115707;8.763488;1.5086311
-0.16863157;9.120947;1.06003
-0.7286553;8.557695;1.5042739
-1.2266742;7.408656;1.1565442
-0.32196435;6.414425;0.84711033
0.6830535;5.584665;0.8589383
0.7495678;4.677107;1.1746505
0.8715292;4.1854353;1.0959705
0.7628484;3.2045984;0.99240136
0.08840372;1.3261787;0.6814211
-0.21365203;-0.15780702;-0.05173811
-0.19904663;-1.0184331;-0.5038905
-0.28111228;-1.8178715;-0.7718624
-0.18426484;-2.466797;-0.8768649
-0.0067868703;-3.2468753;-0.98274195
-0.1148045;-4.5240626;-1.1768185
-0.4793436;-6.105188;-1.4102049
-0.7084749;-7.43415;-1.1781639
-0.4167799;-7.23482;-1.3565936
0.4322011;-5.444106;-1.9212124
1.1176358;-3.6427848;-1.7447824
0.9659837;-2.5954778;-1.3411384
0.38528696;-2.7513824;-1.1463482
0.13947956;-3.6261058;-0.8827036
0.15220866;-4.200885;-0.6889754
0.115516916;-4.1107078;-0.7589928
0.12678854;-3.2073162;-0.77594423
0.24518083;-1.709603;-0.5254429
0.32426965;-0.47393236;-0.018791812
0.25004074;0.10835411;0.21777906
0.046907585;0.24918328;0.06328574
-0.040598933;0.111846626;-0.13218391
-0.06685415;-0.1667727;-0.14793463
-0.10973331;-0.47716814;-0.1011602
-0.17528665;-0.46298453;-0.030928161
-0.19022933;0.23586237;0.31431997
-0.17718346;1.0511899;0.5905185
-0.12924677;1.415952;0.7380398
-0.19714741;1.5202615;0.62324435
-0.62646794;3.3005843;1.015783
-1.1011744;6.8588266;4.0313764
-1.7090645;8.451514;5.525101
-1.7938141;5.734649;4.1388307
0.26651123;1.899438;0.3235647
2.256959;0.4718942;-1.4473982
1.6649421;0.89470285;-0.7297936
0.11945375;1.0891998;-1.0057099
0.036188003;0.3135473;-1.7514429
0.7102004;-0.38041213;-1.6949043
0.92128533;-0.59026724;-1.257486
0.7776533;-0.27221376;-0.8528638
0.7221226;0.035353985;-0.8588535
0.6026981;-0.017029312;-0.6527078
0.48528346;0.01606405;-2.9124724E-4
0.27260178;-0.07777376;0.396642
0.09308142;-0.3075315;0.6641886
0.12134013;-0.15696271;0.5688509
0.09707211;0.32599235;0.5519557
-0.1660923;0.83579385;0.79468954
-0.38599885;1.2576976;1.0326266
-0.39317408;1.63233;1.0386013
-0.21141426;2.0889938;1.0683811
-0.066006415;2.6876745;0.92970484
-0.09655513;3.0524833;0.6906389
-0.2491191;2.6779242;0.3650111
-0.37117028;1.7064018;0.09200888
-0.39381123;0.74715275;0.011107105
-0.22129898;0.653191;-0.11611432
0.15733582;0.813959;-0.33039147
0.18524365;-0.42305154;-0.064313166
-0.3049301;-2.0235975;-0.41395053
-0.20331906;-3.9212217;-1.1999104
-0.16265525;-3.1369774;-0.95992833
0.3230008;-4.112707;-1.2460676
0.16152564;-5.2464156;-1.7156042
-0.06765449;-6.3096323;-1.2334208
0.13025141;-6.003956;-1.8226742
0.52607614;-5.2906647;-1.6878269
0.7677359;-4.6262817;-1.3721365
0.9048137;-4.3260255;-1.0617716
0.780101;-3.6920702;-0.76191735
0.46158078;-2.1474063;-0.43140885
0.06613962;-0.20542502;-0.082627095
-0.2689633;1.58566;0.4370233
-0.58392066;3.156028;0.78555614
-0.7827615;4.493572;1.0987574
-0.9105842;5.587045;1.4665059
-0.96284235;6.713972;1.8107047
-0.9358989;7.883092;2.114189
-0.97684413;8.442411;2.613226
-0.9221003;7.7539287;2.7905807
-0.35330522;6.153143;2.1824646
0.2704808;4.6943893;1.5897217
0.41950965;3.4961364;0.9655274
0.46373272;2.6500342;0.6599219
0.09911118;1.6325274;0.34043753
-0.20196106;0.5153969;-0.31514996
-0.11469385;-1.345495;-0.65836996
-0.19800508;-4.129521;-0.695446
-0.37090406;-6.7145543;-1.0844818
0.07827675;-7.6403933;-1.7582104
0.0969964;-8.837315;-2.6612558
0.4275971;-9.457352;-2.4977546
0.9639527;-9.384631;-2.6403913
1.2836622;-8.295205;-2.5240316
1.4331797;-6.3486643;-2.2325068
1.1590438;-4.2914314;-1.3547553
0.52723503;-1.620645;-0.83067924
0.15303802;0.31598398;-0.3301684
-0.049444586;1.1152872;0.115552776
-0.28018066;2.1359797;0.3111922
-0.8178945;3.6212838;1.3223913
-1.5699407;5.6204643;2.064163
-1.5590775;7.1750827;2.0357053
-0.487887;7.5441675;1.2473143
0.0690654;6.7118964;1.4384764
-0.3822477;5.278892;1.4476562
-0.5120481;4.6949887;1.555
-0.24713852;5.0450535;1.594
0.23978919;5.007918;1.5127
0.49183136;4.315709;1.45391
0.61534005;2.9806924;0.731878
0.65789706;0.61267895;0.2511274
0.010692651;-2.0704038;-0.1303481
-0.5351959;-3.2340574;0.067596525
-0.3344067;-1.8442771;-0.22717278
0.55434966;0.5870783;-0.64736325
0.7466047;0.32356888;-0.7616406
-0.09646623;-2.482551;0.021937536
-0.72404796;-3.9813535;-0.63245
-0.69173837;-5.3600826;-1.559085
-0.30651572;-4.7724414;-0.553518
-0.12333757;-2.811703;-1.3990644
0.32632995;-2.3556123;-1.683314
0.43918896;-2.406365;-1.7372762
0.116976164;-3.256342;-1.3726335
-0.17829406;-4.5550737;-0.7856068
-0.19576025;-4.9565587;-0.8612979
0.030891797;-4.196497;-0.9718508
0.34658843;-2.6509476;-0.5337307
0.56477076;-1.1895081;-0.042609535
0.5236916;-0.3391065;-0.010650127
0.23145328;0.2349648;-0.1616451
0.044537622;0.86922187;-0.23400359
-0.008119901;1.3391274;-0.11689036
-0.009620921;1.358802;0.009612708
-0.048321735;1.0182916;0.04362767
-0.06365739;0.6021333;0.058339633
-0.07592591;0.1504566;-0.050203294
-0.08886573;-0.5921347;-0.10266264
-0.19921759;-1.2549578;-0.2711926
-0.22499907;-1.1477162;-0.32632908
-0.19562425;-0.38067296;-0.045438267
-0.1158744;0.5017116;0.3839619
-0.08644952;0.9951193;0.5884195
-0.2816596;1.9460955;0.2644856
-0.7003277;4.5975013;3.035026
-1.4821372;6.9201884;4.659271
-2.0341473;6.901776;5.5024166
-0.02263028;3.8225925;2.6456833
2.8287709;0.49752718;-0.8397034
1.8130167;-1.1972908;-0.8905127
-0.049586702;0.2671674;-0.36241016
-0.49591938;2.82682;-0.69617814
-0.25298548;3.5272763;-0.3413175
-0.024263391;2.3335397;-0.369929
0.5305893;1.5066755;-0.6990682
0.9182214;1.3029966;-0.8998796
0.7502021;0.7916161;-0.51677865
0.2876617;0.46844912;-0.10092292
-0.18549563;0.5435093;0.10051167
-0.3327715;0.3887137;-0.038340665
-0.2380922;-1.2609041;-0.41192254
-0.12172376;-2.9282546;-0.507663
-0.022379009;-3.6582286;-1.576443
0.06022179;-5.310958;-1.5720918
0.057552435;-6.1800165;-1.468611
0.20229195;-6.269013;-1.9983263
0.57433355;-5.8964605;-1.5470985
0.62509185;-4.535918;-1.4095538
0.6406985;-3.6162348;-1.0667056
0.7094338;-3.0554876;-0.72055197
0.57379705;-2.0381403;-0.54362905
0.20903762;-0.76176214;-0.19271575
-0.3046449;0.51559025;0.050514907
-0.8280909;1.8312222;0.40916193
-0.96247274;3.1243527;0.803892
-0.8231032;4.0807323;1.1259261
-0.6022326;4.9395857;1.8382409
-0.58491105;5.5633874;1.6455927
-0.46792883;4.45071;1.3164742
-0.48684308;4.950412;2.0531793
-0.65822446;4.871267;1.6175435
-0.50470454;4.317326;1.7190348
-0.08501365;3.4163609;1.1846029
0.6413641;2.531526;0.5601823
0.86934125;1.715846;0.3168958
0.570473;1.1859579;0.20351665
0.2876284;0.9667351;0.050313316
0.07697773;0.8296381;0.074625656
0.011582182;0.75121045;0.14407553
0.13739075;0.5587809;-0.034739584
0.2599126;0.14155595;-0.034041665
0.09855508;-0.38675523;-0.38035834
0.08196906;-1.819951;-0.66366166
-0.025049752;-3.8711953;-0.5403043
-0.2169148;-4.7328935;-0.52599347
0.22021817;-3.973815;-0.57079476
0.50742453;-2.107177;-0.8535108
0.099689625;-1.4951166;-0.9421837
-0.3639983;-1.8085933;-0.60374695
-0.35682365;-1.3343745;-1.0189351
-0.16670892;-1.7893747;-1.0042105
-0.10836713;-2.3533747;-0.8564934
-0.1366937;-2.5295749;-0.8695697
0.028145036;-2.6736598;-0.6862808
0.25064102;-2.532678;-0.6708996
0.3442628;-2.2011423;-0.5648447
0.30978525;-1.8921639;-0.5112508
0.12282821;-1.6324811;-0.5215006
-0.014237435;-1.4122349;-0.5078255
0.013610052;-1.1047878;-0.3984479
0.123388045;-0.6275803;-0.24375832
0.17996043;-0.12706424;-0.20750666
0.15646835;0.0920986;-0.23319282
0.10329968;-0.063821115;-0.20999175
-0.07361026;-0.25105688;-0.2664309
-0.2088882;-0.2633455;-0.16470723
-0.25773555;-0.19817641;0.06823422
-0.19993845;-0.15229113;0.21708737
-0.18182576;0.109417096;0.4986699
-0.15483561;0.6000337;0.6442484
-0.12386849;1.0925269;0.7778987
-0.16784479;1.6365216;0.906694
-0.30302584;2.1435924;0.9503552
-0.6986707;3.1679988;1.4509091
-1.1058115;4.742993;3.6419773
-1.5158992;5.306504;3.4135818
-0.5283444;4.565125;2.4683654
1.4335744;3.190381;0.49969238
1.3656096;0.53589857;-0.3721211
-0.08251233;-0.15096863;-0.37269688
-0.04100986;1.6368423;-1.0919075
0.7796921;2.180763;-0.989151
0.6925037;1.2332944;-0.6569458
0.52900296;0.57119364;-0.81305665
0.55132735;0.23097834;-0.89732033
0.33793688;0.067985795;-0.63348126
0.20784952;0.24970113;-0.32866
0.16940461;0.45640153;-0.069178
0.10114869;0.3535978;0.113407604
0.07154395;0.11432354;0.11885108
0.14786015;0.12231821;0.051330864
0.17141312;0.40781552;-0.09331031
0.046505503;0.5809399;-0.15902324
-0.0815456;0.56611913;-0.3303436
-0.06211148;-0.14065939;-0.18927488
-0.3965642;-1.5924103;0.004830098
-0.51100135;-2.3270533;0.025739077
-0.19942607;-2.3178926;0.21434127
0.13420914;-1.8043141;0.265223
0.035492312;-1.0606388;-0.05344659
-0.28098115;-1.5188235;-0.31150728
-0.54353493;-2.0494337;-0.23983082
-0.51920295;-1.558297;-0.44498965
-0.28723735;-1.2403877;-0.57786673
-0.10478988;-1.0798101;-0.39666837
-0.1213319;-1.1607231;-0.32670972
-0.103315525;-1.9160784;-0.33324277
-0.0107774185;-2.7734878;-0.3915942
0.050753064;-3.0812902;-0.45390037
0.043727454;-2.7900321;-0.5162453
0.11935696;-1.9757757;-0.5473712
0.23611057;-1.2743706;-0.37852198
0.19513845;-0.9257465;-0.1340676
0.059235763;-0.6780972;-0.03850407
-0.049486388;-0.40497774;-0.037053257
-0.05833911;-0.073982194;-0.1983926
0.06895371;0.17831424;-0.31340158
0.12391297;0.048901394;-0.24759626
-0.057119627;-0.3858789;-0.13245201
-0.1425707;-0.60870314;-0.0122116115
-0.01405656;-0.64946246;-0.18789428
0.17000476;-0.51957;-0.23781542
0.0641288;-0.19690599;-0.07931484
-0.11119696;0.13622521;0.12717313
-0.17333257;0.5464802;0.3236135
-0.16054106;1.0121841;0.4182658
-0.13155784;1.5816224;0.31898764
-0.36149627;2.652798;0.4364401
-0.904822;4.570676;2.352277
-1.2988576;5.6969705;3.1255717
0.054663908;5.6757402;2.5442073
1.6624811;5.221061;1.6853659
0.9393599;3.4948175;1.2295427
-0.33601207;2.1536665;1.1336342
-0.51568466;2.8487146;0.37878233
-0.103172734;3.0883465;-0.7500991
0.2830868;1.8144273;-0.9813293
-0.0016555476;0.43513557;-0.75693846
-0.52319944;-0.29134467;-0.43992576
-0.13105956;-0.010810114;-0.6706906
0.62015235;0.75775814;-0.93655246
0.66174686;0.873394;-0.733617
0.5293975;0.6987152;-0.5868936
-0.017106991;-0.4765747;-0.69138986
-0.4449356;-2.9738379;-1.5562369
-0.37157348;-5.958758;-2.152802
-0.022258779;-9.0420065;-2.5636477
0.09781798;-11.352355;-2.77709
0.36262938;-10.694384;-2.2943285
0.9932285;-7.305507;-1.5827284
1.6695828;-4.269406;-0.5825889
1.8981663;-2.5155246;0.08783512
1.124783;-1.4874197;0.18589309
-0.1501736;-0.31493574;0.26590198
-1.1951389;1.4418014;0.8345966
-1.8342361;3.503441;1.4864273
-1.9298888;5.512128;2.7766418
-1.1939111;6.3948584;2.2775633
0.27299613;6.7591486;1.5470507
0.10277189;6.7781196;2.0188906
-1.2646575;6.5623393;1.9557375
-1.286726;6.226434;1.6145899
-0.13563079;5.9061475;0.679172
0.028995367;4.418668;0.6964626
-0.06742871;2.9630592;1.00092
0.33355704;2.5673225;0.76011103
0.4387206;2.088233;0.5080888
0.2541015;1.3080863;0.3408461
0.090781204;0.50271904;0.03205186
7.4996136E-4;-0.40563723;-0.2024835
-0.08690003;-1.1729473;-0.7057368
0.26173;-2.4838657;-0.89583945
0.16250898;-4.75096;-0.42917156
-0.3199928;-5.8820176;-0.43396226
0.32838073;-4.918114;-0.8002948
0.8720796;-3.5501163;-1.3339858
0.40078866;-4.021343;-1.3546886
-0.19186905;-3.8764496;-0.88062596
-0.022245245;-3.0074096;-1.3373133
0.5634538;-2.5434277;-1.2136006
0.5351381;-2.334742;-1.0677555
0.19373544;-2.5052936;-0.8995169
0.17998835;-2.841735;-0.786801
0.31586567;-2.679638;-0.7888158
0.22144254;-1.9749603;-0.39042765
-0.035345968;-0.7612183;0.040782884
-0.14702678;0.50977534;0.4498138
-0.14262141;1.4015703;0.6286011
-0.15159713;1.8556312;0.49975583
-0.2150277;1.96263;0.28730467
-0.23139717;1.913854;0.22046873
-0.16636774;1.6529582;0.20449999
-0.07996919;1.2004915;0.2136
0.051649652;0.6541432;0.17400499
