-0.0555905;-0.034192763;0.043010216
-0.10931615;0.05233329;-0.034341827
-0.04370292;0.07155413;0.041276537
0.015037664;0.018180806;0.05802123
0.046405133;-0.046392854;0.07766698
0.027749104;-0.10273928;0.055883586
-0.031706966;-0.07437893;0.05720687
-0.023021823;-0.09700314;0.1895155
0.08470754;-0.26197752;0.2828624
0.09276603;-0.05020701;0.18253991
0.07030658;0.20670938;-0.016468067
0.12343276;0.077867515;-0.17567445
0.1518712;-0.12208099;-0.24053957
0.10430947;-0.03672729;-0.12993164
0.1369632;0.17686817;-0.09144532
0.27636743;0.18993203;-0.07315625
0.31679708;0.123820625;-0.096025005
0.26515642;0.061556503;-0.033070005
0.13712512;0.0664327;0.036043998
0.0675126;0.10627116;0.060085196
0.0637757;0.09126693;0.023068158
0.11234869;0.049576044;-0.08779547
0.20276958;-0.055651665;-0.063986376
0.2081141;-0.12577133;0.011310897
0.08035847;-0.09124207;0.027798718
-0.054463226;0.037943847;0.003488974
-0.06271121;0.20066758;-0.02845882
0.043581035;0.28397155;-0.060267057
0.113380454;0.20686474;-0.010713645
0.12546998;0.0217418;0.18517908
0.006235365;-0.19510657;0.27939326
-0.16923046;-0.31389776;0.10476461
-0.31858748;-0.1120557;-0.36618832
-0.32440123;0.44785544;-0.89607567
-0.13491163;0.72703433;-0.7762355
-0.021991795;0.5816275;-0.2709884
-0.11095281;0.14498949;0.98320925
-0.625481;-0.5902584;1.7115674
-1.0878848;-1.9737692;1.5005039
-1.0562453;-1.6446403;0.38790315
-0.65124625;0.048350193;-0.20842749
-0.03505952;1.0683676;-0.485492
0.7094524;1.0109441;-0.48839357
0.75701505;0.6087553;-0.17196487
0.56537765;0.18387924;-0.22507189
0.34331775;-0.2982091;-0.3800575
0.1652792;-0.28231728;-0.397796
0.27792647;0.07883367;-0.3432368
0.54011464;0.27869195;-0.31208944
0.6886835;0.26982856;-0.29967156
0.6792183;0.17367534;-0.21473725
0.46488038;0.10144027;-0.078039795
0.23213683;0.106152214;0.012568162
0.086100094;0.15054677;0.04755453
0.015364449;0.20324992;0.056793623
-0.05098969;0.040724937;0.23293489
-0.09235425;-0.17367005;0.22384793
-0.25591466;0.007938959;-0.13967167
-0.42113796;0.38447616;-0.39298734
-0.48222288;0.5638309;-0.33938986
-0.4623408;0.46981475;-0.2402619
-0.68393517;0.3617893;1.5265405
-0.8979294;-0.92150605;2.5899823
-1.341781;-2.4997048;1.134486
-1.0171748;-1.7122638;-0.81741124
-0.15045859;-0.2698111;-1.441429
0.71439874;0.5950886;-0.9406432
1.0215191;0.9370084;-0.15876457
0.73674643;0.42929423;0.13548835
0.3651784;-0.26593962;-0.104109325
-0.13246664;-0.4768142;-0.09578746
-0.2559733;-0.118951365;-0.09537997
0.1288151;0.23452641;-0.18880397
0.5413333;0.30324614;-0.25104317
0.6477151;0.3191594;-0.25083455
0.52578926;0.32564002;-0.13191764
0.32102203;0.257387;-0.024284108
0.1859192;0.15590961;0.043072715
0.06846192;0.079415195;0.05945817
-6.99216E-4;0.11978215;0.016316537
-0.05798125;0.22863822;-0.061946772
-0.03701;0.24697308;-0.0058074165
-0.054608;0.24757846;0.020354066
-0.13157703;0.33556277;-0.033716746
-0.22205849;0.28407523;0.073026605
-0.3151468;0.075697675;0.19592129
-0.4325862;-0.012879361;0.37548703
-0.42263144;-0.13217849;0.33163962
-0.43341765;-0.68699276;0.040311698
-0.42720288;-1.0089692;0.08224936
-0.49879354;-0.9415504;0.27829948
-0.43419108;-0.6157403;0.3788896
-0.30516538;-0.43634224;0.07811167
-0.14022605;-0.3146988;-0.23126066
0.06985041;-0.13300903;-0.24125853
0.36369282;0.23578027;-0.29300684
0.69525117;0.54956174;-0.33440545
0.6575681;0.42246187;-0.36752436
0.36335915;-0.013593002;-0.21901949
0.27154672;-0.1171244;-0.2002156
0.20004986;-0.020262022;-0.06642248
0.13699302;0.09472788;0.07186202
0.12287566;0.1632823;0.13873962
0.14830053;0.16500084;0.10474169
0.12801543;0.17731318;0.052543353
0.04694359;0.16216303;0.073284686
-0.04096075;0.19066793;0.021127746
-0.0843311;0.24159685;0.0919022
-0.128793;0.19015248;0.16727176
-0.1952219;-0.010378018;0.24006741
-0.19211502;-0.034864914;0.054553926
-0.19197327;0.31273305;-0.36260685
-0.19967237;0.64862394;-0.2525855
-0.27692538;0.51421165;0.2729316
-0.7363841;-0.04019317;0.83709526
-1.2797322;-0.761842;1.4259262
-1.4300358;-1.3110361;1.846991
-1.0424662;-1.1613289;1.7713428
-0.18866041;-0.37281314;1.2420743
0.6873529;0.3548745;0.6686594
1.1338667;0.7604621;0.25367752
1.1195934;0.9536822;-0.059557993
0.88805753;1.116852;-0.2226464
0.6051726;1.2458253;-0.3468671
0.23726305;1.5634571;0.07875631
-0.20862706;1.1281095;0.38175505
-0.08096415;0.45990944;0.049154036
-0.06477132;0.36792755;0.03932323
0.4942767;-0.1189392;0.031458583
0.99073386;-0.7162451;-0.024833133
1.0416105;-1.172996;-0.1886165
0.90418684;-1.3899593;-0.10089321
0.48389637;-1.3025925;-0.25571457
0.15349892;-1.129574;-0.29832166
0.5325892;-1.1099092;-0.3199073
1.0748994;-1.0910524;-0.48092586
1.2122633;-0.7915919;-0.5534907
1.1635606;-0.5145235;-0.59904253
1.0503798;-0.4647438;-0.72923404
0.8184288;-0.76242006;-0.89588726
0.51099306;-1.216186;-0.9979598
0.3283257;-1.2260739;-1.0546179
0.3837543;-0.8214841;-1.0874443
0.5538784;-0.40093726;-0.9074554
0.6931028;-0.1644998;-0.71971434
0.79198223;-0.10034984;-0.58827144
0.8507733;-0.21777987;-0.27686718
0.7696811;-0.3679739;-0.32774374
0.9079324;-0.5318791;-0.330945
1.176346;-0.7223783;-0.233506
1.2098267;-0.47165263;-0.2711798
1.0209864;-0.1773221;-0.29506883
0.8417891;0.2706423;-0.41730508
0.6671813;0.6227639;-0.57446903
0.583745;0.92946106;-0.61895025
0.620121;1.1466938;-0.5264102
0.4773468;0.9329801;-0.45237815
0.30375245;0.6557591;-0.56502753
0.15237696;0.36210725;-0.589522
0.14690158;0.40843582;-0.2591176
0.22064626;0.5642486;0.123955905
0.079642005;0.29202393;0.23041473
-0.15503639;-0.066380866;-0.24691822
-0.43652913;-0.6374797;-1.0819095
-0.5367233;-1.2756088;-1.6592777
-0.39187863;-1.707987;-1.9430472
0.048997093;-1.0601397;-1.8919377
0.44232267;1.4831383;-1.4119877
0.40073314;4.1007686;-0.90302765
-0.03253849;4.1077633;-0.4849221
-0.30728078;2.4092574;-0.7113752
0.032300368;1.7016248;-1.3409752
0.5508403;1.7230673;-1.4649676
0.80317223;1.8610222;-1.1469741
0.6175378;1.733935;-0.62382925
0.46903023;1.4043355;-0.5053134
0.22209918;0.94339025;-0.32456324
0.17767935;0.7527591;0.2762869
1.0265185;0.50845724;1.1835295
2.8274648;-0.09870294;1.4686986
3.1994717;-1.0250561;0.7374589
1.7595775;-0.7161386;0.12746713
0.32953697;0.8895891;0.4863487
-0.8863704;1.0679213;1.148454
-0.7122213;1.0191808;1.1718881
0.08334793;1.0700321;1.1187606
0.44480336;1.006807;1.1325084
0.25896767;0.8460705;0.96850675
0.02279914;0.5502939;0.7029304
0.05886431;0.118360154;0.4498443
0.13459145;-0.32054624;0.39112544
0.18892317;-0.5130776;0.54727536
0.21988852;-0.6631965;0.6034453
0.26028582;-1.0188384;0.55775625
0.32072866;-1.3146801;0.45558
0.24095793;-1.3579941;0.33946398
0.036516342;-1.3660828;0.17469619
-0.10203693;-1.3897412;-0.10399305
-0.15975454;-1.258668;-0.35506943
-0.18092863;-0.84130937;-0.42780554
-0.21974291;-0.3167975;-0.40161943
-0.19141932;0.15671824;-0.29004556
-0.11876046;0.47928086;-0.07891144
-0.07313337;0.67854184;0.021245847
-0.058506694;0.53697413;-0.048628323
-0.13743035;0.2094621;-0.017027657
-0.18181929;0.07772593;-0.035497125
-0.09545543;0.04460262;-0.0627727
0.03926066;-0.0861929;-0.10646816
0.10640853;-0.24004807;-0.16329953
0.12575182;-0.37172595;-0.16813962
0.09122646;-0.42394325;-0.1345117
0.047981165;-0.40790462;-0.026359359
0.016509932;-0.33804244;0.07891251
0.019457946;-0.2165277;0.10063001
0.056191355;-0.10056591;-0.03824599
0.10432809;-0.18592148;-0.11184679
0.10533747;-0.24404968;-0.058227435
0.10926998;-0.146021;0.012793052
0.05616598;-0.030098047;0.06335944
-0.055067215;-0.062359687;0.047562554
-0.13467877;-0.15770026;0.09430004
-0.22024302;-0.030066451;0.075440034
-0.17306942;0.12125934;0.08222703
-0.019705532;0.17981997;0.16578162
0.031110575;0.19932473;0.2201253
-0.02198654;0.24930353;0.23860024
-0.064464234;0.27991158;0.21588019
-0.026571386;0.16455425;0.15395415
0.025617892;0.008987159;0.023163322
0.023619313;-0.21702902;-0.06584434
-0.06860455;-0.33221698;-0.10580047
-0.08925864;-0.28139856;-0.084640376
-0.021406911;-0.17511886;0.0010376966
0.03599947;-0.051813837;0.010205157
0.06629958;-0.02660732;0.0081641255
0.006164661;-0.109567106;0.019031301
-0.10756827;-0.18687244;0.049600042
-0.09855462;-0.24481045;0.024055032
-0.031968694;-0.23647335;0.019244026
0.040050045;-0.3188662;-0.02210478
0.060165036;-0.37540546;0.10731617
-0.06749297;-0.07063686;0.11085294
-0.122744374;0.10130301;0.10743235
0.0580545;0.09510491;0.048445884
0.1433186;-0.052041072;-0.029993294
0.042779878;-0.29632035;-0.15211964
-0.0501511;-0.3886188;-0.18107072
-0.021370877;-0.35620752;-0.11673157
0.001653298;-0.33027852;0.040989745
-0.05492736;-0.52359784;0.1265418
-0.10644189;-0.92044073;0.12623344
-0.04140351;-1.4176027;0.03848675
0.19187719;-1.6028321;-0.1285856
0.47850177;-1.1322657;-0.33099347
0.5765514;-0.21362503;-0.4835448
0.4018661;0.64785;-0.5868358
0.18399289;1.1073425;-0.86009365
-0.027805682;1.1272802;-1.1224499
-0.37536955;1.5361992;-1.3073349
-0.51904565;2.1859174;-1.245868
-0.15898651;2.6870885;-1.2295069
0.3665608;2.6988895;-1.0523555
0.68074864;2.138018;-0.6637594
0.6570989;1.1307267;0.33930498
0.31317914;0.30497202;0.74019396
-0.0338317;0.033430744;1.0265301
-0.30206537;0.070787564;1.2649741
-0.5447773;0.20399334;1.2557293
-0.65457183;0.2073353;1.0920835
-0.5361575;-0.06967864;0.82054174
-0.29142597;-0.6338679;0.4783084
-0.07376578;-1.2883444;0.06702173
0.07223738;-1.8400505;-0.3370076
0.1609149;-2.1298528;-0.2102311
0.17248192;-2.0179448;0.10056513
0.053610537;-1.5737308;0.061702102
-0.05086157;-1.0714847;0.058736682
-0.14068925;-0.71187526;0.0063643446
-0.1969264;-0.6320002;-0.24178353
-0.21691613;-0.6134127;-0.36842683
-0.1360329;-0.56260514;-0.36036646
-0.07445132;-0.6110216;0.0023318355
-0.16581106;-0.5419423;0.29561546
-0.13264884;-0.4335538;0.23649238
-0.31236908;-0.18278056;0.4548189
-0.42177027;0.058463056;0.52323014
-0.4624162;0.17489545;0.4248341
-0.39180797;0.021166354;0.17736727
-0.25407138;-0.3315044;-0.17060618
-0.0876321;-0.65895355;-0.50835997
0.08614432;-0.79278785;-0.74106294
0.20329046;-0.59048027;-0.59597534
0.15950736;-0.11613421;-0.24865529
-0.0067691077;0.20084263;0.19482577
-0.25229028;0.13723661;0.46523562
-0.37370723;-0.06677321;0.45968848
-0.23959078;-0.26279357;0.2646258
-0.079172626;-0.39148486;-0.007049366
0.014786899;-0.5006879;-0.3587645
0.01807952;-0.6224253;-0.6213866
0.017588615;-0.6166902;-0.46898428
0.039070893;-0.6214772;-0.17518742
-0.049993288;-0.64405674;-0.052649938
-0.11811963;-0.5371204;-0.12336995
-0.088245705;-0.48907134;-0.42682096
-0.067471564;-0.66938204;-0.7508318
-0.10397725;-0.87613064;-1.0319154
-0.0425568;-0.99777955;-1.2052199
0.10970456;-1.0544736;-0.85323834
0.17213865;-0.9717039;-0.2982157
0.14396092;-0.7398631;0.014552446
0.037043735;-0.2887655;0.11164196
-0.10161501;0.07836261;-0.073186435
-0.24691701;0.15956509;-0.35229915
-0.2881586;-0.06609793;-0.45058933
-0.17115189;-0.29975334;-0.48703396
0.016203491;-0.30855268;-0.36931467
0.08796279;-0.35621715;-0.17513923
0.12037023;-0.3474737;-0.15729888
0.08379619;-0.28422898;-0.21490161
-0.0017130501;-0.09925818;-0.23129629
-0.01387044;0.092468455;-0.41316202
0.026403649;0.20522477;-0.48365462
0.10549792;0.2579298;-0.4931737
0.13127333;0.24696885;-0.5054765
0.123768665;0.03507508;-0.35594368
0.07713994;-0.19381493;-0.29412994
0.04608695;-0.101926945;-0.35249144
0.002494558;-0.06591656;-0.43199316
-0.029254355;-0.105858244;-0.48465702
0.023471517;-0.097186595;-0.45335063
0.065652214;-0.14024928;-0.392368
0.04002177;-0.15282442;-0.1920194
-0.017982583;-0.20038454;-0.050490517
-0.06438607;-0.23843263;-0.085704915
-0.10775885;-0.22512111;-0.15762644
-0.16745709;-0.33322188;-0.08391365
-0.14646566;-0.3572025;-0.049943417
-0.0015475329;-0.19201201;-0.088392235
0.11751197;0.043265395;-0.14415129
0.12525958;0.14086232;-0.17469603
0.07208266;0.20018986;-0.14600682
0.06079113;0.22577688;-0.06524296
0.0048829042;0.077496506;-0.09438187
-0.058593675;-0.1723778;-0.059880495
-0.02499994;-0.25665224;-0.10571689
0.036250047;-0.25844678;-0.29004225
0.05712504;-0.21300744;-0.30312756
0.11445003;-0.007905945;-0.19093955
0.11656003;0.14680025;-0.10587664
0.05574802;0.3299402;-0.08157631
-0.09290159;0.48582715;-0.03557355
-0.21807127;0.3105367;0.27310365
-0.14633201;0.15155438;0.21848293
0.036059387;0.0962435;0.10759884
0.11009751;0.014494803;0.039204072
0.16307801;0.020970842;0.026675759
0.1960874;0.15427667;0.06665311
0.11311992;0.18592134;0.12050999
0.0029959404;0.22373708;0.19172049
-0.04447825;0.42273965;0.10650139
-0.0543326;0.45694172;0.10395111
-0.12471608;0.15617839;0.19409838
-0.18727286;-0.2656823;0.22246622
-0.14356829;-0.5437958;0.21547297
-0.0117296325;-0.5819117;0.18800338
0.06874129;-0.50302935;0.3379027
-0.0012569646;-0.40867347;0.53594714
-0.16663057;-0.44881377;0.79125774
-0.32705447;-0.47780102;0.86738116
-0.38039356;-0.4603658;0.8626549
-0.33868986;-0.44329265;0.74949896
-0.23032688;-0.34213412;0.46209916
-0.15613651;-0.2612073;0.13999183
-0.071784206;-0.18396583;-0.26144403
-0.0011773637;-0.08467267;-0.5513427
0.11468311;0.019761864;-0.5973242
0.23862149;0.17830949;-0.55129683
0.3096472;0.4551476;-0.7285375
0.33521774;0.48286808;-0.798455
0.3431742;0.23941946;-0.85517025
0.40578938;0.12278557;-1.1880424
0.5371315;0.24197845;-1.277387
0.6672052;0.5092078;-1.1406597
0.63063914;0.6417412;-0.92034024
0.40451133;0.529018;-0.81869406
0.26110905;0.46383938;-0.64518964
0.19638725;0.3148215;-0.3743548
0.2071098;0.2487322;-0.28424948
0.30631283;0.14273576;-0.28482145
0.47317526;-0.10456139;-0.33527905
0.4785402;-0.3680241;-0.3676373
0.3328322;-0.10691929;-0.47223485
0.27876574;-0.088660434;-0.40073708
0.2417626;0.0071966536;-0.33211312
0.20591007;0.46825734;-0.4284102
0.27410305;0.45898086;0.021065775
0.16928245;0.5703097;0.30200887
0.022925958;0.7281228;0.29902896
0.018340766;0.7231232;0.27789506
0.08967261;0.73474854;0.10903479
0.15298809;0.71279883;0.08527471
0.23489048;0.84836406;0.045563515
0.25666237;1.1255662;-2.679369E-4
0.1553299;1.1488905;0.09197315
0.06176392;1.0300499;0.27435976
0.07441114;1.0912274;0.37886283
0.1345289;1.0979819;0.33746526
0.13887313;0.90807307;0.1777847
0.2298485;0.91239595;0.15160276
0.30262882;0.9627293;0.05253221
0.27960303;0.9248709;-0.13609923
0.09868243;0.7789592;-0.25419188
-0.07105406;0.6075424;-0.24163476
-0.13809325;0.4485339;-0.12065156
-0.1229746;0.29788962;0.07574438
-0.048379675;0.1070617;0.064501755
0.05504626;0.04033686;-0.08628922
0.15653701;0.011956986;-0.1647345
0.1189796;0.06737809;-0.25444385
-0.017316315;0.11327747;-0.28382853
-0.14510305;0.17655948;-0.26534405
-0.116082445;0.33031008;-0.22379869
-0.105365954;0.51346684;-0.1751327
-0.23429276;0.59827346;-0.26852414
-0.2905592;0.7028375;-0.41008297
-0.23244737;0.56227;-0.32806638
-0.2984579;0.824816;-0.35439646
-0.52626634;1.0409075;-0.4118375
-0.86788803;0.8174916;-0.54568094
-1.1130605;0.42020422;-0.75060725
-1.1998234;0.091632135;-1.1637671
-1.1067337;-0.15716304;-1.6450762
-0.94788694;-0.6218242;-1.4191859
-1.0020596;-1.5333968;-0.46347374
-1.2703977;-2.018905;0.52531475
-1.5663182;-1.661999;0.4874393
-1.632742;-1.2483492;-0.5639548
-1.5186936;-1.2580544;-1.9042889
-1.3243299;-1.9376935;-3.0312436
-0.9735264;-3.1595297;-2.80312
-1.0444461;-4.671374;-1.9174958
-1.0730569;-5.3245993;-1.4589967
-0.628758;-4.497179;-0.82344735
-0.2639439;-2.9664934;-0.6681329
-0.20178013;-2.2669446;-0.8563813
-0.5895491;-3.1698058;-1.2101051
-0.74195176;-4.0858445;-1.902459
-0.37324893;-4.0311756;-2.5032172
0.14046335;-3.8874404;-2.4650738
0.3686207;-3.7724524;-2.190809
0.36364654;-3.117962;-1.7401472
0.31122974;-2.1818695;-1.2171178
0.22242129;-1.2079957;-0.6361942
0.041999534;-0.55389655;0.109794624
-0.061712872;0.17563279;0.7659607
-0.0509328;1.0655062;1.1221435
-0.04387124;1.6274049;1.1164649
-0.07103449;1.920674;0.8056719
-0.05526509;2.2302892;0.6601625
-0.07077458;2.4904814;0.687505
-0.10974466;2.5048852;0.659379
-0.07685823;2.578908;0.7400032
0.06195092;2.6506264;1.0576276
0.13706073;2.664251;1.3554771
0.09871109;2.650151;1.4406316
0.12115637;2.5576208;1.4290679
0.2031751;2.4742217;1.4026293
0.33285257;2.4606273;1.2627285
0.43815705;2.4716268;1.0789328
0.6161507;2.3710515;0.9600212
0.85542053;2.2937162;0.7539544
0.95308644;2.2115355;0.5375385
1.0062191;2.0567284;0.51753086
1.0706003;1.8156952;0.5983997
1.1096052;1.6463062;0.61621976
1.0626842;1.6186074;0.6367258
0.90639734;1.5136359;0.6625056
0.7188679;1.2327838;0.6800045
0.6094693;0.9690395;0.7143161
0.5344505;0.6314816;0.5003591
0.46818537;0.35518527;0.118256055
0.5057983;0.35914823;-0.23195766
0.48588863;0.39200607;-0.37931612
0.3324609;0.30422986;-0.3768904
0.27846873;0.1715089;-0.2796373
0.23527497;0.0012696116;-0.21589735
0.15071999;-0.09273431;-0.060217883
0.051825985;-0.13824995;0.3487007
-0.19603921;-0.30434996;0.79771054
-0.44433138;-0.53254247;0.95379347
-0.5898401;-0.926034;0.20990975
-0.6906221;-1.3377022;-1.3320721
-0.52749765;-1.3670367;-2.1781578
-0.27824813;-1.2592543;-1.9706511
-0.1038485;-1.2355285;-1.4671459
-0.0768288;-1.0884228;-1.1580918
-0.17708804;-0.74573827;-1.4827235
-0.22917043;-0.0965906;-1.8424287
-0.33021134;0.6352275;-1.880193
-0.5141691;0.292557;-1.8760294
-0.7675853;-1.2472044;-1.0445735
-0.9859432;-2.6227634;-0.17003381
-2.074692;-2.9169607;0.554598
-2.2722538;-1.8898187;0.97180337
-1.930303;-0.8493549;1.3211927
-1.6418986;0.14551607;1.3241416
-1.5322689;0.79766285;0.22962582
-1.4113619;-0.45561972;-0.27879936
-1.5158083;-2.8269958;-0.19803947
-1.7276857;-4.0490966;-0.01155658
-1.6233596;-4.0892773;-0.056120265
-1.0172912;-4.027672;0.12385379
-0.44620594;-3.9408875;0.55845803
-0.23841007;-3.49021;1.1373914
-0.23643118;-3.142168;1.6099131
-0.36160588;-3.0887344;1.930118
-0.52092534;-3.0584874;2.1276882
-0.59662306;-2.59679;2.2763693
-0.515775;-1.6774321;2.3956559
-0.278538;-0.5669456;2.2114954
-0.060061835;0.42769352;1.832087
0.08595932;1.0796548;1.7625446
0.22970496;1.4137238;1.6190201
0.38864678;1.5247291;1.3178723
0.5023237;1.5885333;0.9722666
0.5741246;1.8270766;0.69734454
0.5686746;2.0366614;0.37389123
0.48697096;2.016829;0.12294112
0.3856705;1.7259632;-0.09871742
0.34916142;1.5682706;-0.45817316
0.42464164;1.2858665;-0.76097214
0.55846334;1.0474432;-0.8173714
0.7241144;1.2004546;-0.92772526
0.72304153;1.5541136;-0.991399
0.43780822;1.6995409;-0.8868692
0.13462158;1.6346327;-0.8930891
0.113166004;1.6952062;-0.78322124
0.27256405;1.79054;-0.48360828
0.37742624;1.819932;-0.26813662
0.414441;1.6621956;-0.44966555
0.3893653;1.3297565;-1.3464512
0.55055475;1.0825552;-2.0412235
0.8154438;1.2004192;-1.8298538
0.9414175;1.5853353;-1.323258
0.99688405;1.7432683;-1.0179814
1.1068822;1.6477396;-0.8112601
1.3105057;1.5213166;-0.6896331
1.4640297;1.4326783;-0.6579565
1.5055987;1.3336427;-0.7544902
1.3794789;1.1903516;-0.93171716
1.2910832;1.1475939;-1.1203737
1.2172415;1.1055751;-1.202549
1.0394182;0.9985225;-1.1151642
0.87840956;1.0066305;-0.96088135
0.7996027;0.98342943;-0.6655801
0.7771821;0.857056;-0.43246406
0.8373707;0.8950198;-0.19284625
0.8511466;0.91601586;0.239473
0.6246672;0.9593752;0.4009534
0.3091088;1.3050002;0.16763772
0.10353704;1.0979064;-0.009639823
0.08282963;0.8783251;-0.0077118585
0.4162637;1.931957;-0.40616947
0.36738595;1.3827726;-0.2374356
0.050158773;0.69069076;0.016301528
-0.106747985;0.5621229;0.059916224
-0.19164838;0.5684483;0.05105798
-0.3408187;0.40690708;-0.2841536
-0.42265496;0.19329911;-0.2210729
-0.49437398;-0.10551696;0.34189168
-0.5923742;-0.33753857;0.7578884
-0.48952433;-0.3426871;0.8750607
-0.40099448;-0.29524344;0.5000485
-0.54579556;-0.27994475;-0.45621118
-0.79288644;-0.23567455;-1.299344
-1.3499342;-1.2869772;-1.6426002
-1.8580723;-3.2092693;-1.4172051
-1.7364578;-4.5767903;-1.0993891
-0.9516663;-4.9614325;-0.5670113
-0.26445803;-4.7878957;0.07139098
-0.25219142;-4.2053165;0.9008628
-0.54862815;-2.7205033;2.1191278
-0.5826525;0.50484735;1.8312397
-1.4395595;3.0148153;0.043116745
-2.914636;-1.2303352;-1.2686316
-2.6189158;-7.2905183;-2.5617802
-1.019156;-9.182415;-2.4931743
0.6260814;-8.470932;-1.0070394
1.4383651;-6.5267453;-0.021256505
1.044442;-4.3213964;0.5173698
0.25899118;-2.632117;0.79202086
-0.10843205;-1.4181936;0.6648667
-0.20080814;-0.58455485;0.20376834
-0.23564652;0.1573561;-0.23386033
-0.17601721;0.94463485;-0.31208825
-0.14393876;1.5807079;-0.009045612
-0.18858851;1.8895663;0.3458885
-0.10712081;2.0929031;0.4454608
0.10336585;2.2868226;0.5501186
0.15456767;2.460708;0.78071994
0.047091644;2.9748163;1.0027009
-0.054514185;3.9173532;1.1615357
-0.19829884;4.4245076;1.1136036
-0.3352016;4.336481;0.83150786
-0.22597376;4.04106;0.7589563
0.07859599;3.7734728;0.87591505
0.4410018;3.5234659;0.972607
0.77155143;3.4406476;0.7812106
1.0688037;3.3931432;0.660906
1.3987929;3.353577;0.7865373
1.7190343;3.4430177;0.9042298
1.9596025;3.3115432;0.66713387
1.983307;2.6683753;0.23526959
1.9178956;2.0658035;0.10227818
1.8405665;1.6660218;0.34432253
1.7568282;1.5224171;0.659833
1.4429625;1.533754;0.8481789
0.98874503;1.3016125;0.84729314
0.806621;0.92644626;0.798147
0.8952968;0.5190867;0.7228926
0.95373744;0.28704673;0.72128284
0.79423994;0.09750847;0.8317138
0.51039195;-0.07516705;0.86224604
0.45831358;-0.09455747;0.7976093
0.32915086;0.027723163;0.6091812
0.24457069;0.1294051;0.44671997
0.24565655;0.13218619;0.3003447
0.14652523;0.019640548;0.042619526
-0.0015298071;-0.07811081;-0.16668563
-0.113723844;-0.073963255;-0.32631725
-0.21597907;0.11123955;-0.3954288
-0.42590827;0.4661401;-0.43040556
-0.7876016;0.66978705;-0.34901193
-1.2019563;0.4284078;0.040321704
-1.486565;-0.043992527;0.41741362
-1.526752;-0.39891472;0.31283715
-1.4151516;-0.69447356;-0.34894904
-1.2289963;-0.95557886;-1.1010343
-0.930072;-1.1761818;-1.5714524
-0.7034326;-1.470633;-1.8477869
-0.7033711;-2.2702563;-2.0813546
-1.0064468;-3.73808;-2.1994586
-0.9395325;-4.706089;-2.2251918
-0.317251;-5.0336213;-2.3301535
0.3368242;-4.645647;-2.7109978
0.72883433;-3.2977676;-2.3062983
0.07994249;-1.7069641;-0.3544136
-1.3657335;0.58755374;1.2852191
-2.449618;2.679418;1.7500503
-2.5534444;0.9341594;0.5750402
-1.7208805;-4.1557975;-1.3180928
-0.9634232;-7.543388;-2.4388492
-0.44573855;-7.5847106;-2.2448294
0.08403415;-5.3052683;-1.4833635
0.3031648;-2.5254645;-0.7491908
0.18159436;-0.72662175;-0.118102655
-0.062537014;-0.12504737;0.40551788
-0.25002962;0.0687121;0.7525393
-0.29221117;0.38621968;0.95828146
-0.16814396;0.77147573;1.1322502
-0.09701516;1.1046805;1.2995502
-0.043237127;1.3087444;1.4021401
0.049785297;1.3344955;1.3810871
0.06170324;1.2425965;1.1954947
0.03373759;1.0565772;0.91264576
-0.012072428;0.83276176;0.70511657
-0.04559544;0.6662094;0.5172183
-0.038038854;0.6204675;0.24814962
0.013318917;0.683874;0.06414469
0.059092633;0.9095992;0.004440753
0.058211606;1.0714294;-0.1745724
0.088756785;1.0196435;-0.4365329
0.16163042;0.6969648;-0.46797633
0.23242934;0.27632183;-0.6118811
0.34063098;0.021057468;-0.8957549
0.4162548;-0.07690403;-0.9041039
0.43456632;-0.13027322;-0.7639081
0.43984056;-0.26046857;-0.7955015
0.39874744;-0.43962488;-1.0739012
0.32681045;-0.59544986;-0.96849597
0.29113588;-0.8013599;-0.37479675
0.2657212;-0.80983794;0.17203759
0.28913945;-0.35412034;0.69075507
0.24693656;0.19170372;1.1463541
0.13348675;0.49086297;1.5014583
0.0786644;0.7926904;1.6871041
0.15511902;1.3279023;1.9528083
0.21159522;2.171697;2.066934
0.17240117;2.9154825;1.7410473
0.24104594;2.9511359;1.0209628
0.43658674;2.3952837;0.32302028
0.6961444;1.828727;-0.48845878
1.0069156;1.5879816;-0.931392
1.3117824;1.7485102;-0.75448865
1.461926;2.2972457;-0.2379659
1.4507908;2.9081092;0.31900227
1.1950076;3.0557842;0.67082685
0.86225605;2.6688461;0.90697396
0.6804299;2.027655;1.0693291
0.7755939;1.445952;1.1335883
0.9361001;0.95558983;1.1404644
0.9707551;0.6730656;0.7194028
1.010979;0.6072025;0.17552222
1.1025332;0.5584182;0.11541778
1.0507766;0.38189083;0.31577173
0.86562127;0.33441892;0.4104299
0.692497;0.26753515;0.3283439
0.47899762;0.23121561;0.2798626
0.2894481;0.15762873;0.1817026
0.31905848;0.20852487;0.24848709
0.29274678;0.14572614;0.26597717
0.07794742;-0.05568471;0.05028173
0.11860794;-0.279704;-0.047274616
0.25113636;-0.6182945;-0.06750719
0.2759091;-0.9344793;-0.26338077
0.27697727;-0.97102094;-0.4357046
0.22783181;-0.89556676;-0.19543868
0.00726545;-0.94301593;0.021774054
-0.16293764;-1.0200378;0.114294246
-0.16160011;-1.1144677;0.114872895
-0.04803009;-1.1634492;0.10283582
0.061575927;-1.2432593;-0.072418846
0.14301074;-1.1758574;-0.10793508
0.1269086;-1.0469359;0.21990193
-0.017223125;-0.8219238;0.5626403
-0.0950285;-0.670039;0.6758935
-0.0885228;-0.5141562;0.63524604
-0.08956824;-0.38944998;0.59413433
-0.2216546;-0.35218498;0.4792137
-0.20232368;-0.40987298;0.06696472
0.013141061;-0.4310234;-0.13002197
0.28551283;-0.2541937;-0.011830077
0.29716027;0.0060200337;0.07256719
0.093978226;0.392316;0.10961625
0.006432579;0.8826028;0.231443
-0.06985394;1.2498323;0.3976544
-0.15588315;1.4295533;0.39702976
-0.14345652;1.6006739;0.29809257
-0.08976521;1.6805391;0.28691155
-0.028062172;1.6413063;0.31898236
0.008800262;1.5907794;0.30127963
-0.02420979;1.5482094;0.2562581
-0.10061783;1.5008478;0.24328773
-0.10549427;1.512812;0.23291142
-0.25939542;1.461031;0.19804789
-0.5012663;1.2110122;0.18109456
-0.5728881;1.0031848;0.11831315
-0.47081044;0.6646572;0.11574427
-0.44227335;0.29442108;0.14025167
-0.5194437;-0.070859626;0.24813883
-0.9436799;-1.0653303;0.5527957
-1.358069;-2.1507018;0.5341433
-1.2208302;-3.0080614;0.24547872
-0.8829141;-4.256449;-0.42617562
-0.40320632;-5.6614094;-1.7186749
0.40868494;-6.5666275;-3.32494
1.542573;-6.190802;-4.200577
2.9903083;-4.9463916;-4.9542117
2.9547467;-2.8821132;-4.175869
0.61379737;-1.9494406;-1.0000703
-2.483962;-2.7720525;1.8374437
-3.9074821;-4.561392;1.7058924
-2.3087983;-5.4616137;0.839714
0.2654614;-5.0692906;-0.17354132
1.2467442;-3.6804328;-0.21383306
0.7223953;-1.1068462;0.19143355
-0.22833377;1.7895231;0.40783435
-1.1170421;3.2878685;1.2122049
-1.6123836;3.5927947;2.4053109
-1.5367819;4.214861;3.0021784
-0.85130054;5.7937636;3.04686
0.084584594;7.6037607;2.7038941
0.7739177;8.401759;2.1959279
0.9285091;7.508907;2.0325234
0.9459323;5.8446255;1.9299251
0.98799586;4.517888;1.72519
1.0778967;3.737748;1.3535895
1.0310674;3.1776984;0.8328716
0.79985386;2.834346;0.3631723
0.3086331;2.479977;0.31006908
-0.19371852;1.8058566;0.7644615
-0.4018498;0.98999774;1.4271942
-0.22460486;0.20527942;1.8573804
-0.064058885;-0.8064796;1.7327793
-0.3262471;-1.9776056;1.1330985
-0.5016227;-2.7141156;0.0064787525
-0.25754815;-3.30723;-1.2455982
-0.17791352;-4.2785964;-2.9820254
0.017044185;-5.3447523;-5.2899175
1.0792603;-6.5008016;-6.2725587
2.7071583;-7.0381413;-5.043047
3.1907265;-5.9055133;-4.4688125
1.1650813;-4.6619105;-3.9938002
-1.367935;-4.1420283;-3.15754
-2.325598;-4.132373;-1.913532
-1.5136033;-2.9558983;-0.49332565
-0.1077577;-0.58346856;0.32408947
0.77004385;1.8269751;0.7717716
0.70978504;3.239705;1.2236673
-0.025921943;3.4386392;1.6023713
-0.5988625;3.0665362;2.2233033
-0.64159006;2.978229;2.8852832
-0.49764705;3.4232082;3.1738517
-0.4949926;4.021379;3.2918158
-0.4772441;4.425697;3.1951714
-0.34117028;4.578253;2.965512
-0.24168622;4.1702194;2.7333472
-0.18084899;3.1810975;2.6398027
-0.047804184;2.2077687;2.6399672
0.11175665;1.5229776;2.4775987
0.108155325;0.9598616;2.082079
-0.025975741;0.6051939;1.4656632
-0.1426556;0.41735828;0.82878053
-0.32349947;0.15927725;0.48802444
-0.42754957;-0.31828132;0.49041954
-0.37953967;-0.65696883;0.40171063
-0.26925674;-0.8552626;0.2651185
-0.17165539;-1.0076475;0.20271981
-0.2935743;-1.1451806;-0.012824153
-0.60985947;-1.3067694;-0.3727593
-0.7410126;-1.171978;-0.49351996
-0.67718506;-1.0297699;-0.74012846
-0.63549805;-1.1191285;-1.7850715
-0.6958984;-1.5796777;-3.1952448
-0.69109374;-2.4231172;-3.991352
-0.477875;-3.2259939;-4.052457
-0.166675;-3.505795;-4.4341526
0.132285;-3.198386;-4.819197
0.212078;-2.7587087;-3.6491077
-0.2053376;-2.5632172;-2.3067863
-0.83927006;-2.6193237;-2.761054
-0.83079106;-3.301709;-3.515093
-0.10838285;-3.866367;-3.5558245
0.4664187;-2.8743436;-2.8321598
0.36688498;-0.824475;-1.6844777
-0.05336702;0.86542004;-0.6632072
-0.29269361;1.367336;-0.058690734
-0.2747799;1.0563688;0.096797414
-0.16044891;0.607595;-0.13193707
-0.15648413;0.39232606;-0.37742466
-0.1751873;0.43886083;-0.44568974
-0.13077484;0.5823387;-0.60655177
0.007880125;0.64712095;-0.7539914
0.0344291;0.40519676;-1.1469431
-0.04745672;0.0491574;-1.6613045
-0.20671538;-0.16692407;-1.6040436
-0.3091223;-0.29603925;-0.9082349
-0.26604784;-0.3743314;-0.11408791
-0.15346327;-0.29321513;0.7868547
-0.04464562;-0.040822104;1.5982337
0.008033506;0.3548423;2.194212
-0.052948195;0.6338739;2.6272447
-0.061108556;1.0258491;3.0799208
0.063613154;1.2488042;3.1295614
0.20714052;1.1084185;3.0388055
0.19696242;0.9148597;2.849013
0.23256993;0.95376277;2.8342886
0.30480593;1.2317603;2.8263175
0.24384476;0.9854082;2.261054
0.2888258;1.3070766;2.1593316
0.30606064;1.4987862;1.8040278
0.5823485;1.527154;1.2690034
0.9877538;1.4560982;0.8829762
1.2433281;2.053941;0.99173254
0.9977874;3.4384654;1.2453392
0.513855;4.702335;1.6572088
0.16733396;5.3493676;2.3117046
0.14011717;5.098244;2.6837387
0.26834375;3.9942205;2.356366
0.445925;2.4797513;1.7913427
0.697365;1.1564573;1.4580742
0.848517;0.17086898;1.3008343
0.8413136;-0.5601417;1.1719174
0.74805087;-1.0415108;0.962534
0.6234407;-1.2910212;0.4887772
0.46750256;-1.345317;-0.016790751
0.26775205;-1.1660973;-0.5071826
-0.03892336;-1.021159;-0.7666836
-0.2998887;-1.0247397;-0.7570969
-0.48991096;-1.1916668;-0.6713025
-0.7013038;-1.439271;-0.708917
-0.707918;-1.6045418;-0.9108836
-0.4194594;-1.5242584;-1.2099569
-0.15119253;-1.3475317;-1.4273405
-0.12095402;-1.4061503;-1.5707786
-0.37801322;-1.9999202;-2.4402168
-0.47116056;-3.2468112;-4.0646734
-0.0019284586;-4.491199;-5.201739
0.8328322;-5.0992093;-4.983266
1.2475158;-4.798117;-3.4709878
0.5980126;-2.907244;-2.373665
-0.5903399;-0.14454511;-1.6864321
-1.4878969;2.190614;-0.8772707
-1.9278176;2.9243662;-0.5361916
-1.639129;1.3863679;-2.2102032
-0.9113032;-1.7721556;-4.1650376
-0.21966758;-3.2427247;-4.71328
-0.37885907;-3.5316796;-4.214374
-0.29058725;-3.7190938;-2.6527493
0.3644052;-3.087775;-1.0221994
0.6508992;-1.2702199;0.23224047
0.36446932;1.171324;1.0264174
-0.033424538;2.9433093;1.705509
0.06388537;3.4108975;2.470657
0.1636083;3.1974678;2.7546506
0.049636636;2.8173494;3.1849706
0.01158431;2.4038794;3.8479764
0.07489245;2.2137287;4.382013
0.12553896;2.3662953;4.55901
0.08793116;2.3336613;4.421427
0.14534493;1.941929;3.9527664
0.29127595;1.2582307;3.1747131
0.56739575;0.43158457;2.431958
0.8726666;-0.08285734;2.0111914
0.87938327;0.15558913;1.8136406
0.6128816;0.6525963;1.7556
0.2184303;1.0423895;1.8216674
-0.09713076;1.1932867;1.891709
-0.1433296;1.1843168;1.9164922
-0.011538685;1.2537035;1.8675687
0.025144052;1.1389003;1.5159299
-0.04238476;0.7986202;1.118994
-0.09015781;0.40139616;0.7670702
-0.12837625;0.16017944;0.42615616
-0.205826;0.025018545;0.115924925
-0.3240358;-0.10029767;-0.06351006
-0.41860363;-0.15211312;-0.38830805
-0.5255079;-0.3216905;-0.70595896
-0.6516563;-0.6057899;-0.79289216
-0.77132505;-0.9533819;-0.8093137
-0.83581007;-1.2533306;-0.897451
-0.83427304;-1.2776644;-0.8882733
-0.56741846;-1.1408815;-0.8746811
-0.6851847;-0.99083024;-0.8247449
-0.9856478;-1.0426642;-0.7441709
-1.2182057;-1.1591314;-0.9953367
-1.2151896;-1.1929301;-1.8241014
-0.9971517;-1.338719;-2.6025429
-0.88522136;-1.7647252;-2.9609406
-0.9816146;-2.2211552;-3.4000025
-1.3071667;-2.8394241;-4.7496896
-1.6379209;-3.6152892;-6.1591268
-1.9251804;-4.0547314;-6.4273014
-1.6741287;-3.4062853;-5.341841
-0.24203734;-1.8437781;-4.2234726
1.1673076;-0.5375225;-3.9725282
0.4244711;-0.742518;-4.7592726
-0.29167312;-2.4377644;-6.207418
0.258849;-3.5127115;-6.3659344
0.94926673;-2.7976692;-4.5177474
1.5016009;-0.58813536;-1.870448
1.9075307;1.7857417;0.24114156
1.8728995;3.0660934;2.0554132
1.0983196;3.1528747;3.2693305
0.06303071;2.6097999;3.7060895
-0.5167629;2.0440898;3.6867466
-0.53684783;1.6790218;3.5181472
-0.36385328;1.3682175;3.3832679
-0.23014513;1.007074;3.1566143
-0.13255359;0.6806592;3.295604
-0.08104288;0.59452736;3.5192957
0.022665698;0.5756219;3.3810616
0.21813256;0.6636225;3.1126616
0.38075605;0.755898;2.8252857
0.5046048;1.1859684;2.5910878
0.7411839;1.9831498;2.2627141
0.6148221;1.2896447;1.9363431
0.63560766;0.30359083;2.0947776
0.7491111;0.31474766;1.8941815
0.7211639;0.60804814;1.4846811
0.77380615;0.8958135;1.4441901
0.7596699;1.1197758;1.7569146
0.6764859;1.4833206;1.7117817
0.5568137;1.8600941;1.4913003
0.44232598;1.8818252;1.6071028
0.4257358;1.6663977;1.9138073
0.50308865;1.5003057;1.9372958
0.5180959;1.495557;1.5279616
0.49260172;1.5730081;1.1754943
0.5409564;1.503719;1.129458
0.6327651;1.1990689;1.1285664
0.6749621;0.76394266;0.93097806
0.6368447;0.68927914;0.66978246
0.55010074;1.003767;0.67645097
0.43070558;1.2662948;0.6755358
0.32893947;1.3749499;0.46542862
0.4350266;1.5020107;0.32546788
0.63552123;1.4122531;0.40412432
0.564667;1.156365;0.35454947
0.2829836;0.87743574;0.41488957
-0.13923812;0.21942908;0.6725367
-0.38014048;-0.2841247;0.7411543
-0.2884874;-0.27104977;0.46792346
0.006710085;0.14878519;0.28996375
0.23349307;0.4310887;0.44134602
0.22741945;0.4540018;0.60932684
0.10068557;0.30577958;0.6062114
-0.05382655;-0.12500525;0.37559417
