-0.05115008;0.015402654;0.3308017
-0.307131;0.21544713;0.34589136
-0.27636886;0.6254827;-0.010786906
-0.31684706;-0.25273883;-0.45862952
-0.52344835;-1.120941;-0.4856536
-0.49541882;-0.34050286;-0.3135229
-0.13778403;0.6729102;-0.14456831
0.09655378;0.72270316;0.15309535
0.12519224;0.41410005;0.5912263
-0.17372316;0.54221755;0.822981
-0.4262344;1.0697116;0.38338482
-0.5034875;0.8729567;-0.44329214
-0.48911813;0.06399038;-0.8921337
-0.37996638;0.0027548;-1.254332
0.09827299;0.02720384;-1.2440906
0.4194387;-0.11104943;-1.0640224
0.27041423;0.12522295;-0.60746795
0.05742026;0.60799086;0.007775624
0.14742547;0.6817052;0.4437205
0.41481537;0.30630165;0.6612264
0.5789226;-0.22839618;0.9102311
0.4631381;-0.45459193;0.89693487
0.27832296;-0.41211104;0.6612979
0.157424;-0.77187634;0.22903833
-0.069177985;-1.555001;-0.65426934
-0.07819395;-2.5815008;-1.0640404
-0.13159813;-2.8120756;-0.7481074
-0.20864764;-1.6309105;-0.2984859
-0.02517007;0.07964656;0.10496128
0.35896552;1.3543422;0.440219
0.6434224;1.8928488;0.58967525
0.6889567;1.8314666;0.45299017
0.4472591;1.2620482;0.43739215
0.090229146;0.30651358;0.41241372
-0.25711355;-0.6563516;0.27368096
-0.53899163;-0.9469563;0.12519477
-0.93265814;-0.21381505;-0.33109418
-1.2730796;0.725823;0.6788747
-0.56065124;1.3009709;1.4618497
0.42843217;0.4610892;0.5132298
0.18376134;-1.4842536;-0.033166178
-0.6131472;-1.8655279;-0.23278295
-0.6073146;-1.0580473;-0.41747636
-0.2924923;-0.16206287;-0.32148108
-0.028915728;0.7890997;-0.019684866
0.1299436;1.4484673;0.3467521
0.21885966;1.5322113;0.21490169
0.295681;0.8210816;0.23442134
0.25568542;0.55374026;0.16253708
0.2352124;0.7258047;-0.21997033
0.26092383;0.5681437;-0.50097626
0.20873906;0.454515;-0.400781
0.17656156;-0.033262998;-0.6643748
0.07035081;-0.7672354;-0.6627498
-0.11215197;-1.5325383;-0.5676999
-0.56054676;-1.8260306;-0.36040992
-0.96328115;-1.2170745;0.09917208
-0.50695306;0.14509039;0.29183766
0.6016641;1.0629473;0.37097013
1.4041829;1.1394204;0.24052611
1.0639713;0.20997378;0.19867088
-0.3587839;-0.47264597;0.3214367
-1.0317537;-0.28124177;0.20089936
-0.73751235;0.29063156;0.2419695
-0.13415049;0.49813026;0.2060756
0.2716835;-0.0764958;-0.053889524
0.16759096;-0.42369664;-0.33061162
-0.05357372;-0.13270731;-0.0707393
-0.056237884;0.52039665;0.11840856
0.14456047;1.1131923;0.16972685
0.13664447;1.4452413;-0.23296852
0.41585854;-0.053181913;-0.82387483
0.37096807;-2.3019204;-1.2715999
-0.4137724;-2.8509114;-1.2922798
-1.2650023;-1.8776041;-0.4306989
-1.2284081;-0.3958333;0.38981587
-0.063976474;0.9895834;0.5118527
1.072647;2.0385418;0.37198216
1.645227;2.1113021;0.27258572
1.3279003;0.96169794;-0.3850564
0.09513274;-0.53689164;-0.32054514
-1.1629564;-0.62013835;0.2529389
-1.0983338;-0.5617357;0.71485114
-0.6454639;-0.7775135;0.95938087
-0.36324614;-0.8688858;0.8550047
-0.1812219;-0.65135866;0.8402538
0.017717788;-0.4148369;0.803453
0.17501408;-0.18811955;0.6240124
0.16105618;0.28700438;0.19920993
0.021569556;1.106166;-0.09688205
0.19154763;1.3599328;-0.31500563
0.3408602;0.8426337;-1.1207545
0.40471938;-0.616518;-1.5372286
0.35072863;-1.9619644;-1.3579079
-0.12537412;-2.0601966;-1.1675763
-0.5005923;-1.2512822;-0.61843604
-0.64148945;0.8114742;0.58962613
-0.15342592;3.1273043;1.2842009
1.0299937;3.0955935;0.8336107
1.679073;1.8467873;0.24813859
1.1010709;1.1555549;0.09851088
0.15116924;0.8205376;-0.0774413
-0.21793179;0.10408635;-0.11820304
-0.51521456;-0.39173093;0.20543757
-0.8679822;-0.19775973;0.63310003
-0.86860454;0.3511672;0.80648005
-0.23140705;0.16843377;0.670184
0.28967905;-0.31369048;0.17364722
0.2297901;-0.4790774;-0.03608222
-0.003765566;-0.4129494;-0.12261578
-0.12936743;0.09620297;-0.22309262
0.12998994;-0.08553762;-0.4034741
0.22469507;-0.8528051;-0.71652925
-0.18401347;-1.488494;-1.2138485
-0.41137093;-2.3595452;-0.6835787
-0.44608894;-3.2595112;-0.37186298
-0.68226177;-2.976359;0.2931346
-0.886825;-0.5873372;1.1720077
-0.19227253;1.9410678;1.1751062
0.9719632;2.3809793;0.6963349
1.704133;1.6610334;-0.16168207
1.6383065;0.4475767;-0.58559567
0.45908266;-0.16850114;-0.37472653
-0.5972847;0.062074084;0.09396879
-1.0312457;0.33715928;0.48767504
-0.94179344;0.2837899;0.63389003
-0.49874723;-0.22765557;0.750862
-0.18063842;-0.18837446;0.34443963
-0.05837792;-0.27882457;-0.3994483
-0.14435859;-0.31680965;-0.62580866
-0.20357281;0.5856148;-0.57564694
0.08225894;1.3466169;-0.56051755
0.38553372;1.3335434;-0.542164
0.49983323;0.35120976;-1.0118562
0.19127283;-1.4830947;-1.5688599
-0.39073175;-3.0896008;-1.5863379
-1.2200073;-3.6154306;-1.1034454
-2.0517871;-2.3360944;0.12036869
-1.9304922;0.63112444;0.90879494
-0.28736246;2.5236495;0.73328596
1.4880788;2.332982;-0.04149623
2.218588;1.5491982;-0.426947
1.6373705;0.96123356;-0.36968258
0.15491587;0.9096118;0.19800393
-0.7890556;0.729252;0.87715316
-1.214057;0.34590158;1.0704725
-1.2267144;0.10328376;1.406378
-0.586059;-0.239248;1.0376024
0.11552783;-0.8163984;0.13633193
0.23226601;-0.6499937;-0.12843446
0.22604719;0.58469254;-0.19649756
0.63449985;1.164629;-0.34469804
1.0074534;0.08951572;-1.2163835
0.72549397;-2.0877624;-1.9606068
-0.11472201;-3.68271;-1.5809854
-1.3138479;-3.5149179;-0.5429133
-2.0245159;-2.1994343;0.36254433
-1.6336752;-0.8095475;1.2119105
-0.73194015;1.1398621;1.9695284
0.32304165;2.966577;1.8131227
1.1797224;2.8498242;1.2254982
1.1065221;1.3782969;0.60539854
-0.04490932;-0.33955002;0.090568826
-1.7468649;-2.143515;0.09120506
-3.0615544;-3.767937;0.44171405
-3.4867437;-3.7455995;0.61587125
-3.083145;-1.1089797;0.955197
-1.4446409;1.9940662;1.5266576
0.9645998;3.067128;1.6463261
2.094336;2.7177649;1.2545608
1.9645314;2.4976494;0.4786487
1.7704532;2.105932;-0.65458107
1.90855;1.3456831;-1.6361648
2.1358244;0.3609215;-1.9683069
1.9938158;-0.9487628;-1.8558955
1.5950526;-0.75901026;-1.4847164
1.2971358;-1.5322082;-1.0658981
1.2306775;-1.1288916;-0.6995935
1.3103232;-0.44061324;-0.9159248
1.6052898;-0.111865595;-0.41398984
1.9311068;-0.61136746;-0.42806688
2.099573;-1.742219;-0.8143285
2.0796583;-2.4875252;-0.6202128
1.9668517;-2.5275202;-0.35554522
1.5953563;-2.1720161;0.04993881
1.0950351;-1.2501129;0.44307604
0.7916531;-0.4375903;0.47946084
0.5395725;-0.04069725;0.16481867
0.46603298;0.3299422;-0.34939507
0.64470136;0.45145375;-0.995141
0.8626361;0.220538;-1.4617379
1.0244839;-0.120444596;-1.7350153
1.0758371;-0.15573068;-1.5817622
0.9762947;0.20041546;-1.2685348
0.8435357;0.6947074;-1.1460779
0.7498286;0.99326587;-1.1856122
0.6811129;0.86648774;-1.4766148
0.6823903;0.47131518;-1.5359794
0.77091223;0.49892715;-1.180346
0.8854798;1.1178917;-0.8286518
0.9615088;1.6474384;-0.67385894
0.9785821;1.4554507;-0.6562746
0.86099064;0.76436055;-0.7562697
0.66379255;0.20523845;-0.69564074
0.387284;0.12981576;-0.4596376
-0.015172785;0.2913526;-0.46927258
-0.37463823;0.3143321;-0.37385556
-0.41846058;0.12959066;-0.26783445
-0.31601846;-0.11195247;-0.37208006
-0.2809398;-0.08018697;-0.32266405
-0.31850183;0.28272542;-0.24094374
-0.46417645;0.72305536;-0.056817494
-0.7025912;1.0237567;0.1561085
-0.83394796;0.9799429;0.10613681
-0.7202833;0.71520436;-0.28696555
-0.54497665;0.35653847;-0.57488495
-0.37035635;0.069605775;-0.46459547
-0.19628507;0.27443463;-0.23417637
0.042971943;0.032047696;-0.18890359
-0.031247446;-0.089986846;-0.57456034
-0.27187297;0.10926052;-0.42761704
-0.051873367;0.12803341;-0.5428749
0.05225131;-0.42882326;-0.8382062
0.16680105;-1.1649336;-0.67837745
0.43969083;-1.1163219;-0.5481707
0.65175265;-0.49305752;-0.33541155
0.65265214;-0.07882101;-0.155048
0.7471217;0.1306932;0.107211605
0.9258224;0.32642955;0.08576928
0.88128287;0.51426864;-0.17279083
0.7144013;0.8239149;-0.08823266
0.50902104;0.92475694;0.12863262
0.27909184;0.31949306;0.20056234
0.27952346;-0.68346804;0.06669988
0.3517438;-1.4217745;-0.021640098
0.23452002;-1.9749196;0.11159417
0.17824101;-2.1236856;0.2916191
0.3207178;-1.3114486;0.47392026
0.38782424;-0.07103381;0.8791362
0.2571344;0.91192293;1.2861215
0.09633252;1.5045384;1.4695222
-0.10105898;1.5145682;1.4412427
-0.099597186;0.99915457;1.0561192
0.21719725;0.45088613;0.66677034
0.44563282;-0.12991609;0.3427913
0.68775624;-0.5164329;-0.017954472
0.581455;-0.6131463;-0.52061355
0.21516399;-0.65614206;-0.71024084
-0.009118805;-0.22491363;-0.27600518
0.048954956;0.3544441;-0.050491653
0.16416396;0.41168028;0.011169178
0.13758117;0.34809422;0.0011228428
-0.058685064;0.4378504;-0.24441423
-0.22194806;0.4596553;-0.4595939
-0.20255844;-0.01977576;-0.3926751
-0.22454675;-0.9345706;0.013984917
0.007862599;-1.1257815;-0.10131206
0.46879008;0.33999982;-0.44042465
0.59378207;2.175125;-0.82812095
0.13752565;2.0010374;-1.1492156
-0.4618545;-0.5413576;-0.7545287
-0.38198358;-2.598711;-0.054404188
0.57878816;-1.4664688;0.26897666
1.2255305;1.4830749;-0.07231868
0.6179244;2.3036475;-0.08129244
-0.11191048;1.0319804;-0.6251902
-0.13952838;-0.55254066;-1.4653865
-0.111622706;-1.7107825;-1.6316842
-0.35179818;-2.068626;-0.84968334
-0.41268852;-0.8049008;-0.33150446
-0.3301508;0.40295434;-0.3261411
-0.49849567;0.8661135;-0.5175535
-0.86442155;-0.016484216;-0.30505842
-1.1290373;-1.2944374;0.25556263
-0.9219798;-0.9730499;0.3060126
-0.5532088;-0.7565649;-0.08448678
-0.34569207;-1.7458769;-0.46387848
-0.0140536465;-2.1404514;-0.7119231
0.3668821;-1.5748613;-0.6384838
0.44663066;-0.372389;-0.2426718
0.27605453;0.39271381;0.2422395
-0.14790638;0.36417106;0.4793385
-0.5308251;0.20696184;0.634252
-0.83716005;0.35931948;0.68162036
-0.8853531;0.39370558;0.46639004
-0.5989075;0.7837145;0.42311203
-0.42600095;0.9019716;0.24473964
-0.6908008;0.21845226;0.31297922
-0.84014064;0.027886804;0.44178963
-0.65648746;0.40355945;-0.0028183071
-0.44393998;0.27909756;-0.398739
-0.039526995;-0.26109695;-0.4451631
0.4808784;-0.7932526;-0.632107
0.9815777;-0.67522705;-0.85793173
1.4415122;-0.13393164;-0.53507584
1.2844597;0.017854687;-0.19446693
0.7088178;0.011158749;0.1452077
0.25142923;-0.250448;0.9243693
0.07301839;-0.3753584;1.491058
0.05528971;0.00596328;1.4162838
-0.052643232;0.81727064;1.1095896
-0.32023957;1.5069416;1.0142342
-0.64056665;1.9055532;1.5832623
-0.58432835;2.14788;1.9353598
-0.27996266;2.1354916;1.6139129
-0.20209514;1.5833932;0.92550534
-0.16167611;1.2667146;0.74040425
-0.3980909;0.47587168;-0.0717391
-0.7153477;-0.38492766;-0.7323913
-0.6754032;-0.8954421;-1.192163
-0.40594754;-0.9194787;-1.0513867
-0.36850804;-0.78558296;-0.43720308
-0.7760564;-0.28471637;0.26430002
-1.1958451;0.034726903;0.67550254
-1.0285511;-0.31284347;0.36696452
-0.4915909;-0.6940248;0.067009114
-0.14014772;-0.43959484;-0.090142705
0.08475683;0.52332413;-0.46898916
0.09280547;1.5936593;-1.16191
0.14611937;2.6647713;-1.6818718
0.45752048;3.6345513;-1.7072161
0.8785164;4.2041254;-1.3255386
1.0465631;4.141425;-0.9131653
0.8872505;3.9131403;-0.41842282
0.4879254;3.7508247;0.27424613
0.10284032;3.4850347;0.7709594
-0.25210273;2.7036529;1.1370801
-0.3891822;1.4847972;1.7049766
-0.76134574;-0.1527872;2.0342937
-1.0247016;-1.0612923;2.1336849
-1.1322613;-1.0576276;2.338198
-1.274559;-0.88203955;2.4361835
-1.3727722;-0.6251629;2.8208218
-1.4779053;-0.6766928;3.3379073
-1.7463868;-1.4718474;3.582826
-2.168203;-2.1329222;3.4600108
-2.304875;-2.7125878;3.8555086
-2.1386266;-4.1481953;4.2156568
-2.095667;-6.1404314;3.4787755
-2.549385;-7.568595;1.5955204
-2.514508;-7.304876;0.7326663
-1.9428564;-5.050151;0.18613304
-0.8535039;-1.8838706;-0.30109355
0.441025;0.3772785;-0.31587484
1.1727419;1.2424479;-0.50269985
1.0967872;1.2064582;-0.8396599
0.39696106;0.4870416;-0.85297793
-0.50970167;-0.6259917;-0.57613236
-1.1468971;-1.4507934;-0.7234059
-1.2026739;-1.3668847;-0.5787247
-0.8840141;-0.6122578;-0.07547976
-0.4197113;0.24769379;0.3583662
-0.119362794;0.78878003;0.43044296
-0.08611523;1.174774;0.050604366
-0.17397031;1.3616942;-0.7407665
-0.06456687;0.63935536;0.8636368
-0.7297785;-1.6385157;2.5034094
-1.9642916;-3.3858125;2.7527275
-2.2104957;-1.4149001;0.77718204
-0.9465216;1.77433;-1.4907544
0.73575145;3.172589;-2.6551034
1.8042262;3.356821;-3.0178328
2.0925996;2.769832;-2.5267663
1.4443922;1.6705531;-1.687038
0.29184192;0.95050496;-1.1152554
-0.66613585;0.46977895;-0.56095433
-0.9508774;0.11332316;-0.16751345
-0.59038943;-0.14684147;-0.021510761
-0.084811546;-0.17684817;0.04529139
0.1653539;-0.03522854;-0.076266885
0.19947061;0.028067168;-0.3360135
0.21699837;0.038078733;-0.4000608
0.17906745;-0.12891202;-0.19504865
0.0784102;-0.24062961;-0.012288917
0.005306287;-0.1581287;0.046418868
0.1132294;-0.0046279505;0.1308851
0.35874757;0.11817264;0.098458074
0.5530564;0.14766312;0.04751646
0.68361336;0.15250549;0.031763166
0.6427891;0.2095044;0.019160533
0.56950474;0.30822852;0.06532843
0.48451003;0.42158282;0.077262744
0.43370178;0.47476625;0.124310195
0.41571143;0.461063;0.14944816
0.37670976;0.3657254;0.20080853
0.29355532;0.18320532;0.20439681
0.2387505;-0.090935744;0.20726745
0.22146915;-0.3633736;0.015813963
0.14280032;-0.6313239;-0.03734883
0.041584004;-0.7988091;-0.12362906
0.016079703;-0.7390473;-0.24890324
0.081613764;-0.5349878;-0.2616226
0.09029101;-0.29361525;-0.27804807
0.047232807;-0.1411422;-0.22868846
0.018645622;-0.097288765;-0.12045077
-0.04836475;-0.06533101;-0.12761062
-0.09416055;-0.02413981;-0.13958849
-0.09056281;0.008813152;-0.1054208
-0.038075253;0.05392552;-0.040586635
0.011727298;0.061890416;0.011280691
0.062897466;0.09013733;-0.009725447
0.0694586;0.093984865;-0.13278036
0.12080125;-0.052937105;-0.13122429
0.14468788;-0.15797469;0.12002057
0.11184405;-0.04200475;0.38976645
0.060568992;0.2538962;0.35556316
-0.04334168;0.56561697;0.34070054
-0.13623585;0.8024936;0.28506044
-0.16816837;0.80449486;0.12804835
-0.20152688;0.5217209;-0.016311327
-0.21883869;0.2267517;-0.044299062
-0.24196549;0.012651366;-0.15418924
-0.1897638;-0.18987891;-0.2858514
-0.09634229;-0.35502812;-0.14743112
-0.02336289;-0.3808975;-0.061694894
-0.024549687;-0.282843;-0.061855916
-0.029210063;-0.1668994;-0.043234732
-0.05774305;-0.15226953;-0.065837786
-0.10176085;-0.16869062;-0.09017023
-0.112072736;-0.1349525;-0.11588618
-0.124130845;-0.076712;-0.08020895
-0.16053514;0.019880405;-0.03916716
-0.16287635;0.122154325;-0.037583727
-0.1418001;0.25084847;0.026183018
-0.15939957;0.31942877;0.089696415
-0.18302502;0.305543;0.09675713
-0.13113682;0.1913094;0.077405706
-0.087648705;0.096797526;-5.754353E-4
-0.031834666;0.049313024;-0.056710348
0.031975504;-0.079299584;-0.15161827
0.14237727;-0.30406466;-0.13379462
0.27278855;-0.52762675;-0.050785698
0.38307458;-0.6471014;0.0031214415
0.39630342;-0.6208061;0.0024971531
0.28462085;-0.19351989;-0.16050228
0.29254043;0.3545591;0.06534818
0.36254796;0.34927228;0.22102854
0.31308526;0.23254281;0.18932283
0.051249452;0.17978425;0.25145826
-0.17345357;0.1875774;0.22616662
-0.21356754;0.3000619;0.20593329
-0.09409621;0.45254955;0.22099663
0.056754276;0.40891463;0.2017973
0.05868467;0.1927567;0.086437844
-0.073560074;-0.06454463;-0.06834973
-0.23892619;-0.3547607;-0.19217978
-0.33850423;-0.46505857;-0.35999382
-0.3473903;-0.47204685;-0.46299505
-0.27409145;-0.40888748;-0.44539604
-0.17906319;-0.31460997;-0.36256683
-0.07046002;-0.22043799;-0.27442846
-0.05636802;-0.17635038;-0.21954277
0.006565741;-0.09733031;-0.11000922
0.057010405;-0.09348925;-0.019257376
0.07041301;-0.0497914;0.028344098
0.08699447;-0.03983312;0.06642528
0.102212764;0.008758504;0.11564022
0.1065749;0.066381805;0.11751218
0.0833068;0.12498044;0.08775974
0.070551686;0.17498435;0.1014578
0.07362885;0.17436248;0.08116624
0.08194996;0.14573999;0.027432987
0.09036465;0.07596699;0.009446391
0.055104222;0.020148592;0.0075571127
0.04213025;-0.03700613;-0.03770431
0.060657326;-0.1296049;-0.042663448
0.084658675;-0.12555893;-0.0028807584
0.08686756;-0.091072135;-0.014804606
0.113634676;-0.06035771;-0.018093685
0.12137649;-0.07953617;-0.033224948
0.060773067;-0.094878934;-0.020329958
0.045102827;-0.116528146;-0.035013966
0.05678539;-0.09322252;0.0032388265
0.093475185;-0.07145301;-0.003658939
0.1380614;-0.016537411;0.04082285
0.1600585;0.05864507;0.08890828
0.18390617;0.056291055;0.10862663
0.21587494;0.060657844;0.1244013
0.19769995;0.04227628;0.11202104
0.17690995;0.058821023;0.07711683
0.18918422;0.10018182;0.09294347
0.12869112;0.12702045;0.099354774
0.0857654;0.11724136;0.079483815
0.07251857;0.10316809;0.051087055
0.021296106;0.05753447;-0.021630356
-0.020853741;-0.016472422;-0.061054286
-0.08933924;-0.04755294;-0.11134343
-0.14061202;-0.11929235;-0.14532474
-0.15467711;-0.15480888;-0.1475098
-0.17335106;-0.1488471;-0.14925784
-0.17891523;-0.15032768;-0.15065627
-0.19664781;-0.12963715;-0.12052502
-0.15575574;-0.084959716;-0.11517001
-0.15507334;-0.06796777;-0.09213601
-0.15081649;-0.04499922;-0.048708808
-0.11674694;-0.007874375;-0.032717045
-0.118397556;-0.0031745003;-0.019923637
-0.115811795;0.0318354;-0.04406391
-0.10026662;0.03796832;-0.035251126
-0.07630705;0.017874656;-0.018825902
-0.051475324;0.023674725;-0.0025607217
-0.037469324;0.0126897795;0.010451423
-0.024116084;0.010151824;0.03961114
-0.019292867;0.0018714591;0.0066889105
0.009370394;-0.014127833;-0.013398872
0.05144163;0.023072734;0.0330309
0.06810643;0.009083187;0.04517472
0.07948514;0.02601655;0.061139777
0.08077561;0.04581324;0.080161825
0.07594862;0.08040059;0.08287946
0.077946395;0.07369547;0.097553566
0.08149774;0.06520638;0.096792854
0.099963814;0.0896651;0.06493428
0.1010648;0.09360708;0.008197426
0.080851845;0.056135666;0.04405794
0.0681971;0.007408533;0.047746353
0.07018268;-0.012823174;0.025697082
0.07684927;-8.8353903E-4;0.014307666
0.04233879;0.02429317;0.017696133
0.039730407;0.044434536;0.045406908
0.064596824;0.060547628;0.042575523
0.03214621;0.057813104;0.04031042
0.008529468;0.049375482;0.050998338
-0.027551426;0.048875384;0.03454867
-0.062275514;0.04222531;0.008888935
-0.053726662;0.018155247;-0.017888851
-0.054309454;-0.016725803;-0.014311082
-0.081728816;-0.069630645;-0.017698865
-0.09233618;-0.090079516;-0.10165909
-0.098868944;-0.06893861;-0.050077274
-0.058001403;-0.05827589;0.009938181
0.011020753;-0.08099571;-0.017049456
0.022488477;-0.030421568;-0.013639565
0.0027564068;0.050662745;0.026588349
0.0057207504;0.0936552;0.05877068
-0.0028452745;0.07804915;0.14076655
-0.010088719;0.034314327;0.13136323
-0.03111785;0.027451461;0.005090588
-0.09364428;0.0063361684;-0.05217753
-0.12081386;-0.007431065;-0.07924202
-0.11012765;-0.021569852;-0.01964362
-0.05743806;-0.042255882;0.10303511
0.00385424;-0.090054706;0.29492807
0.06988027;-0.16579376;0.41094247
0.07504484;-0.123260014;0.38500398
0.07917649;-0.08923301;0.40800318
-0.08958849;-0.11201141;0.032652542
-0.5025546;0.091640875;-0.41762796
-0.8326833;0.3139377;-0.44035238
-0.64895916;0.48865017;-0.2710319
-0.23401107;0.6721701;0.10817448
0.19950989;0.6658611;0.5802896
0.40843603;0.19206388;0.89548165
0.26190507;-0.7682239;0.85388535
-0.17926377;-1.280204;0.6081083
-0.4362638;-0.95228827;0.58648664
-0.44100323;-0.121205635;0.4066893
-0.22077133;0.7592855;0.23785143
-0.015728395;1.1418034;0.41528115
0.28219268;0.6853177;0.24472491
0.1952854;-0.15799583;0.49577993
0.16579862;-0.19202167;0.73412395
0.35666233;0.0057576704;0.61854917
0.37712675;-0.14851886;0.36358932
0.65756077;0.3343099;-0.015378539
0.9307361;0.6361979;0.39394715
0.82818264;0.6386458;0.75890774
0.5500461;0.6171667;0.68212616
0.3728494;0.29842085;0.49570096
0.24281076;-0.09876333;0.25906077
0.1520611;0.014739336;0.10099861
0.1966489;0.48679146;-0.09420111
0.32763162;0.8394332;-0.1378609
0.34648028;0.8434215;-0.2227887
0.26312172;0.7716122;-0.42823097
0.17221613;0.6938523;-0.5175848
0.021366658;0.58164436;-0.81406784
-0.029000424;0.44969046;-0.9450043
0.03851841;0.31443986;-1.0185034
0.18393973;0.1843644;-1.0148027
0.25418302;0.030304017;-0.86184216
0.12834643;-0.11481929;-0.6832237
-0.12701036;-0.12310543;-0.534079
-0.37895203;0.0015156567;-0.5022632
-0.42972413;0.14183752;-0.67681056
-0.1578418;0.2525325;-0.98832345
0.24872656;0.22390102;-1.0031588
0.47866875;0.06662081;-0.74627703
0.42981;0.19704665;-0.4220216
0.04619175;0.42951232;0.26550773
-0.81890595;0.42642236;0.34365618
-1.049656;0.4755129;0.5999249
-0.01824045;0.2679103;0.41743994
-0.014592361;0.21432824;0.33395195
0.76957613;0.0824001;-0.44221345
0.36644214;0.108107574;-0.5537707
-0.04981504;0.16304857;-0.6242666
-0.04532078;-0.05706115;-0.60878825
0.10593087;-0.36439893;-0.5651556
-0.015255299;-0.33058164;-0.4677495
-0.14970423;-0.2457153;-0.4085746
-0.09554464;-0.24500975;-0.2893597
-0.10065446;-0.1475703;-0.112737745
-0.27817982;0.08506876;-0.005815194
-0.40809074;0.11336751;-0.117152154
-0.5581132;-0.25774348;-0.19059673
-0.74912727;-0.6140073;-0.089977376
-0.97264165;-0.6943308;0.1561431
-1.1017462;-0.53046465;0.30616447
-1.1474125;-0.33218423;0.33243158
-1.0577738;-0.3344974;0.33157027
-1.0188752;-0.44103542;0.4308812
-1.092444;-0.55126584;0.513455
-1.1059865;-0.72538763;0.61076397
-0.95197666;-0.94593513;0.8136112
-0.9022063;-1.0348731;0.85713893
-0.93895257;-0.9341485;0.6794612
-0.7839745;-0.7035688;0.41231892
-0.49280465;-0.31910503;0.22360514
-0.2489312;0.057215977;0.12263411
-0.058519967;0.18952279;-0.089392714
0.07740278;0.16411823;-0.25901416
0.29551598;0.22816958;-0.40096134
0.63485026;0.35128567;-0.40201905
0.8387396;0.5341535;-0.43099025
0.9754839;0.7038853;-0.4447922
1.0752296;0.75217074;-0.45583376
1.1282318;0.7767366;-0.42404202
1.1133276;0.7870143;-0.4079836
1.0723027;0.81711143;-0.3951369
1.0437797;0.86931413;-0.3254845
1.0873675;0.9845138;-0.2978876
1.0941128;1.0758923;-0.22581008
1.0666964;1.0677451;-0.19314806
0.9572634;0.9768523;-0.060768455
0.8595607;0.9057006;0.12951024
0.7829611;0.86440426;0.19735819
0.69355637;0.7337109;0.23601155
0.5704701;0.5928281;0.26693425
0.4751261;0.45316872;0.3260474
0.32385087;0.3723006;0.37958792
0.1340807;0.2247936;0.58492035
-0.1513292;0.007569259;0.7054363
-0.4640321;-0.018944593;0.71434903
-0.50716317;-0.11671817;0.8339792
-0.56510556;-0.5683745;1.0296834
-0.7411469;-1.1296996;1.1862468
-0.851316;-1.5053222;1.3239974
-0.9317852;-1.5323827;1.4904479
-0.9464536;-1.3852812;1.5611084
-0.8893894;-1.27385;1.5176367
-0.87420684;-1.165955;1.3578594
-0.8333498;-1.001514;1.0925374
-0.74128926;-0.87308615;0.79902995
-0.59498453;-0.79846895;0.48297396
-0.4646595;-0.89815015;0.29887918
-0.42524323;-0.9747701;0.17660335
-0.3593352;-0.8829411;0.0037826728
-0.15934317;-0.65322787;-0.090723865
0.07174422;-0.2694573;-0.22882909
0.23942663;0.087559156;-0.41431326
0.29681474;0.3106723;-0.61270064
0.25659242;0.39853787;-0.7589105
0.176563;0.41883028;-0.8883784
0.13168009;0.44756424;-0.9232027
0.10915266;0.49555138;-0.93856215
0.07579869;0.49487862;-0.89459974
-0.008208703;0.46152788;-0.8156798
-0.1368404;0.2629723;-0.73379385
-0.36025357;-0.009934653;-0.71203506
-0.4983591;-0.10169772;-0.65712804
-0.5330623;-0.24385817;-0.5132024
-0.6178561;-0.48571154;-0.46056196
-0.7091286;-0.6666942;-0.6371996
-0.6938654;-0.7521054;-0.84725964
-0.5988423;-0.99230933;-1.0903077
-0.6204801;-1.1969725;-1.0441211
-0.6323216;-0.81695294;-1.182172
-0.24804476;-0.30668736;-1.0988625
0.15078294;-0.023474893;-0.8947151
0.38312635;0.3937201;-0.834522
0.5068917;0.59935105;-0.6957426
0.5187946;0.44510585;-0.6534691
0.35370755;0.29358467;-0.37590027
0.14702855;0.31299275;-0.15072022
0.1121541;0.5316442;0.01692382
0.25769204;0.97375286;0.060414057
0.5280286;1.3665023;0.17333125
0.7651597;1.4978893;0.213665
0.7595277;1.4358115;0.267807
0.5693409;1.1908367;0.4517456
0.26401764;0.6057943;0.7520215
-0.11422535;0.07369797;0.78911716
-0.42087248;-0.23635413;0.57504374
-0.38279173;-0.4828333;0.391285
-0.022639628;-0.56595415;-0.230722
0.47208452;0.11442419;-0.5158276
0.8734089;1.0352894;-0.059537083
0.93818027;1.117294;0.44299534
0.91734105;0.6094602;0.97314626
0.5709822;0.25631815;1.241017
0.050926406;0.287867;1.1240636
-0.078008875;0.56935614;0.7367509
0.23251477;0.90157866;0.2519007
0.55124617;1.0697004;-0.10472943
0.63474697;1.1221666;0.053716455
0.44842255;1.0258583;0.35547316
0.15405056;0.86092097;0.6593785
-0.122072056;0.82076806;0.9400028
-0.19140765;0.8193586;0.98950225
-0.074610494;0.892938;0.7978518
0.18367098;1.0856395;0.7070314
0.39928055;1.2802303;0.6093752
0.51708066;1.3366842;0.4437501
0.33475828;1.3763787;0.2675001
0.10296288;0.6862592;0.2952501
-0.047317192;-0.41759422;0.28620008
-0.09566625;-1.2166926;0.39771006
-0.09332988;-1.5686666;0.83691806
-0.28755453;-1.8393083;1.0757844
-0.670278;-1.8730091;0.94187754
-0.8750896;-1.6468447;0.616002
-0.84382164;-1.3393508;0.16155162
-0.7113855;-1.1058557;-0.1957587
-0.5652021;-0.91749704;-0.23785695
-0.47501326;-0.5183726;-0.32778555
-0.4280575;-0.1615731;-0.38097847
-0.53580534;-0.36207098;0.17021723
-0.9263005;-0.7443443;-0.23882622
-0.81760293;-0.8939129;-1.0723109
-0.13533235;-0.7510678;-1.6828488
0.46224195;-0.5133543;-1.915029
0.5057371;-0.27630842;-1.8226482
0.18251331;-0.22729674;-1.3018686
-0.3078956;-0.33652487;-0.56961983
-0.77678525;-0.3879699;0.16305411
-0.99252194;-0.34943843;0.5929433
-0.9026113;-0.20611325;0.65560466
-0.5713078;-0.07582809;0.3182337
-0.068764985;-0.071599975;-0.16416304
0.27858177;-0.23852998;-0.5188304
0.22286542;-0.19082399;-0.41506433
0.27946422;-0.3604717;-0.49455148
0.14310262;-0.32275236;-0.30814117
-0.044502284;-0.08788938;-0.14651294
-0.0043518273;0.026563495;-0.11721035
0.13206542;-0.053749204;-0.100018285
0.2818242;-0.10706186;-0.12376463
0.34030312;-0.052836988;-0.0552617
0.35661748;0.040542908;0.08704064
0.36927837;0.12930933;0.13838251
0.42764926;0.09250996;0.16070601
0.4703909;-0.033804532;0.097314805
0.5045842;-0.17079362;0.07785185
0.53003454;-0.3085099;0.14978148
0.5254925;-0.3655579;0.013575181
0.48562837;-0.31119633;-0.051639855
0.35197926;-0.20833206;-0.078811884
0.24916153;-0.14479065;-5.495072E-4
0.21846984;-0.10333253;-0.044189606
0.17848681;-0.08266602;-0.041601684
0.10060195;0.005742185;-0.0020313477
-0.0075067207;0.042093746;-0.051625077
-0.08647413;0.055549998;-0.09130006
-0.09207969;0.053815;-0.02929005
-0.029669613;0.036801998;0.06406796
0.006928372;0.0231916;0.045004368
-0.0020744898;-0.015821721;0.011003494
-0.06103459;-0.025157377;-0.053697206
-0.13501541;-0.023250902;-0.124207765
-0.13672937;-0.05297572;-0.1431162
-0.095986284;-0.12675558;-0.17074297
-0.088281944;-0.15765446;-0.19284438
-0.116560616;-0.13549857;-0.1917755
-0.08558248;-0.11777385;-0.1034204
-0.039755043;-0.12546909;-0.08898632
-0.02224593;-0.13475026;-0.15868905
-0.033116568;-0.12030021;-0.13320124
-0.07820224;-0.08061517;-0.112811
-0.0740364;-0.04261714;-0.052748796
-0.022852167;-0.049718708;-0.035949036
-0.045088373;-0.049149968;-0.06625923
-0.07435195;-0.039319973;0.021992616
-0.072860464;-0.02833098;0.04884409
-0.052526653;-0.022664784;-0.035924725
-0.055497885;-0.04313183;-0.05998978
-0.021351434;-0.08763046;-0.047991823
0.005868072;-0.10760437;-0.06964346
0.018073363;-0.1048335;-0.08696477
-0.010443653;-0.09636679;-0.032071814
0.014643124;-0.05209344;-0.04440745
0.07106508;-0.01042475;-0.023025962
0.1392007;-0.0145898;0.05032923
0.16111642;0.028953161;0.046513386
0.17488924;0.10128753;0.09346071
0.20495045;0.15603003;0.12476857
0.25790566;0.17794901;0.14981486
0.25612924;0.12985921;0.113601886
0.23361431;0.03513737;0.028381506
0.19450864;-0.0875151;0.022705205
0.15170066;-0.17001209;0.024414163
0.1272199;-0.16413467;0.038281333
0.12443218;-0.17505774;0.036875065
0.080600426;-0.16504619;0.017000051
0.0031522163;-0.10703695;0.0073500415
-0.026189165;-0.007504559;-0.031619966
-0.040091958;0.047121353;-0.062795974
-0.049261067;0.028322082;-0.07523678
-0.05093229;0.047657665;-0.07268942
-0.04836302;0.07875113;-0.05815154
-0.088495106;0.053625908;-0.07152123
-0.07841327;0.021025725;-0.06346698
-0.0703478;-0.06130442;-0.06952359
-0.06203996;-0.11779354;-0.08686887
-0.08029603;-0.14110982;-0.088245094
-0.06999855;-0.10976286;-0.08309608
-0.0444754;-0.08468529;-0.06022686
-0.004916256;-0.045873232;-0.029431488
0.018918557;-0.014823586;-0.029795192
0.024705159;0.010016131;-0.011336153
0.0082406895;-0.020112095;-0.015318923
-0.0104972925;-0.037964676;-0.03725514
0.0049810726;-0.06474674;-0.02980411
-0.017108891;-0.070547394;-0.005093288
-0.025112895;-0.06268791;-0.004074631
-0.04313719;-0.05015033;-0.0032597044
-0.055505846;-0.005745265;-0.0026077635
-0.023408584;0.026653787;0.010413789
-0.007203429;0.033823032;0.020831032
-0.01914165;0.042683423;0.029164825
-0.0038875383;0.052896738;0.01083186
0.023745438;0.032942392;0.027415488
0.022804944;0.060728915;0.04068239
0.008673643;0.051708132;0.032545913
0.049028758;0.053866506;0.01978673
0.0718402;0.049343202;0.015829384
0.07465965;0.033224564;0.050163507
0.06168085;0.0015796503;0.027630806
0.051297802;0.0043887203;0.022104645
0.05627262;-0.0058640237;0.023933716
0.06611185;-0.0109412195;0.037896972
0.06812385;0.006872025;0.017817577
0.077545956;0.02737262;0.045504063
0.052466452;0.031273097;0.01140325
0.043926287;1.8476678E-5;0.0153726
0.038851965;-0.07186022;-0.00645192
0.034987822;-0.079363175;-0.023911536
0.006896509;-0.01974054;-0.01912923
-0.017334355;-0.018917432;0.009696617
0.0033200155;-0.012008945;-0.010992707
-0.029961174;0.021642843;-0.033794165
-0.012445503;0.029814275;-0.027035331
-0.015620464;0.03635142;-0.027878266
-0.037496373;0.047831137;-0.022302613
-0.04347366;0.038264908;-0.02409209
-0.059583616;0.027486928;0.005726328
-0.08594814;0.021989541;-0.020418938
-0.06494992;0.020716634;-0.00383515
-0.06729197;0.0040733065;0.0031818799
-0.044263262;-0.009241355;0.015045504
-0.025840297;-0.051143084;-0.0504636
-0.05319177;-0.11278947;-0.034120876
-0.04450654;-0.10898157;0.010203298
-0.03365211;-0.07781026;-0.035587363
-0.017351372;-0.06849821;-0.07846989
0.00906812;-0.07354856;-0.07527591
0.0015904338;-0.046338852;-0.07897073
0.020412972;-0.008946082;-0.06942658
-0.020095404;0.0053431345;-0.049291268
-0.046740387;-0.0019754926;-0.026933013
-0.03163059;-0.026580393;0.0034535893
-0.044445097;-0.036889315;0.009012871
-0.012606858;-0.0045114523;0.025960296
0.009152794;0.027640838;0.058268238
0.012986298;0.040862672;0.05286459
0.02572107;0.057690136;0.048541673
0.032002635;0.05552711;0.05758334
0.027555235;0.06629669;0.01481667
0.047044188;0.05303735;0.011853336
0.02982285;0.02055488;0.015732668
0.042998906;-0.042931095;0.0063361353
0.05353975;-0.059344877;0.017568909
0.0428318;-0.0474759;0.014055126
0.03426544;-0.03485572;0.0237441
0.046552975;-0.024759578;-0.006004719
0.04876582;-0.03855766;0.026446225
0.064012654;-0.08709613;0.07740698
-0.017735189;-0.1478019;-0.07557441
-0.12336784;-0.09011652;-0.12920953
-0.09869427;-0.047093216;-0.0033676263
0.09721646;-0.08142457;0.1598059
0.25765598;-0.08388966;0.13409472
0.1830779;0.011013272;0.069775775
0.06423576;0.11506062;0.19332062
0.0933808;0.16392349;0.36090648
0.16103277;0.1030138;0.4512252
0.11906058;-0.061338965;0.36723015
0.11087347;-0.39594617;0.38128412
0.23049565;-1.0605069;0.5987773
0.105880894;-1.6734055;0.49777183
-0.75025624;-1.4543494;0.32321748
-1.6957128;-0.56972957;0.646074
-1.633914;-0.30578363;1.2043592
-0.6118187;-0.8321269;1.1884873
0.6972638;-0.88132656;0.8757899
1.6648422;0.17306377;0.8943819
2.1490614;1.369701;1.7405056
2.3208115;1.6988858;2.1924045
1.9988368;1.6262962;1.6601735
1.5740694;1.879162;1.0218889
1.167068;2.392392;1.1362611
0.6024044;3.079148;1.1840088
0.39911103;3.1889043;1.5034571
0.50678885;2.3097966;1.2902657
0.59605604;0.8600626;0.8947125
0.42059484;-0.28616866;1.40952
0.09116338;-0.28674743;1.721366
-0.1598818;-0.07783545;1.8645928
-0.17634293;0.14866914;1.8291743
-0.18482435;0.7673728;1.3508394
-0.29629698;1.5500311;0.7931715
-0.41203758;2.1992044;0.38453722
-0.53900504;2.5484262;0.070129775
-0.6647978;2.769991;-0.25014618
-0.78808826;2.9003677;-0.46261695
-0.9367206;2.8265443;-0.51384354
-1.1708609;2.4456103;-0.6923248
-1.3157414;1.8533633;-0.9101099
-1.358892;1.1639407;-1.1280879
-1.3513714;0.39677748;-1.5274704
-1.1654721;-0.28882802;-1.8094763
-0.9304246;-0.7888749;-2.003831
-0.8763709;-1.0803187;-2.2593148
-1.0147686;-1.04238;-2.2512019
-1.2047837;-0.96827894;-2.1509614
-1.4396081;-1.1515763;-2.1207693
-1.640749;-1.4938196;-2.0966153
-1.5407242;-1.7639034;-1.9397923
-1.2997669;-1.6732321;-1.9330838
-0.9616885;-1.2124138;-2.0870922
-0.6693508;-0.8203216;-2.1384237
-0.33235565;-0.5527417;-2.195114
-0.10807201;-0.28926367;-2.521716
-0.08489511;-0.37301248;-2.7236228
-0.10385358;-0.41911313;-2.742961
0.13879213;-0.43294674;-2.7131186
0.6219712;-0.68502927;-2.457995
1.1061707;-0.8527109;-2.0742085
1.3788819;-0.5727937;-1.6515542
1.5129566;0.14840564;-1.2962434
1.7370377;0.83112687;-1.2604322
2.1154113;1.156796;-1.1567832
2.3556104;0.95043683;-1.0183954
2.3219883;0.21855257;-0.77487254
1.9310281;-0.32867357;-0.39177305
1.3510724;-0.4199701;-0.036855932
0.921483;-0.09476514;0.31582776
0.8746864;0.42780116;0.6182872
1.0434991;0.8380417;0.7493173
1.1176118;1.0243397;0.7838288
0.88627696;1.0554092;0.80518806
0.62933403;1.0169836;0.77227545
0.54252976;0.8768681;0.66782033
0.5949613;0.7639945;0.60925627
0.61034405;0.74478936;0.54053
0.50702524;0.59895647;0.58242404
0.30249518;0.42916518;0.6440642
0.13105865;0.29880092;0.69025135
0.09703442;0.27029073;0.7584511
0.057315033;0.21623258;0.8005109
-0.11352298;0.14954856;0.8654087
-0.34706837;0.0563576;0.948577
-0.5479672;-0.04241392;0.99323654
-0.70243627;-0.09174363;0.94771427
-0.655699;0.0086363405;0.8175464
-0.44330922;0.21237782;0.6790371
-0.21245986;0.40427727;0.5901047
-0.1684054;0.53435934;0.45958376
-0.33941182;0.70404994;0.0020420074
-0.47465447;0.94761497;-0.36399138
-0.40159857;0.7815295;-0.25056812
-0.30721635;0.26116106;-0.11295449
-0.43796057;-0.23013364;0.025261406
-0.7855247;-0.58176315;-0.095415875
-1.0991229;-0.6833793;-0.1169577
-1.3102553;-0.68107843;-0.14669116
-1.2856066;-0.58861274;-0.13297793
-0.9423525;-0.4255777;-0.056382343
-0.32692885;-0.1928059;-0.16073087
0.22458972;0.029349027;-0.4973347
0.6359218;0.3406667;-0.88849276
0.64623743;0.49753338;-0.6576692
-0.022853812;0.3339642;0.033239633
-0.99294126;-0.16720363;0.4390917
-1.632976;-0.7095442;0.45752338
-1.6126308;-0.89302593;0.3941437
-0.8670578;-0.7105145;0.20906496
0.48174438;-0.29692724;0.30475196
1.5611768;0.11089571;0.58130157
1.7231601;0.4723103;0.74004126
