-0.17357257;-0.8029481;0.45129296
-0.10448305;-0.3736085;0.69540936
-0.16796145;0.44798818;1.06414
-0.38436916;0.96776557;1.213812
-0.6043703;0.8367124;1.1866746
-0.68974626;0.29436997;1.1274647
-0.514297;-0.055129036;0.94572175
-0.1926876;-0.04097823;0.6847024
-0.057275083;0.17971742;0.5977619
-0.28644508;0.66877395;0.60320956
-0.59790605;1.1193942;0.4606926
-0.6939498;1.4798903;0.3404291
-0.7332849;1.6948497;0.27859327
-0.7210029;1.4543173;0.2541246
-0.69555235;0.77907884;0.2720497
-1.0408169;0.51076305;-0.11673524
-1.5951535;0.7554855;-0.10276319
-1.6745603;1.4684509;0.5146645
-1.2740232;2.1263232;0.79298156
-0.87859356;1.8065273;0.8531352
-0.7278749;0.6366281;0.7481332
-0.7822999;-0.6156975;0.44225657
-0.8578712;-1.5738081;0.08505525
-0.8831719;-1.8121715;-0.091330804
-0.7245063;-1.1059872;-0.07306464
-0.41866753;-0.2347897;-0.21157672
-0.23102778;-3.317649E-4;-0.51613635
-0.24029097;-0.7440154;-0.6941591
-0.44301403;-1.8858373;-0.70220226
-0.53644246;-2.799295;-0.71176183
-0.45259148;-3.1019359;-0.9100345
-0.044104435;-2.4065487;-1.06709
0.6717477;-0.837739;-1.172422
1.4748982;0.65793383;-1.0801251
1.768981;0.68572205;-0.70941263
1.2901849;-0.55454737;-0.069092594
0.48683536;-2.315513;0.68222594
-0.38553172;-3.8961604;1.2082807
-0.9756129;-4.4356785;0.8978746
-0.8804903;-3.6985426;0.30267468
-0.49970475;-2.4150841;-0.12348526
-0.0013262894;-0.73831725;-0.0050382083
0.37862647;1.2218462;0.38659444
0.68571365;2.239977;0.87177557
0.77825844;2.1357315;0.67554545
0.60385674;1.5523353;0.37481135
0.0612104;1.4293683;0.11859908
-0.4057192;1.6747446;0.90737927
-0.6480128;2.0179207;2.1540284
-0.48716027;1.9362115;3.1044726
0.06652178;1.3145943;3.6398282
0.57821745;0.34855038;3.8431125
0.46726143;-0.52740973;3.43699
-0.31212834;-0.9281778;2.462092
-1.2215776;-0.93629223;1.3321736
-1.7508949;-0.79903376;0.034488898
-1.7721943;-0.376727;-1.0536588
-1.4598757;0.35486838;-1.7116771
-1.0032277;0.8901447;-1.7693417
-0.6302189;1.0621158;-1.5842234
-0.42956576;1.2215676;-1.2330037
-0.32275417;1.3803791;-0.84890294
-0.21796896;1.4793032;-0.46349734
-0.049765795;1.2803177;-0.27704787
0.11917174;0.6742541;-0.17163831
0.26525927;-0.054346725;0.13768935
0.124707416;-0.48722738;0.31640148
-0.15492158;-0.44290692;0.5218712
-0.32120287;-0.12932552;0.44874695
-0.27805606;0.13716458;0.05899756
-0.11150734;0.14410667;-0.23717695
0.021731626;0.51216036;-0.5741166
0.1783228;1.1284783;-0.72491825
0.36648637;1.1277826;-0.6580596
0.40256408;0.7178511;-0.47644767
0.18064502;0.25240588;-0.23115814
-0.14298399;-0.1480753;0.061948486
-0.3882153;-0.36533526;0.11205879
-0.425416;-0.34539318;0.17714703
-0.2829109;-0.15756455;0.13859263
-0.113438115;0.011448356;0.0264991
0.012765134;0.14978369;-0.0069257203
0.052399606;0.30420196;0.053834423
0.103247814;0.34648657;0.17119254
0.1208795;0.33968925;0.18382902
0.09084422;0.3061264;0.26268822
0.030487878;0.24802612;0.26015058
-0.056078445;0.18904589;0.25187045
-0.077284634;0.11373672;0.23274638
-0.11534333;-0.052760627;0.1861971
-0.18231373;-0.2265835;0.073957674
-0.28003067;-0.3125168;0.015416142
-0.27373156;-0.27501345;0.018582914
-0.1845126;-0.15751076;0.096116334
-0.048000704;-0.022883603;0.14564307
0.049685374;-0.005806882;0.10401445
0.026271738;-0.089020506;-0.02928844
-0.095779486;-0.2430914;-0.29218075
-0.15504156;-0.26634812;-0.4368696
-0.14708012;-0.106828496;-0.37137067
-7.6956494E-4;0.0114122005;-0.27209654
0.17340778;0.04350476;-0.15830223
0.25005436;0.1504288;0.0077332114
0.19027786;0.13909304;0.040561568
0.07956604;-0.023100562;-0.08317574
0.05974658;-0.02160545;-0.0040405956
0.13021913;0.14834064;0.10614252
0.20769094;0.3092975;0.09428902
0.28490275;0.31931302;0.09105621
0.29471907;0.07732541;-0.045905028
0.23577526;0.061860327;-0.036724024
0.16752645;-0.28176174;-0.14500421
0.015271165;-0.5097844;0.052746627
-0.1256737;-0.5922025;0.2546973
-0.24585146;-0.623762;0.39750785
-0.34238428;-0.7115096;0.38675627
-0.41355586;-0.6254577;0.07815502
-0.36341307;-0.46286616;-0.259351
-0.15093552;-0.44529292;-0.41685578
0.09917346;-0.64998436;-0.32723463
0.19066688;-0.9293625;-0.2117877
0.11815851;-0.81848997;-0.09443016
0.042573687;-0.470417;0.096330866
0.07624645;-0.36383358;0.114564694
0.049669035;-0.5066919;-0.002098244
-0.105772585;-0.5428535;-0.3829286
-0.18246964;-0.20303279;-0.6344679
0.01691492;0.20007376;-0.6700743
0.34478194;0.31943402;-0.57043445
0.5746537;0.3805472;-0.42822257
0.76206666;0.53881276;-0.32382804
0.83777833;0.7560502;-0.34031242
0.7819414;0.85484016;-0.29412496
0.70680314;0.98074716;-0.13529995
0.635755;1.0220977;0.13551003
0.5414165;0.7958032;0.46153304
0.3159457;0.61164254;0.53797644
0.119944066;0.68306404;0.56788117
0.009236504;0.8402012;0.4605549
-0.007454546;1.056536;0.29656893
0.047161363;1.1733538;0.14975514
0.13929158;1.082433;0.010429114
0.13799578;0.88313395;-0.13853171
-0.015384632;0.7518196;-0.25145036
-0.116213955;0.4577057;-0.1511603
-0.20156491;0.30053955;-0.15530324
-0.26125193;0.5326192;-0.1336176
-0.2738453;0.9464078;-0.03189407
-0.30345124;1.3086888;-0.006765256
-0.31776097;1.4836698;-0.005412205
-0.24639629;1.4900608;0.14567024
-0.30961704;1.3873612;0.3884112
-0.5867561;1.0544201;0.70135397
-0.9233112;0.6935361;0.9173332
-1.2116958;0.48842266;0.79011655
-1.3271692;0.6321444;0.61334324
-1.1750165;0.8557155;0.37817457
-0.7427476;0.9892599;0.12128966
-0.20728403;0.95586103;-0.01546827
0.040932417;0.6154701;0.10012539
-0.06493168;0.30253232;0.2488503
-0.38895705;0.01429148;0.36783025
-0.61741567;-0.06903557;0.3817642
-0.58026063;0.027584048;0.43666136
-0.3950679;0.07323911;0.8430791
-0.49066368;0.31913817;1.0494633
-0.63159347;0.60755664;1.2145706
-0.55136853;0.7426859;1.1841565
-0.43718857;0.8583089;0.8723252
-0.2770946;0.8991471;0.69161016
-0.15058193;0.98377085;0.46578813
-0.09390304;1.1659229;0.1726305
-0.0024661834;1.3577384;-0.0556456
0.09568331;1.3846282;-0.06326648
0.18592164;1.0577025;0.16813682
0.047174815;0.6133495;0.21575946
-0.18257265;0.33364835;0.21010756
-0.32027686;0.16144994;0.15558605
-0.45544025;0.089316204;0.19321884
-0.41044596;-0.024640786;0.09832507
-0.21507551;-0.14002512;-0.021339942
-0.057216655;-0.2448326;-0.0045719543
-0.049679574;-0.39820984;0.17759244
-0.1280249;-0.5295054;0.36707395
-0.33991992;-0.64176834;0.34365916
-0.5109984;-0.8465934;0.26242733
-0.45411125;-1.0411663;0.07244186
-0.2804765;-1.11223;-0.13579652
-0.1946937;-1.1483777;-0.2273872
-0.074504964;-1.1155771;-0.23815976
0.07945853;-0.9674617;-0.3280278
0.21278557;-0.8411569;-0.46867225
0.3288222;-0.82058173;-0.5374378
0.40290153;-0.82443416;-0.6612002
0.47935247;-0.7993911;-0.7352102
0.49129447;-0.6879504;-0.75691813
0.50201994;-0.46754777;-0.80553454
0.5699753;-0.31310073;-0.7881776
0.61496466;-0.22704308;-0.7117921
0.624003;-0.20116572;-0.5381837
0.6600422;-0.22108883;-0.24929693
0.677399;-0.27062106;0.094312444
0.5591555;-0.37430936;0.31294996
0.31329122;-0.40257248;0.30660996
0.139549;-0.33455798;0.20778798
6.0403964E-4;-0.18795888;0.12873037
-0.1047902;0.0027578915;-0.022015696
-0.11078529;0.18345632;-0.061362557
-0.053862605;0.31707755;-0.017840046
-0.13879322;0.3247558;0.09822796
-0.23564394;0.13871089;0.17858237
-0.29984328;-0.053093795;0.111615896
-0.32932776;-0.12997504;0.026792716
-0.48768094;-0.44304252;0.29018417
-0.8229573;-0.8809965;0.5883973
-0.9505533;-0.8797972;0.6332179
-0.69169265;-0.5913378;0.4565743
-0.3549166;-0.4433827;0.17150944
-0.06362079;-0.4609562;-0.20029245
0.13894711;-0.36251494;-0.41023397
0.16272019;-0.25094944;-0.34693718
0.1356449;-0.21325956;-0.29004973
0.23117217;-0.13154516;-0.30078977
0.3439221;-0.14273612;-0.27813184
0.46459082;-0.1610639;-0.34125546
0.57460237;-0.12416362;-0.42300436
0.6262834;-0.050893392;-0.4759035
0.6925093;0.045222785;-0.4994728
0.7378179;0.11430323;-0.49957824
0.71671915;0.099255085;-0.2559126
0.65189093;0.07159156;0.051519927
0.48498932;0.016648253;0.31621593
0.31904614;-0.1132439;0.47172275
0.20738535;-0.3062201;0.4398782
0.08553718;-0.3543511;0.19565256
-0.06368695;-0.16785587;-0.01222795
-0.2921727;-0.15459721;-0.02228236
-0.55737096;-0.05805276;-0.17407589
-0.6603499;0.4613703;-0.4642607
-0.6790612;1.72144;-1.0464085
-0.5205927;2.0451207;-0.7652519
-0.7117866;1.3470341;-0.35907647
-0.9116168;0.9014554;0.2189888
-0.8191372;-0.16360131;1.4626911
-0.8318723;-1.455881;2.4139028
-0.89206034;-2.1990798;2.5561223
-0.8214607;-2.234264;1.6886479
-0.3477936;-1.3874111;0.36966825
0.23660886;-0.102116376;-0.59801537
0.7236621;0.7558069;-0.9534123
0.95627344;0.962458;-1.1377299
1.0312297;0.6996539;-1.1289339
0.934078;0.27066064;-1.1906471
0.7166349;-0.094409;-1.1993927
0.529265;-0.2770897;-1.1376392
0.5019154;-0.11542176;-0.90386134
0.617902;0.2154751;-0.74183905
0.7468606;0.44894257;-0.58097124
0.77951974;0.60602903;-0.41477698
0.746272;0.8762295;-0.44744658
0.646627;0.99395233;-0.33608228
0.36612973;0.9639119;-0.112615824
0.009505352;1.2902701;-0.08384266
-0.32550117;1.564345;0.32042587
-0.85600644;1.3816518;0.9125907
-1.6246489;0.56547767;1.4300725
-2.2036254;-0.8845319;2.2440581
-2.345713;-2.412313;2.8702464
-2.1078203;-2.7767255;2.821197
-1.5768812;-2.0557554;1.9632077
-0.5568175;-1.1914793;0.7330662
0.38892105;-0.55318344;-0.49479705
0.90488684;-0.005046735;-1.2020876
0.9633626;0.3740876;-1.3366702
0.8722526;0.43520758;-1.3755862
0.9372552;0.19972858;-1.4317188
1.0675776;-0.048029643;-1.2703751
1.1470308;-0.22592372;-1.0600501
1.1529763;-0.35886398;-0.98866504
1.0602716;-0.4964662;-1.009682
0.83688915;-0.46748543;-1.0514957
0.6406051;-0.29430085;-1.0505716
0.5242028;0.13174681;-0.9529572
0.40217474;0.69289744;-0.74361575
0.32369292;0.998068;-0.36676762
0.23981372;1.1156418;0.13158591
0.040483784;1.4292322;0.43339372
-0.41761297;1.6830342;0.602965
-1.0159264;1.0727946;1.2011219
-1.5975066;-0.8210612;2.2546475
-2.061599;-2.697474;2.853718
-2.0680292;-3.1954792;2.7329745
-1.5762985;-2.3532584;1.9551296
-0.84541374;-0.86073166;0.77660364
0.0049190116;0.38328966;-0.2912171
0.7320602;1.1113192;-0.92047364
1.1409216;1.4078053;-1.030129
1.1826165;1.2684318;-0.9991031
1.034173;0.78662044;-0.9242825
0.7832954;0.17148386;-0.883176
0.5443121;-0.31125042;-0.8877908
0.40288132;-0.40056282;-0.92273265
0.4008207;-0.059512764;-0.9663111
0.5618675;0.51176476;-0.8605489
0.89382994;1.0922244;-0.89156413
1.1365483;1.3737794;-1.0476263
0.90923864;1.0990236;-0.838101
1.0141097;1.2276564;-0.95173085
0.91285026;1.1737267;-0.92700964
0.6943427;0.8969891;-0.6416077
0.2203179;0.78243506;-0.4476612
-0.24327692;1.0166218;-0.16437894
-0.6580981;0.90904945;0.57787186
-1.3114394;0.17011066;1.6685475
-1.956964;-1.4389114;3.491088
-2.6186962;-3.5573792;4.7241206
-3.0746446;-4.6584034;4.298046
-2.9878407;-4.470473;2.800937
-2.0527725;-3.2138782;0.89699966
-0.39690548;-1.4367275;-0.5886503
1.0020069;0.11624299;-1.3396702
1.6131289;1.2429944;-1.7092361
1.6886965;1.6772081;-1.773639
1.6113576;1.5058289;-1.7564112
1.5435783;1.0609131;-1.6801289
1.275097;0.8362305;-1.7659781
0.91304636;0.9471094;-1.7127825
0.7245777;1.2420626;-1.520226
0.7866934;1.4702125;-1.3599308
0.8664641;1.4714825;-1.1191946
0.84864;1.4623423;-0.7578557
0.7187558;1.6446297;-0.42190957
0.60391086;1.692901;-0.08127766
0.46984744;1.5918208;0.17247787
0.15322171;1.4726754;0.21923229
-0.3157039;1.0000153;0.48163584
-0.88615686;-0.163269;1.2978086
-1.4768943;-1.6677246;2.563247
-2.0158904;-2.8513672;3.4193475
-2.3470874;-3.3779688;3.454228
-2.2042325;-3.221125;2.3446324
-1.6352608;-2.461275;0.99445593
-0.6613337;-1.353395;-0.12943524
0.27562055;-0.232716;-0.75979817
0.94432455;0.4685147;-0.88283855
1.2473541;0.76543677;-0.93127084
1.3022779;0.8029744;-1.0637667
1.269752;0.6892545;-1.1947633
1.2474422;0.5576536;-1.3433107
1.0721725;0.4945604;-1.3402735
1.1225817;0.4768983;-1.1722188
1.390253;0.7783936;-1.2159001
1.3747023;1.0859962;-1.0695951
1.2372619;1.303172;-0.81192607
0.93043447;1.2417563;-0.71516585
0.6412226;1.0891081;-0.6252577
0.33485308;0.9423803;-0.48458114
0.01710121;0.3519511;-0.1470399
-0.32538155;0.12218588;-0.058256924
-0.6087427;0.8370065;-0.20910554
-0.89890826;1.2899177;0.12959057
-1.3451031;0.7791998;1.2255474
-1.8764732;-0.7280074;3.0054379
-2.5043035;-2.6683433;4.1543503
-2.9346929;-3.8909247;3.8859804
-2.5915043;-3.9283648;2.3587842
-1.3107034;-3.0333169;0.4932774
-0.029812722;-1.5235285;-0.8053781
0.8460717;0.009302241;-1.5630524
1.2357929;0.9215043;-1.731692
1.2949332;1.129391;-1.6166036
1.1988372;0.78476274;-1.4807829
1.1063354;0.2137477;-1.4315013
1.0381932;-0.08837684;-1.548326
1.0008671;-0.042576473;-1.4542859
1.0038188;0.23468882;-1.1290537
0.98899245;0.54400104;-0.66886795
0.88494396;0.7430133;-0.17571935
0.69623643;0.7569107;0.19692452
0.4062079;0.6492785;0.38253963
0.01637256;1.0842665;0.1872817
-0.31815195;1.6721008;0.049825355
-0.63557625;1.5480322;0.18361029
-0.91432035;0.8229961;0.81563824
-1.1796985;0.10488122;1.6212605
-1.4218838;-0.5301575;2.0282586
-1.6046945;-1.1241261;1.9101068
-1.5431306;-1.4961758;1.3530854
-1.1876295;-1.5125656;0.49496832
-0.68994737;-1.1538025;-0.32277533
-0.22461413;-0.691792;-0.7332203
0.10155869;-0.27687111;-0.8053262
0.35116884;-0.1277469;-0.813011
0.55866945;-0.24126;-0.8691588
0.71695507;-0.374258;-0.964077
0.77078086;-0.3525314;-0.9212616
0.7697009;-0.21952513;-0.7807593
0.7173232;-0.0443701;-0.51835746
0.6217101;0.15200391;-0.27718595
0.5032275;0.28410313;-0.11549876
0.31625384;0.485095;-0.17364901
0.13630386;0.756826;-0.1451692
-0.046053346;0.8413983;0.12761463
-0.29727358;0.69655615;0.42709172
-0.54211575;0.42286992;0.7041734
-0.69033325;0.23673344;0.8008387
-0.73820406;0.20501174;0.75317097
-0.73196954;0.2249469;0.5837868
-0.62385684;0.334645;0.2357794
-0.48189798;0.21459101;0.42612353
-0.41989338;0.027922811;0.33464882
-0.31325847;-0.16828676;-0.11353094
-0.18888801;-0.3611919;-0.59707475
-0.040172916;-0.599891;-0.6214098
0.084267914;-0.6846003;-0.46587783
0.15569559;-0.6679928;-0.26645228
0.18783772;-0.5593942;-0.0131618185
0.14245768;-0.40689036;0.001970545
0.03193489;-0.36301228;0.0015764359
-0.07054584;-0.21072233;-0.0049888515
-0.09081167;0.056422133;-0.103991084
-0.049211837;0.23888771;-0.14569287
-0.0034319696;0.20829767;-0.04155429
-0.06602683;0.12601313;0.09800657
-0.10282146;0.16331051;0.18465525
-0.07444467;0.1915859;0.1914742
-0.070493236;0.22514373;0.046929363
-0.039207086;0.27855247;4.3489643E-5
0.04285308;0.29159197;-0.049965207
0.101469964;0.20202358;-0.0087221665
0.09680097;0.02099387;-0.019477732
-0.009277973;-0.061329905;-0.015582187
-0.045703627;-0.106876425;0.03753425
-0.07640665;-0.14487614;0.0550274
-0.12050032;-0.1705884;0.01277192
-0.17296275;-0.23959573;-0.027282463
-0.23055771;-0.34323907;-0.009325971
-0.25553992;-0.41834128;0.030039223
-0.15599443;-0.4643605;0.14278138
-0.082608044;-0.4902384;0.2017251
-0.16608644;-0.37656572;0.3363801
-0.2133379;-0.4543776;0.50035405
-0.30817032;-0.32912707;0.40653324
-0.31606752;0.44138584;0.4189766
-0.15519775;0.9718587;0.48518127
0.1274043;1.1821744;0.27564502
0.22379844;1.4332396;0.13301602
0.10247625;1.4817479;0.30016282
-0.046144;1.5912577;0.66513026
-0.0869152;1.6041585;0.9133542
-0.15703216;1.3387955;1.0494334
-0.28968823;1.145719;1.1707966
-0.32550058;0.8706524;1.1741374
-0.26040047;0.48582855;1.0580599
-0.19738287;0.22225659;0.8714479
-0.1907188;0.15671152;0.6909083
-0.22445004;0.2784942;0.42147666
-0.19987252;0.454436;0.19343133
-0.084898025;0.58181053;-0.05150494
0.04926908;0.6301945;-0.41620395
0.22066526;0.59790564;-0.7892132
0.34918845;0.6238323;-1.0438706
0.32700703;0.7076596;-1.1975964
0.23269936;0.7118308;-1.2518271
0.14631574;0.6054021;-1.2639617
0.086583845;0.33744672;-1.1486694
-0.001826675;0.047691744;-1.2001855
-0.08036759;-0.16106535;-1.4226484
0.045080926;-0.19389135;-1.7068688
0.480596;-0.091831826;-1.827995
0.9471721;-0.0010045248;-1.809271
1.169432;-0.008225495;-1.4911668
1.073363;-0.1770882;-0.9679334
0.6787466;-0.61061585;-0.59622175
0.15624186;-0.96935207;-0.3488524
-0.016608067;-1.0008723;-0.23533191
0.26991668;-0.85460407;-0.28514054
0.8305818;-0.73758954;-0.14686243
1.2119263;-0.9322591;-0.04873994
1.0921973;-1.1645573;-0.24524195
0.63469535;-1.1675833;-0.25244355
0.18978755;-1.2496916;-0.09257985
-0.0550059;-1.5731908;-0.09906388
-0.2316512;-1.9882401;-0.3323761
-0.18151237;-2.1687171;-0.5221509
0.059721746;-2.0693488;-0.8958457
0.4479727;-2.017979;-0.86042655
0.68923753;-2.076883;-0.5664663
0.48107752;-2.4021316;-0.340673
0.08212765;-2.5717053;-0.113163404
-0.12961037;-2.5073643;0.05946928
0.015061697;-2.3683913;0.24445042
0.44290873;-1.9134631;0.47681034
0.80198324;-1.1870204;0.65957326
0.9728366;-0.61836636;0.7120336
1.0485817;-0.2009431;0.7633769
1.0435529;0.14237052;0.7732015
0.99421734;0.23264642;0.84356123
0.8359989;-0.13575786;0.899849
0.27348658;-0.45235628;0.80112916
-0.35542947;-0.30563504;0.7721533
-0.73824984;0.24299197;0.6302227
-0.8316155;0.9818936;0.36042812
-0.6981049;1.3636398;0.3258425
-0.604187;1.2065369;0.310674
-0.692334;0.5933545;0.16728921
-0.82750005;0.14968361;-0.016168635
-0.8860616;0.1353719;0.06831509
-0.7701393;0.1770475;0.098402075
-0.57397276;0.26038802;0.11622166
-0.37494966;0.5833104;0.26797733
-0.14097536;0.63852334;0.28313187
-0.0036006018;0.30456865;-0.0047445106
0.086963266;0.14052993;-0.2725456
0.16917999;0.36554894;-0.5711615
0.30018774;0.62993914;-0.7850542
0.45616582;0.8602013;-0.86554337
0.54696393;1.000661;-0.8736847
0.5906961;0.92865384;-0.6801977
0.5202131;0.73667306;-0.25353318
0.29742053;0.43933848;0.30342343
0.019967666;-0.03290423;0.65211374
-0.20590086;-0.5513234;0.490441
-0.3850332;-0.6879337;0.3423528
-0.4056828;-0.32222196;0.33638224
-0.29798374;0.023472426;0.3941058
-0.14229324;-0.006222058;0.39653462
-0.11031897;-0.38622764;0.44222772
-0.18200518;-0.8683571;0.42253217
-0.44423696;-1.0353107;0.050525732
-0.7440614;-0.6313736;0.0029205866
-0.6411476;-0.08947384;0.05233647
-0.29084775;0.29404593;-0.0018808246
-0.0028930502;0.42586175;-0.08275466
-0.054072253;0.7594394;-0.16620372
-0.117916;1.2325515;-0.270463
0.13354805;1.5329162;-0.5257454
0.46679938;1.360708;-0.5455963
0.4921895;0.5760664;-0.47397706
0.19453286;-0.0766469;-0.21980664
-0.085584655;-0.19256753;0.2116547
-0.11436616;-0.116554014;0.36932376
0.05772582;-0.055743214;0.282959
0.17274316;-0.0070945704;0.1326172
0.15538202;0.07869934;-0.025156239
0.10321187;0.16295947;-0.05137499
0.046241373;0.26474258;-0.003599993
0.036993098;0.17116906;0.22837001
-0.10458521;-0.08181475;0.076446004
-0.29040644;-0.2654518;0.0924068
-0.28593844;-0.13111144;0.19267544
-0.068008564;-0.036139153;0.26664037
0.12352283;-0.02266132;0.22581229
0.16991203;-0.043129057;0.10564983
0.18749212;-0.13137825;-0.096730135
0.050384317;-0.1488526;-0.18363412
-0.0917238;-0.14720708;-0.2156573
-0.09427747;-0.23651566;-0.34752584
0.112273335;-0.28296253;-0.42802066
0.26013118;-0.28887004;-0.37991652
0.24638619;-0.26859602;-0.32580823
0.13773395;-0.25237682;-0.19189659
0.018390283;-0.23940144;-0.019142265
-0.06966277;-0.29464617;0.09093619
-0.08268335;-0.48259193;0.06649895
-0.12727949;-0.62357354;-0.09367584
-0.19752671;-0.49573383;-0.11869067
-0.19259168;-0.22158706;-0.14182754
-0.09840929;0.007105346;-0.28221202
0.06678038;0.12443428;-0.29764462
0.1643618;0.14954743;-0.2162407
0.07406757;0.113387935;-0.119867556
-0.047972504;0.07196035;-0.049019046
-0.0899405;-0.0018067203;-0.07359024
-0.004960216;0.0016796237;-0.03074719
0.14525057;-0.023656301;-0.052722752
0.13338797;-0.24080004;-0.067178205
-0.038602132;-0.48951504;0.06500744
-0.2759989;-0.525987;0.17075595
-0.34721512;-0.3614146;0.12097976
-0.18778187;-0.1047567;0.024908809
0.114129975;0.19431964;-0.086322956
0.31708524;0.38670573;-0.044058364
0.3630432;0.41561458;0.03662831
0.24629392;0.34811667;0.07617765
0.04742576;0.17849332;0.06406712
-0.113231264;-0.10095534;0.079378694
-0.16128814;-0.35263926;0.07912795
-0.17707738;-0.51023644;0.022677364
-0.19517754;-0.5613141;0.08689189
-0.18114203;-0.5053013;0.09763851
-0.20995268;-0.37924105;-0.0062641893
-0.30768687;-0.13464284;-0.05813635
-0.3380654;0.08603573;-0.15275908
-0.21300603;0.21257858;-0.25658226
-0.040204626;0.42631286;-0.3052658
0.23976013;0.6098003;-0.30046266
0.3964956;0.61284024;-0.2903701
0.41485274;0.42464718;-0.17292109
0.3166478;0.21784276;-0.06021188
0.16894324;0.011774201;0.1018305
0.08945148;-0.04370564;0.1752144
0.1000768;-0.16308951;0.21829651
0.13006145;-0.41172162;0.18088722
0.036861654;-0.6075023;0.14470977
-0.10254192;-0.51725185;0.2657678
-0.1796898;-0.24817647;0.36886427
-0.19160339;-0.18604118;0.3200914
-0.2374624;-0.19570793;0.22482312
-0.30110273;0.02155865;0.0798585
-0.28681725;0.3953719;-0.007988201
-0.09728827;0.5756725;0.09360944
0.017774852;0.44178802;-1.1244893E-4
-0.026014494;0.112805426;-0.012589959
-0.14517683;-0.016005661;0.071178034
-0.24824595;0.018445471;0.025692426
-0.15646419;-0.041493624;-0.02632106
0.0376033;0.094930105;-0.15855685
0.26758265;0.3946941;-0.17059548
0.37109736;0.55013025;-0.14897639
0.38672164;0.48697922;-0.18168111
0.34375232;0.30520836;-0.09221988
0.30586123;0.1879167;-0.1487759
0.2294546;0.15345836;-0.15964572
0.22379805;0.060266685;-0.06521658
0.22864783;-0.03928665;0.025951736
0.1868245;-0.10330432;0.1363864
0.1416471;-0.10451846;0.2466091
0.07894269;-0.17736477;0.2847873
-0.040361475;-0.24814181;0.38407984
-0.03228918;-0.19851345;0.30726385
-0.2000501;-0.16193576;0.3270611
-0.33992288;-0.09829861;0.2678989
-0.3906883;0.015111114;0.1455691
-0.32592955;0.06521389;-0.09916972
-0.20537256;-0.122828886;-0.20121078
-0.1737707;-0.3357631;-0.082843624
-0.22134078;-0.4217355;-0.025649898
-0.28812608;-0.6186384;0.14198008
-0.4833146;-0.7917857;0.16983406
-0.5915345;-0.6646786;0.085867256
-0.42127445;-0.41299286;0.056193803
-0.07871879;-0.21789429;0.076205045
0.24718122;-0.08369043;0.17971404
0.43710044;-0.020077342;0.38752124
0.5067116;-0.016061874;0.516267
0.56435364;-0.0784745;0.3942636
0.581561;-0.2596546;0.40291086
0.48243633;-0.43584868;0.1285787
0.19649595;-0.698679;-0.30963704
-0.09553762;-0.98081815;-0.43208465
-0.2736957;-1.3346546;-0.4800427
-0.084776886;-2.0052235;-0.5496592
0.34760818;-2.5479288;-0.77722734
0.87183654;-2.325843;-0.9967819
1.4130943;-1.7106745;-1.0661755
1.8773503;-1.4622896;-1.0341904
2.0925052;-1.5010817;-0.96797734
1.9271293;-1.3946153;-0.87438184
1.4917034;-0.95944226;-0.5651305
0.9902377;-0.3863038;-0.07085439
0.61094016;0.20970695;0.2464415
0.38562715;0.8302656;0.47840318
0.2975642;1.3892125;0.40147257
0.23961388;1.6301199;0.043053042
0.2948161;1.679096;-0.12180757
0.37960288;1.8026518;-0.21307105
0.3411823;1.8608714;-0.14233184
0.13232084;2.0449471;0.24550952
0.052731674;2.2453327;0.6682826
-0.051564664;2.3243911;0.5377511
-0.24437673;2.412638;0.36770087
-0.4064389;2.6551104;0.3285357
-0.5298386;2.7553382;0.36907858
-0.6176209;2.4605205;0.5296379
-0.73003423;1.7996665;0.47371027
-0.8043399;1.4287957;0.13521822
-0.7247219;1.6524116;-0.15432543
-0.5079025;1.9688042;-0.42033532
-0.346947;2.1420355;-0.8175183
-0.1775576;2.1386285;-1.0290146
0.08764141;1.8890277;-0.8982117
0.31542563;1.2508218;-0.79981935
0.3273405;0.56398755;-1.0211055
0.4399974;0.24650253;-1.1481344
0.8051229;0.23548327;-1.1497575
1.1690984;0.3319413;-1.257306
1.3446537;0.537428;-1.1652198
1.4507229;0.8779893;-0.9321758
1.5793283;1.1580555;-0.52699065
1.5165877;1.1123819;-0.31534255
1.1101451;0.772718;-0.40852404
0.9787411;-0.17240176;-0.25181922
1.0329928;-0.69304836;-0.08270538
0.8888943;-0.7423293;-0.1411643
0.76111543;-0.56105095;-0.047306444
0.82451737;-0.04122357;-0.13784516
1.4689889;0.92659146;-0.50558865
2.975191;1.8881482;-0.6732209
3.505153;1.8573935;0.09423578
0.8791223;0.76013356;1.0472636
-1.7748271;-0.47040877;1.0065609
-1.6104867;-1.251327;0.27712372
-0.025889376;-0.744421;-0.390801
0.7917885;0.17047884;-0.6438908
0.6334308;0.4461487;-0.65105015
0.38799465;0.3342627;-0.74584013
0.49789572;0.38225392;-0.7529221
0.66081655;0.6315844;-0.5992127
0.52865326;0.566205;-0.42155764
0.3604226;0.3076515;-0.2653711
0.4195881;0.11955871;-0.015421892
0.46067047;-0.011384287;0.06422499
0.45603636;-0.12629493;0.24200499
0.3148291;-0.093223445;0.57016647
0.10186328;-0.14528188;0.5530082
0.031490624;-0.012709879;0.47990656
0.0064424984;0.22498834;0.5433003
-0.088596;0.24327193;0.3877652
-0.2083768;0.123523794;0.18833716
-0.21045144;0.045694035;0.110044725
-0.10586115;0.11858647;0.02553578
-0.047188923;0.26205668;-0.12644638
-0.13150114;0.23620784;-0.1261571
-0.29270092;0.19052878;-0.24467568
-0.27166072;0.16414177;-0.38480306
-0.16732858;0.14850092;-0.39377993
-0.17136286;0.08989448;-0.38533646
-0.074590296;0.07425933;-0.22858165
0.10907777;0.026594969;-0.06411533
0.19976221;-0.09356777;-0.120042264
0.17230977;-0.26469797;-0.15384631
0.050347816;-0.24378963;-0.12463955
0.059028253;-0.18956295;-0.05596164
0.0534726;-0.28993163;0.14273068
-0.032221917;-0.40967965;0.24230956
0.030472465;-0.4101656;0.13134764
0.16187797;-0.39492935;0.083203115
0.18575238;-0.30266222;0.05093749
0.0986019;-0.04291104;0.018874992
-0.039868478;0.26215553;0.10259999
-0.24439478;0.37691194;0.24458
-0.2580158;0.18277955;0.292539
-0.04391266;0.011848638;0.2184062
0.008619871;-0.0022398396;0.16534996
-0.0056041027;0.23414563;0.16352996
0.058016717;0.426379;0.11519897
0.17141338;0.2567282;-0.09221582
0.1558807;0.07569506;-0.30971014
0.21845455;0.0472748;-0.35401812
0.38726366;0.01985109;-0.26915202
0.5473109;-0.20208788;-0.3668841
0.48784873;-0.45268592;-0.49663228
0.27777898;-0.46566436;-0.62074333
0.15347318;-0.339719;-0.74034464
0.09777855;-0.16279082;-0.8250882
-0.10927716;0.08968922;-0.8256956
-0.16242173;0.16784513;-0.849619
-0.15493739;0.2108386;-0.8906327
-0.1801999;0.2530459;-0.8632874
-0.15665993;0.17353046;-0.80156744
-0.05657794;0.2802306;-0.54750395
0.067237645;0.33746573;-0.2137844
0.09129012;0.2012226;-0.064777516
0.029282095;0.13050932;0.06692799
-0.0015743239;0.20206371;0.17697988
-0.0012594592;0.30540097;0.20408392
-0.044757567;0.38103953;0.29139212
-0.029556055;0.2845191;0.3003012
-0.03614484;0.1494903;0.24805346
0.021084126;-0.024157764;0.13906777
0.0606173;-0.065419964;0.0065667164
0.07349384;-0.06014847;-0.057246625
-0.028704928;0.013599975;-0.1082973
-0.022963943;0.05072373;-0.12882534
3.7884625E-4;-0.07270227;-0.13118528
0.03155308;-0.079255566;-0.11119822
0.03149246;0.0155018;-0.040521074
0.08144397;0.03505769;-0.01991686
0.046405174;-0.011797599;-0.056558486
0.01837414;-0.02662558;-0.07962179
-0.004050688;-0.019737963;-0.015259932
-0.05324055;0.0013971297;0.058104556
-0.01134244;-0.017632296;0.08710864
0.03467605;-0.07738709;0.066561915
0.05899084;-0.14784718;0.03762453
0.07219267;-0.12452774;0.016037125
0.020254137;-0.009778438;-0.0059203
-0.058796693;0.038271;0.02807626
-0.11578735;0.0556168;0.09433601
-0.09887988;0.04839969;0.16609381
-0.041603904;0.0348135;0.15318754
-0.008283124;0.03019455;0.10223754
-3.7649964E-4;-0.02975061;0.04741503
-0.0253012;0.012918263;0.009807023
-0.0014909598;0.14392836;0.012533119
-0.032442767;0.18389268;-0.008723505
-0.044704214;0.1260204;-0.014791304
-0.029513372;0.07269132;-0.010270543
-0.017360697;0.044090558;-0.016028935
-0.007638558;-0.013946305;0.0153018525
-0.006110846;-0.028344544;0.023178982
0.001361323;-0.021113135;0.043543186
-0.0051609417;-0.022359258;0.05827205
-0.016628753;-0.008512407;0.10130514
-0.050803002;0.031471323;0.17948161
-0.053142402;0.06892706;0.22014779
-0.03626392;0.041860398;0.24330573
-0.022761138;-0.046980433;0.23058209
-0.03695891;-0.10399059;0.17040317
-0.060817126;-0.039442476;0.15194753
-0.048653703;0.006727269;0.14499553
-0.057672963;0.09366307;0.19099642
-0.06488837;0.17961796;0.31060964
-0.039410695;0.21400686;0.4516127
-0.056528557;0.2118305;0.50191516
-0.12647285;0.3069644;0.61715716
-0.13242827;0.26119652;0.7140382
-0.08719262;0.03551971;0.63998055
-0.1760041;-0.21533424;0.42448446
-0.17830327;-0.16836114;0.044275064
-0.14264262;0.014529842;-0.05989245
-0.2328641;0.21631138;0.04739854
-0.14879128;0.3355491;0.037918832
-0.08153302;0.21531428;-0.047789935
-0.20897642;0.14881392;-0.08198195
-0.22343114;0.32842615;-0.23121056
-0.4599949;0.3721159;-0.23184344
-0.33674592;0.38675523;-0.29016227
-0.17564674;1.1859667;-0.08994231
-0.13426739;1.3300233;0.17335865
-0.18241392;0.7233937;0.0027494244
-0.20218113;-0.14941005;-0.07123796
-0.1867449;-0.62421554;-0.14292787
-0.20564592;-0.5509349;-0.07684229
-0.24889174;-0.70481044;0.011963665
-0.19286339;-1.1880671;-0.17480406
-0.051165715;-1.5590475;-0.31484327
0.05281743;-1.722238;-0.2456246
0.086003944;-1.7129467;-0.14337468
0.018803155;-1.611373;-0.017824747
-0.053707477;-1.5918328;0.1279277
-0.083590984;-1.6656537;0.08515466
-0.06999779;-1.7129917;0.03531123
-0.09349823;-1.6375809;0.015748983
-0.096673585;-1.5506897;-0.096775815
-0.13046387;-1.5468017;-0.10242065
-0.2699961;-1.548379;-0.05849902
-0.38162187;-1.4480782;-0.13117422
-0.3584225;-1.2178375;-0.10337687
-0.252363;-0.971145;-0.017076498
-0.1831404;-0.8691035;0.0207138
-0.22463731;-1.0234078;0.12282104
-0.37345985;-1.3312262;0.34513184
-0.45814288;-1.671231;0.47766796
-0.4446393;-2.1494849;0.56650937
-0.45258644;-2.553963;0.58758247
-0.41519415;-2.1619203;0.541941
-0.2915303;-0.96391124;0.5273028
-0.46447426;0.06949603;0.39371723
-0.8809544;0.54309684;0.3680988
-0.086013526;0.95322746;-0.14927097
0.17493919;-0.32491803;0.12745823
-0.053798657;-1.6474345;0.5488416
-0.5117889;-2.0023224;1.0734483
-1.0750562;-1.7393581;1.5837586
-1.3787949;-0.9727364;2.138882
-1.209286;0.018685859;2.3267305
-0.63930374;0.4836987;1.8738844
-0.095818;0.15258396;1.4303576
0.0889706;-0.34980783;1.069286
-0.060073517;-0.37672126;0.79917884
-0.2511838;-0.017002018;0.86434305
-0.50094706;0.8551484;0.47272444
-0.61638266;1.9684937;0.7781795
-0.68373114;2.606045;1.6975436
-0.58135986;2.9613984;1.8955349
-0.3463379;1.7269313;1.385178
-0.17394532;-0.51845497;0.5643923
-0.079781264;-1.4303889;-0.067236125
-0.326325;-1.0286862;0.3524611
-0.9876225;-0.65107393;0.8257189
-1.352598;-0.07085916;-0.3831749
-0.8773909;0.84956264;-1.70029
-0.21753773;2.8093376;-1.800857
0.29159483;5.090439;-0.95318556
0.7301509;4.8496947;1.2468265
0.8153707;3.3977246;0.52246124
0.88354653;1.1076816;-0.438281
0.65058726;-1.0900754;-0.4881248
0.1985948;-1.6204978;-1.0873748
0.19637583;-2.3104608;-1.2542748
0.82585067;-2.7327435;-1.5409199
1.1700555;-2.217445;-1.210861
0.40791944;-1.1739559;-0.31556374
-0.57991445;0.30458528;0.34754902
-0.9123691;1.5874182;0.5905392
-0.77052027;1.1988409;0.79743135
-0.0492287;0.8957914;0.2816951
0.51686704;0.7525706;0.40035608
0.06036863;0.5458065;0.63278484
-0.4767051;0.4100827;0.6562279
-0.60011405;-0.60318387;1.5874823
-0.83790374;-1.7700471;0.95748585
-0.623448;-1.9691627;0.33473867
0.2590541;-0.6940801;-0.53845906
1.4291183;0.8681734;-1.1588923
1.6995447;1.2664137;-1.6771138
1.2096357;0.61469346;-2.085441
0.5583336;-0.37230772;-2.224603
0.30291685;-0.90253365;-2.0421822
0.45483348;-1.2314019;-1.7524958
0.49511677;-1.8851216;-0.94574666
0.26484343;-2.1768472;0.04965268
0.22437474;-1.1321028;0.61784714
0.3794998;0.42869276;1.0505277
0.17859983;1.9273292;1.1372972
0.20850487;2.8762383;0.5317127
0.36680388;3.0440083;-0.5933798
0.34969312;3.814064;-0.6090788
0.18600449;4.001251;-0.07163808
-0.1418214;1.9752197;0.32393953
-0.43533212;-0.37685546;0.09977663
-0.6420157;-1.9171094;0.2766963
-0.43236256;-2.800875;0.824482
-0.095890045;-3.050075;1.2877107
0.17016296;-2.336935;0.8801685
0.44863036;-0.741423;-0.048990194
0.56827927;0.4349866;-0.71106714
0.45774844;0.7714268;-1.2313538
0.24432375;0.78745395;-1.3475829
0.126709;0.5815256;-1.3530663
0.0482422;0.416783;-1.2668281
0.12609376;0.4381139;-0.89783746
0.313375;0.75830364;-0.58702
0.441325;1.200393;-0.06961599
0.24681;1.1901971;0.4411822
-0.296302;0.5785249;0.96544576
-0.7026666;0.19719492;1.3911066
-0.64338326;0.37181842;1.1847603
-0.19283162;1.0921813;0.80093324
0.2238597;1.8251122;0.5157466
0.34471276;2.1843085;0.24697226
0.17264521;2.0786967;0.053827815
-0.09938383;1.798895;0.021187251
-0.26388207;1.4719285;0.051324803
-0.26735565;1.1884803;0.25043485
-0.27325952;0.98359674;0.54722285
-0.2654826;0.8337524;0.5596533
-0.22176109;0.8060644;0.41959763
-0.15240887;0.8167265;0.4075531
-0.0781771;0.6424437;0.3229175
-0.00941668;0.50457996;0.08645899
-0.007533344;0.403664;0.06916719
2.2332465E-4;0.51511866;-0.15091625
-0.03732134;0.67771995;-0.314483
-0.11110707;0.74842596;-0.38596138
-0.10138566;0.68155324;-0.3025191
-0.018608525;0.3014926;-0.16389029
0.11948818;-0.3009934;0.16888776
0.39559054;-0.69704473;0.44448522
0.47272244;-1.1545107;0.9805882
0.20005295;-1.7583742;1.6844705
-0.24933264;-2.0289285;1.8038265
-0.4713411;-2.0962262;1.5618111
-0.1489479;-2.1781528;0.8494489
0.20896669;-2.3643973;0.44830912
0.32029834;-2.8243303;-0.21010269
0.38436368;-2.7438393;-0.93683213
0.46374094;-2.1419463;-1.5400907
0.5272428;-1.5588696;-1.7820725
0.34679422;-1.0439707;-1.713158
0.07743537;-0.44923908;-1.4580264
-0.05055171;0.18748376;-1.1351712
-0.027941367;0.5484245;-0.8831369
0.0932719;0.6238958;-0.8127595
0.20899253;0.67177296;-0.8783326
0.29844403;0.4663246;-0.7745411
0.33875522;0.19884093;-0.7446329
0.37725416;0.030947741;-0.59258133
0.40492833;0.66616446;-0.39594004
0.41144267;1.069162;-0.116752036
0.17290413;0.89932376;0.15034837
-0.3054267;0.4800547;0.2577787
-0.50059134;-0.06966717;0.27184796
-0.2535981;-0.33503062;0.36122838
0.0096215345;-0.31255573;0.45148268
0.17332223;-0.73207587;0.7299362
0.026157781;-1.1301919;0.73082393
-0.054073773;-0.955716;0.60028416
4.9098046E-4;-0.5520728;0.4739773
-0.027732216;0.037247986;0.38855684
-0.12843578;0.014954639;0.43584546
-0.19962361;-0.10366129;0.36430138
-0.14407389;-0.25792903;0.16956611
0.10349088;-0.23915572;-0.0018471148
0.2202927;0.02430042;-0.120227695
0.007484166;0.25303409;-0.18368216
-0.23463766;0.32352102;-0.25319573
-0.38458514;0.48069182;-0.11505658
