-0.11067771;1.2451203;0.30231094
-0.17135467;1.1816431;0.31059876
-0.21833374;1.0546895;0.317229
-0.24029198;0.8207047;0.3787832
-0.3031711;0.52804816;0.44052655
-0.37534937;0.35720414;0.56492126
-0.34949824;0.23029457;0.48943698
-0.22100484;0.14829814;0.2915496
-0.08930388;0.11863852;0.08323968
-0.0714431;0.11366082;-0.10840826
-0.021216983;0.23663178;-0.17422661
0.017401414;0.27719605;-0.13313128
0.02954613;0.116678715;0.024744973
-0.043550596;-0.2109539;0.16354598
-0.11140297;-0.48126313;0.22458678
-0.06412238;-0.624073;0.18591942
0.0018270953;-0.6539459;0.17373554
0.010836677;-0.6372192;0.19523843
0.005544341;-0.5691504;0.18119074
0.030997973;-0.4271953;0.1449526
0.06542338;-0.28550625;-0.015287923
0.0039012027;-0.21278;-0.14973034
-0.04219154;-0.232724;-0.18853427
-0.05875323;-0.24399169;-0.21957742
0.015497415;-0.28269336;-0.25066194
0.021772932;-0.33396718;-0.26302955
2.3084607E-4;-0.36561126;-0.24792364
-0.048252825;-0.3346765;-0.09833891
-0.04953976;-0.2896162;0.046328872
-0.06306931;-0.15356795;0.030813098
-0.14108044;0.009958133;-0.06909952
-0.23005186;0.20484151;-0.024029618
-0.28560397;0.4607482;-0.025473693
-0.23004569;0.6631298;-0.09537896
-0.0863803;0.8461289;-0.21380316
0.13948952;0.9276843;-0.17104253
0.3740916;0.6601162;0.16316597
0.40864828;-0.06565703;0.54303277
0.09566863;-1.1454943;0.9844262
-0.55080885;-1.9570205;1.1062909
-0.7773658;-1.7718664;1.0412828
-0.45158017;-0.7534306;0.5642762
0.05826712;0.364443;-0.19232902
0.31770745;1.1071794;-0.69761324
0.32916597;1.2802747;-0.82059056
0.24458277;0.8750011;-0.76272243
0.12379121;0.11562586;-0.66642797
0.03809547;-0.5637493;-0.48939237
-0.007023624;-0.8666245;-0.3165139
0.030318601;-0.85267454;-0.17821112
0.11956738;-0.75088966;-0.017568896
0.1159664;-0.7210242;-0.0015551159
0.12871063;-0.64713186;-0.013744093
0.223281;-0.4489555;-0.11099528
0.27393728;-0.2747894;-0.15129621
0.22539984;-0.16826902;-0.22728698
0.24906987;-0.13461521;-0.3193296
0.2898809;-0.15612967;-0.36171368
0.21627972;-0.20302874;-0.35187092
0.14021127;-0.2046105;-0.24399674
0.17935652;-0.1371259;-0.1889474
0.27004772;-0.22063822;-0.051157918
0.16447568;-0.5233856;0.15907367
-0.06373196;-0.70620847;0.17100893
-0.07598557;-0.59934175;0.055557147
-0.031100955;-0.3294734;-0.061804283
-0.018630765;-0.07295373;-0.14319342
-0.018029612;0.12913701;-0.20830475
-0.022236189;0.13143462;-0.23539379
-0.01935145;0.05827269;-0.23206504
0.028268838;0.09036815;-0.19815202
0.06949007;0.112919524;-0.14602162
0.04934206;0.11846062;-0.110567294
0.050411146;0.110393494;0.05529616
0.06532892;0.032064795;0.16923693
0.113200635;0.006901836;0.24163954
0.073373005;-0.11010353;0.16831164
-0.031926595;-0.13495782;0.047149308
-0.103666276;-0.04859126;-0.031030554
-0.09074552;0.06425199;-0.062324442
-0.022596417;0.1670266;-0.07485955
0.010047867;0.10862128;-0.10363764
-0.010711706;0.01189702;-0.07041012
-0.035131864;-0.015482384;-0.05632809
0.020332009;0.043864094;-0.051312473
0.06314061;0.07571627;-0.09104998
0.030199984;0.04807302;-0.060339984
0.025722489;0.013458416;-0.054521985
-0.01535951;-0.0017332676;-0.018617589
0.0048998925;0.051738385;-0.0023940713
0.047669914;0.050765708;-0.026915258
0.006885931;-0.018762434;0.015967794
-0.033553757;-0.080634944;0.08152424
-0.023718003;-0.09263296;0.05271939
-0.0033494034;-0.089731365;0.04842551
-0.041742023;-0.11866009;0.09499041
-0.06933112;-0.14492807;0.113492325
-0.0679649;-0.10344246;0.10954386
-0.054371916;-0.048378967;0.03138509
0.009627468;-0.0012031739;-0.024891928
0.023326974;-0.004087539;0.011336457
-0.02040092;-0.031395033;-0.0034308343
-0.042883236;-0.015741024;-0.027744668
-0.02805659;0.00615718;-0.034695733
0.03692973;-0.0013242561;-0.040256586
-0.017331216;-0.057309404;-0.03220527
-0.031052474;-0.005222524;-0.032014217
0.015783021;0.03644698;-0.075611375
0.068876415;0.032282583;-0.1292391
0.06760114;0.041451067;-0.09089128
0.054080907;0.051910855;-0.08521302
0.018264726;-0.0022213166;-0.074420415
0.0021117802;-0.051777054;-0.009536334
0.0016894243;-0.04454664;-0.013879067
0.05291404;-0.032512315;0.007646746
0.03295623;-0.06038485;0.024867397
-0.031447515;-0.08268288;0.06989392
-0.09390801;-0.0630213;0.07466514
-0.07356391;-0.025417045;0.053482108
-0.021351127;-0.010958635;0.055285685
-0.017080901;-0.030641908;0.08797855
-0.055852223;-0.043263525;0.08288284
-0.066556774;-2.3582116E-4;0.08505627
-0.048557922;0.002936343;0.043045018
-0.05134634;-0.0070259254;0.0031860135
-0.04732707;0.0037542596;-0.04120119
-0.011299156;0.012378408;-0.051710952
-0.0027893248;-0.018222274;-0.06011876
0.025893541;-0.07395282;-0.06684501
0.011339832;-0.08103725;-0.09097601
0.005946866;-0.058579803;-0.09778081
0.03913249;-0.06873884;-0.12197465
0.07661849;-0.023741074;-0.14757971
0.076919794;-0.012742859;-0.11806377
0.07559834;-0.082069285;-0.06320102
0.07922867;-0.13753043;-0.025560815
0.027445436;-0.20064935;0.04830135
-0.024918651;-0.15114447;0.05114108
0.0113150785;-0.06779058;0.015912862
0.029364564;0.011392536;-0.0060197096
0.0063041504;0.0153640285;-0.0048157675
-0.023081679;-0.015833776;0.002397386
-0.041902844;-0.03454202;0.05816791
-0.060084775;-0.037008617;0.06528433
-0.06681782;-0.023356894;0.09597746
-0.078454256;0.050064486;0.09553197
-0.059638403;0.08692659;0.026425576
-0.013335723;0.10079127;-0.01635954
-0.013793579;0.07750802;-0.0068376316
-0.017284863;0.05263141;-0.030470105
-0.03414039;0.02335513;-0.06812608
-0.014812312;0.040559106;-0.098250866
0.02096265;0.060572285;-0.12235069
0.01052012;0.023457827;-0.06663056
0.006853596;-0.018733738;-0.028304445
-0.0038921232;-0.027486991;-0.010143556
0.029698802;-1.14592694E-4;0.0043851556
0.02219654;-0.031341676;0.047258124
0.003694733;-0.078198336;0.069056496
0.017018287;-0.10318367;0.0614952
0.008927129;-0.13567194;0.07419616
-0.036608297;-0.08978755;0.08435693
-0.04022414;-0.07183004;0.042485543
-0.04467931;-0.051214032;0.040238433
-0.037305947;-0.022221226;0.05094075
-0.025157258;0.03222302;0.022002598
-0.031063307;0.063278414;0.017602079
-0.0045381454;0.063122734;-0.0046683373
-5.0551625E-4;0.091123186;-0.02873467
-0.001966913;0.110398546;-0.060487736
0.01873897;0.12269384;-0.09839019
0.025928676;0.07315507;-0.12246215
0.039492942;0.030399056;-0.11046972
0.048781853;0.033694245;-0.113375776
0.014025482;0.0019553965;-0.06570062
0.0018453855;-0.05156068;-0.021310497
0.021788808;-0.072498545;-0.0107983975
0.025243547;-0.082998835;0.0038612818
0.017069837;-0.075774066;0.0030890256
0.01678087;-0.07311925;0.058721222
0.011862196;-0.061620403;0.059476975
-0.021760244;-0.074296325;0.09758158
-0.039283194;-0.053187057;0.090565264
-0.039239056;-0.023799647;0.041202214
-0.029828744;-0.0034147177;0.03296177
-0.039487995;-0.008981775;0.051369417
-0.040965397;0.02406458;0.05359553
-0.0015223172;0.053626664;0.061626427
-0.016842853;0.06477633;0.01805114
-0.015036783;0.061196066;-0.0043090875
0.0020330737;0.07083185;-0.02219727
0.02193896;0.08166548;-0.055257816
0.009738667;0.08408239;-0.075456254
0.010915934;0.026640909;-0.091615
0.008732747;0.011937726;-0.085792005
0.028861197;-0.012324818;-0.1061336
0.051213957;-0.016109856;-0.10365688
0.040971167;-0.059762884;-0.0954255
0.043714434;-0.08531031;-0.051340405
0.045909047;-0.08387324;-0.016072324
0.046102237;-0.0702236;-0.012857858
0.01969429;-0.09055388;0.045963712
0.0016929319;-0.0943181;0.07427097
-0.0064581544;-0.10045448;0.11566678
-0.022354024;-0.07098859;0.11753342
-0.046008218;-0.025540868;0.10027674
-0.027431576;0.013942306;0.09897139
-0.05788276;0.033028845;0.06667711
-0.054118708;0.095173076;0.07834169
-0.06516997;0.14176346;0.03767335
-0.045885973;0.13528576;-0.007361319
-0.02733378;0.13322861;0.019110944
-0.023429522;0.11908289;0.002788756
-0.026556117;0.117141314;-0.035268996
0.033442605;0.084338054;-0.0782152
0.043941583;0.04872044;-0.112572156
0.035153266;-0.0016486476;-0.14005773
0.043747615;-0.048193917;-0.14017119
0.06468559;-0.041680135;-0.13713695
0.06581097;-0.07084411;-0.08158456
0.06046128;-0.11605029;-0.059017643
0.04368152;-0.13346523;-0.034714114
0.04275772;-0.13177219;0.009728707
0.037331175;-0.14604275;0.032782964
0.01111494;-0.1637092;0.08872637
-0.0036080482;-0.16221736;0.1209811
-0.045073938;-0.098523885;0.12803487
-0.03137165;-0.01631911;0.0836779
-0.043847322;0.071319714;0.04194232
-0.035077855;0.14143077;0.021053858
-0.028062286;0.16314462;0.0043430864
-0.06932483;0.1305157;0.040974468
-0.05858486;0.12628755;0.0077795754
-0.06405539;0.116655044;0.03747366
-0.030931812;0.118324034;0.023728928
-0.01068295;0.09778423;-0.024766857
-0.0038588597;0.09072738;-0.051063485
0.015662912;0.050706904;-0.07210079
0.05315533;0.024940524;-0.08268063
0.053461764;-0.03317258;-0.0911445
0.028706912;-0.067163065;-0.0791656
0.04952803;-0.07873045;-0.050832484
0.048997425;-0.09110936;-0.015665986
0.025135439;-0.16038749;0.006217211
0.013858351;-0.17206;0.023723768
0.02983668;-0.122022994;0.037729014
0.025431845;-0.06949339;0.055183213
3.2975597E-5;-0.099344715;0.069146566
-0.03591112;-0.09822577;0.08656725
-0.0662289;-0.03483062;0.075503804
-0.052983116;0.059635505;0.060403045
-0.036136493;0.103958406;0.035822436
-0.050784193;0.083166726;0.03490795
-0.051564857;0.13215838;0.009176359
-0.019376885;0.1401017;0.019841086
0.004810992;0.12770636;0.0033728692
0.013223794;0.09904009;-0.041051704
0.034016535;0.094857074;-0.07034136
0.042838227;0.05401066;-0.06877309
0.03739558;-0.003666474;-0.09251847
0.029916465;-0.027933178;-0.09901478
0.055183172;-0.050471544;-0.116711825
0.051959038;-0.07787723;-0.099619456
0.03844223;-0.109176785;-0.08594557
0.008878784;-0.15921643;-0.025006453
-0.0053969724;-0.15237315;0.011244837
0.033182424;-0.12502351;0.03399587
0.046858437;-0.1250188;0.058446694
0.0015492501;-0.15626505;0.078007355
-0.0065731;-0.10938704;0.068655886
-0.02869598;0.003115368;0.07367471
-0.052644283;0.07436729;0.08393977
-0.04524043;0.10011884;0.073401816
-0.097129844;0.09572007;0.07747145
-0.10270388;0.12657605;0.05572716
-0.0587256;0.17626084;0.013331728
-0.02354298;0.19100867;0.0044153826
-0.006334383;0.17468195;-0.0152176935
0.008994994;0.13349555;-0.037174154
0.027508495;0.056796443;-0.035989325
0.026694296;0.0048121535;-0.07254146
0.04166794;-0.0024002774;-0.070533164
0.05052185;-0.020670222;-0.093926534
0.04510498;-0.050911177;-0.093891226
0.012646483;-0.10322894;-0.081362985
7.4218685E-4;-0.15445815;-0.07134038
0.03496875;-0.16731653;-0.019572308
0.0420375;-0.16822822;0.021842154
0.0351925;-0.14708257;0.023723723
0.0297165;-0.13641606;0.081478976
-0.0246643;-0.11850785;0.10893318
-0.02910644;-0.051056277;0.099646546
-0.010785152;0.018529978;0.06721724
-0.03831562;0.04607398;0.07252379
-0.090027496;0.074359186;0.07676903
-0.1017095;0.12823735;0.055165224
-0.0704301;0.16196488;0.0128821805
-0.025094079;0.1795719;-0.014694256
-0.009137763;0.15615752;-0.024255404
0.0036272896;0.14680102;-0.0069043236
0.04040183;0.15181582;-0.049273457
0.041696467;0.12457765;-0.08316877
0.06616967;0.06216212;-0.060285013
0.04043574;0.009104697;-0.06072801
0.03391109;-0.064591244;-0.08608241
0.024003873;-0.139173;-0.07511593
0.011390598;-0.1863384;-0.07259274
-0.008075022;-0.20844571;-0.033074193
0.012289982;-0.16363157;-0.026459355
0.009831986;-0.14028026;-0.039917484
0.029740589;-0.11222421;0.024316013
0.02691747;-0.08977936;0.04445281
0.013721477;-0.08119849;0.06056225
-0.035897817;-0.0712088;0.0859498
-0.058405753;-0.035092033;0.100009836
-0.059224606;0.006301372;0.13000788
-0.055192184;0.064416096;0.1040063
-0.039466247;0.10153288;0.070705034
-0.059697997;0.1281013;0.08156403
-0.075883396;0.16185604;0.071501225
-0.056019217;0.20760983;-0.0052990206
0.011434626;0.26296288;-0.029239217
0.0466477;0.22599529;-0.092141375
0.05450566;0.10892124;-0.0737131
0.029542029;0.027761988;-0.07147048
0.048633624;-0.021540409;-0.107176386
0.0670319;-0.09535733;-0.123241104
0.05050052;-0.17003587;-0.09234288
0.040400416;-0.13602869;-0.07387431
0.021382831;-0.17757295;-0.071599446
0.017106265;-0.16393337;-0.044779558
0.033997513;-0.17802168;-0.017073646
0.02251051;-0.21741734;-0.013658917
0.010195908;-0.20205888;0.045322865
0.022219226;-0.16477211;0.042508293
0.017775381;-0.12869269;0.034006633
-0.024842195;-0.10920415;0.05220531
-0.047998756;-0.074863315;0.08551425
-0.063399;-0.019265654;0.099661395
-0.086656705;0.034587476;0.13597912
-0.07088786;0.04329498;0.12753329
-0.06452279;0.037760984;0.14577663
-0.08286823;0.04895879;0.1291213
-0.025669586;0.02666703;0.028297046
0.02165183;-5.4137566E-4;-0.046112362
0.06419647;-0.0285581;-0.06813989
0.07479467;-0.10722148;-0.098261915
0.08639824;-0.23265219;-0.109859526
0.11286859;-0.32987174;-0.08788762
0.13091987;-0.4638974;-0.0890601
0.1437984;-0.6054929;-0.08999808
0.16035122;-0.71251935;-0.13137347
0.16890597;-0.70439047;-0.25509876
0.21481228;-0.46976238;-0.45095402
0.38434982;-0.1195599;-0.5513882
0.48560485;0.16685209;-0.49111056
0.3509839;0.47098166;-0.47101346
0.3339121;0.73616034;-0.54243577
0.5968172;0.8701783;-0.38394862
0.67745376;0.81176764;0.07721611
0.404463;0.4212891;0.5430229
0.1688829;-0.05359373;0.7844183
0.19135632;-0.530375;0.8775346
0.07027256;-1.0243;0.9770277
-0.16253196;-1.153815;1.1253722
-0.26752555;-0.907427;1.2065477
-0.28277045;-0.5571916;1.2339882
-0.29184136;-0.28325328;1.3184406
0.36496443;-0.37035263;1.3485024
1.027909;-0.0837821;0.72255194
-0.26204777;0.42359933;0.8842916
-1.1830757;0.52325445;1.0199332
-0.6964606;0.8529786;0.5284466
-0.10404346;1.1136328;0.42275727
-0.112922266;1.2565312;0.45695582
-0.3559628;1.3755375;0.40931466
-0.36289525;1.43793;0.38995174
-0.18094121;1.565969;0.2994614
0.09587204;1.5090252;0.23956911
0.19388513;1.2619077;0.035405286
0.1847956;0.9673386;-0.21542577
0.4322115;0.8926209;-0.4723406
0.64264417;1.0015967;-0.5278725
0.53286535;0.9184649;-0.441048
0.3778548;0.6925844;-0.4215884
0.33197132;0.56891125;-0.5935207
0.41245207;0.5473165;-1.0060666
0.52058667;0.6253532;-1.4048532
0.6727193;0.7034076;-1.4645076
0.7288005;0.62561667;-1.6247311
0.70491534;0.4797902;-1.6372849
0.6576823;0.42367592;-1.5160779
0.64489585;0.38698763;-1.5128623
0.60966665;0.2674026;-1.4727899
0.57523334;0.1643127;-1.3313569
0.48518667;-0.04276859;-1.1432105
0.23814933;-0.26233986;-1.0083184
0.028019466;-0.33409065;-0.8941547
0.066165574;-0.32899126;-0.82782376
0.13105746;-0.30694303;-0.84975904
0.057970967;-0.24555442;-0.89543223
-0.009873226;-0.19097477;-0.7944708
-0.12039858;-0.29574856;-0.5699516
-0.32131886;-0.5201926;-0.44658628
-0.16018009;0.11431466;-0.47914404
0.049980927;0.38207674;-0.36456522
0.05873474;0.23144263;0.0052228165
-0.1342622;0.035935357;-0.14582175
-0.06678477;-0.3431267;-0.5697824
0.39969718;-0.73934513;-0.63082594
0.8228828;-0.5680386;-0.45466074
0.9270562;-0.011462128;-0.2106036
0.67289495;0.5486428;0.00339213
0.42269096;0.8713361;-0.053536296
0.44440278;0.7470689;-0.17720404
0.8242722;0.3601551;-0.40113822
1.5156678;-0.042735286;-0.5771606
2.5250342;-0.27793822;-0.632041
3.0950274;-0.33485058;-0.3884453
2.3010218;-0.3624117;0.18924378
0.26581752;-0.35242936;0.57327
-1.402971;-0.352256;0.51174104
-1.7473768;-0.3021173;0.16251782
-1.0104015;-0.21981885;-0.29654825
0.07605386;-0.05398007;-0.6716136
0.8233431;0.5810347;-0.7951034
0.96492445;1.0853356;-0.7079577
0.6219396;1.0349188;-0.6304287
0.37255165;1.0060112;-0.43403044
0.3292913;1.1551996;-0.25972435
0.23843306;1.5460347;-0.28746697
0.32199645;1.8079215;-0.21122359
0.48884717;1.7728997;-0.21897887
0.49732772;2.0636322;-0.2564331
0.4041122;2.2165308;0.08391602
0.110789746;1.9919746;0.24525782
-0.1113682;2.3592048;0.30558127
-0.15784456;2.6154888;0.48509002
-0.23252565;2.201766;1.216197
-0.46102053;1.4332879;1.7135826
-0.6625664;-2.447467E-4;1.7771161
-0.67692816;-1.8470708;0.9904429
-0.4321675;-2.9188676;0.40797928
-0.183234;-3.01068;0.55763346
-0.021587204;-2.4104972;0.72735673
0.013980237;-2.0893352;0.5818854
-0.02006581;-2.4355307;-0.27199167
-0.028552648;-3.0609245;-1.0894684
-0.0040921187;-3.1174896;-1.5809497
0.096726306;-2.1658666;-1.5069473
0.20863104;-0.6733184;-0.7352453
0.21065484;0.6191578;0.06492876
0.087273866;0.9050919;0.20819302
-0.2051809;-0.14116088;0.4103044
-0.3641447;-1.40121;0.65324354
-0.18194078;-1.880343;0.53196985
-0.023677623;-1.7839619;0.46307585
-0.2470671;-1.6552945;0.3548357
-0.5476537;-1.6461107;0.25261855
-0.66312295;-1.6418885;0.45521984
-0.5773733;-1.3635107;0.50167584
-0.3712737;-0.98143363;0.4294657
-0.20326895;-0.5351469;0.9435726
-0.30011517;0.12188248;1.045483
-0.44634214;0.6365685;0.7207614
-0.2851987;0.61394227;0.10785915
-0.05003396;-0.05259617;-0.9668377
0.19122283;-0.85457695;-1.7844076
0.31547827;-0.81803656;-1.7962761
0.30238262;0.02057076;-1.3167084
0.1919061;-0.03041839;-0.52524173
0.25039986;-0.6399597;0.17043163
0.4440699;-0.03071777;-0.20427969
0.43025592;0.9941758;-0.63373625
-0.0026702657;0.66721565;-0.519489
-0.29588622;-0.2037275;-0.4202787
-0.17108397;-2.172357;0.57002705
0.49438283;-2.1597607;-0.22522837
1.1455063;0.5471915;-1.3817452
0.59140503;2.319003;-0.12258366
-0.18312599;3.6723413;0.69568306
-0.24650079;4.466047;1.0596714
-0.16282563;3.7259624;1.4227371
-0.23651052;2.0940511;1.2413148
-0.5110834;0.084615976;1.5649267
-0.65261674;-1.0799634;1.5863165
-0.45646837;-1.5717833;1.1628032
-0.105799705;-1.7918016;0.53961754
0.17786023;-1.5084413;-0.330806
0.39228818;-1.894253;-0.20526978
0.17320555;-2.3060274;-0.9017158
0.76043946;-0.15107195;-0.59637266
0.8583515;2.5279706;-0.37709814
0.48668125;5.006361;-0.8298035
0.23309499;6.3254013;-0.3544678
-0.71039903;4.6446958;0.32892576
-1.2276942;1.9423193;0.2725156
-0.6071554;0.016355397;-0.031987514
0.101775706;-1.2753923;-0.056840014
0.11267057;-1.8396497;-0.14234701
-0.25048855;-1.5162511;-0.4232526
-0.31289083;-0.93721956;-0.34172708
-0.25031266;-0.34938505;-0.25463167
-0.8190001;0.35623416;-0.27245533
-1.1239501;-0.08268846;-0.18046427
-1.0991601;-0.6693734;-0.4224964
-0.5387031;-0.8069831;-0.59580964
0.23778754;-0.475274;-0.49539772
0.52460504;0.025640184;-0.28850567
0.33843404;0.34585395;-0.02767953
0.06762222;0.4413804;0.065356374
-0.074027225;0.39900276;0.1179101
-0.13109678;0.38433895;0.16620308
-0.3080024;0.2596196;0.20171246
-0.5464019;-0.016327767;0.24886997
-0.74649656;-0.37663645;0.25847098
-0.81907225;-0.6384185;0.25365177
-0.6927578;-0.6888598;0.2716714
-0.5917062;-0.61827534;0.48921213
-0.65774;-0.55790156;0.7976197
-0.769942;-0.45960248;1.2068458
-0.89720356;-0.33721322;1.4248517
-0.9833879;-0.22367683;1.5055063
-0.8960853;-0.14456646;1.5325301
-0.7137432;-0.040653173;1.344774
-0.3803696;-0.06689754;1.1695693
-0.14492068;-0.6144555;1.1669054
-0.24093653;-1.3493769;1.1522743
-0.45368674;-1.7170016;1.2155695
-0.5520119;-1.5079762;1.1662055
-0.4634845;-1.000131;0.9579644
-0.2098501;-0.54072976;0.70387155
-0.11006758;-0.36227134;0.56309724
-0.24742907;-0.30075458;0.35047778
-0.23075576;-0.07966615;0.08663224
-0.0877296;0.07532958;-0.086944215
-0.09830868;-0.36161134;-0.12580536
-0.42239696;-1.4330391;-0.1256443
-0.7785426;-2.4245563;-0.050515436
-0.7993966;-2.733395;0.04083765
-0.44264224;-2.246091;-0.14232989
0.09901121;-1.4687479;-0.3451139
0.38233396;-0.99687326;-0.33859113
0.13867967;-0.5693736;-0.4271229
-0.28749377;-0.29924887;-0.5041983
-0.5596825;-0.4393991;-0.50335866
-0.582121;-0.76401925;-0.39331192
-0.5141343;-0.8924654;-0.25214955
-0.53005743;-0.8670973;-0.29859462
-0.61310846;-0.9218029;-0.3701257
-0.7139243;-0.8718173;-0.48360056
-0.9508269;-0.48182884;-0.49625546
-1.1911303;0.14578693;-0.37825435
-1.2058339;0.74162954;-0.28697848
-1.0718937;1.0245537;-0.2889578
-0.96659696;0.9415179;-0.41241622
-0.9953723;0.42196432;-0.301808
-1.2557461;-0.21867853;-0.10707139
-1.5920969;-0.5749428;0.3299679
-1.853365;-0.58495426;0.80147433
-1.895192;-0.4304634;1.0849295
-1.7114661;-0.28812072;0.9116936
-1.4535478;-0.29924658;0.6231049
-1.2253383;-0.27064726;0.39223388
-0.9958956;-0.20089282;0.3825371
-0.88890404;-0.082589254;0.45602968
-0.76893574;0.058928598;0.46482375
-0.61358607;0.30651787;0.378109
-0.49243134;0.58583933;0.3337372
-0.3126951;0.8374214;0.24198976
-0.14078107;0.9480622;0.1810918
-0.023562353;1.0053247;0.032373443
0.14677511;0.94175977;-0.099101245
0.24554509;0.6096578;0.0019690047
-0.008251425;0.35335127;-0.2984248
-0.18160114;0.338931;-0.36373985
-0.17184341;0.5461448;-0.27224186
0.0015877703;0.7025408;-0.2115435
0.29658273;0.7807827;0.043265205
0.36695367;0.9121261;0.20336217
0.14512543;0.9218884;-0.02481027
0.02078785;0.78438574;-0.3260982
0.06506778;0.6259461;-0.4546286
0.14580423;0.5195069;-0.41995287
0.13226838;0.6562305;-0.37971228
0.1714397;0.8234219;-0.16626982
0.21527676;0.9274875;0.07323413
0.03472141;0.86699003;0.2085873
-0.20816037;0.577967;0.09811985
-0.2540283;0.09831111;-0.034004122
-0.20166014;-0.3291636;-0.1209533
0.00742189;-0.5367684;-0.10301264
0.07468751;-0.5106647;-0.07616011
-0.10899999;-0.39603177;0.35157192
-0.48095;-0.09963792;0.70000756
-0.850385;0.059352167;1.241256
-1.002183;0.26779422;1.1680049
-0.5658089;0.017360387;0.52815384
0.06141538;-0.4376742;-0.021226916
0.4381948;-0.39076436;-0.34823152
0.39430586;0.0030135182;-0.35983524
-0.003305324;0.17428581;-0.07536818
-0.24639426;0.13161615;0.47095546
-0.4111779;0.46623042;0.58301437
-0.5039423;1.3057969;0.39766148
-0.40159136;2.0614343;0.005629193
-0.3212731;1.6491475;0.0045033544
-0.17576846;2.1236148;-0.32764733
-0.073427275;2.4129543;-0.58711785
0.11782068;2.5397384;-0.68844426
0.38488156;2.391947;-0.85075545
0.51884276;2.293245;-0.7243543
0.23226169;2.3892837;-0.67635846
0.02487185;2.230177;-0.6817118
0.04020998;1.9497665;-0.7078694
-0.039707016;1.6254382;-0.5225455
-0.120828114;1.2112881;-0.19928643
-0.2029125;0.46590546;0.12807086
-0.33576748;-0.51008815;0.45870668
-0.4545515;-0.96978927;0.51071537
-0.3698912;-1.064894;0.45857227
-0.26778796;-0.8480089;0.49185783
-0.122042865;-0.4659071;0.33098626
0.1414282;-0.17897569;0.171039
0.31626758;5.6945573E-4;0.0805812
0.25145155;0.103580564;0.19571497
-0.012901258;0.06411445;0.23782197
-0.150946;-0.07761469;0.22775757
-0.061381806;-0.119123004;0.28845605
0.027457057;-0.11482965;0.22451484
0.050090645;-0.04186372;0.10461188
0.09944752;-0.0030222265;0.09618951
0.09205801;-0.05398028;0.0832016
0.03927141;-0.12912172;-0.020938717
0.06422963;-0.14782862;-0.048000973
0.1248212;-0.1604504;0.05534922
0.12641945;-0.15882908;0.19427937
0.06051057;-0.12471951;0.2366735
-0.056279045;-0.08883811;0.045588803
-0.045023236;-0.20075798;0.07397104
0.023356412;-0.25826263;0.015426832
0.062435128;-0.08082886;-0.08765853
0.09369811;0.102524415;-0.18262683
0.12964599;-0.03126172;-0.008601462
-0.021283213;-0.24141562;-0.0068811695
-0.25296408;-0.23141375;7.450645E-4
-0.21174626;-0.16247475;-0.07440395
-0.041272007;0.002832699;-0.14077316
-0.037705105;0.11710991;-0.10636853
-0.0067265835;0.19681293;-0.15384482
0.08680623;0.28557533;-0.054325856
0.035069987;0.38002276;0.044039313
-0.04381901;0.26417446;0.053981453
-0.024117708;0.24962083;0.011935161
0.010393333;0.25282165;-0.052951872
0.06300217;0.20381983;-0.011111497
0.019151732;0.10836836;-0.015139198
-3.0361343E-4;-0.02268031;0.006638642
-0.05024289;-0.107988;-0.050939087
-0.066756815;-0.1629529;-0.059501268
-0.05653045;-0.17645606;-0.028851015
-0.040536862;-0.17553985;0.008169188
-0.023054488;-0.116213135;0.03153535
-0.04656859;-0.0023455073;2.2828016E-4
0.028370127;0.06843609;-0.049817376
0.1070711;0.108655125;-0.1461039
0.12784438;0.1478616;-0.07938312
0.028838005;0.19172677;-0.057256497
-0.0863046;0.12838143;-0.039555196
-0.11591867;0.015986389;0.012105842
-0.12085994;-0.09033589;0.059684675
-0.06543795;-0.07773746;0.05399774
0.024212137;-0.010627469;0.0056981915
0.02561971;-0.06397072;0.023308553
0.015808268;-0.10117658;0.031146843
0.039209116;-0.061410014;0.07491747
0.04699229;-0.07256551;0.053683978
0.043843832;-0.12680241;0.08044718
0.033512566;-0.12644193;0.15810774
-0.035689946;-0.057403542;0.1077362
-0.023864457;-0.055297833;0.08618896
0.015283434;-0.084082015;0.0064511662
0.020039247;-0.048515614;-0.05733907
0.009781398;0.01509376;0.016628746
-0.0156123815;0.042543758;-0.005447003
-0.043739904;0.055128757;-0.0481076
-0.042804424;0.0706655;-0.08223608
-0.03268104;0.083876155;-0.12828887
-0.018332332;0.055382174;-0.10888109
-0.013103365;0.06149324;-0.099604875
-0.047982693;0.05075709;-0.1484339
-0.043073654;0.03357442;-0.06874712
-0.06414642;0.024515789;-0.029997695
-0.08100464;0.00867513;-0.030248156
-0.03980371;-0.0032161456;-0.011698525
9.695314E-4;-0.034604166;-0.0031088202
0.024213126;-0.035495833;0.07251295
0.0162455;-0.034646668;0.051760357
0.0098714;-0.09021733;0.028908284
0.03289712;-0.09326762;0.04187663
0.010692696;-0.061332844;0.1022513
-0.018008344;-0.041253775;0.07555104
0.026218325;-0.06425302;0.054190833
0.07722466;-0.062339917;0.08710267
0.082092226;-0.067059435;0.07593213
0.057861283;-0.055991296;0.048245706
0.049414027;-0.06744929;0.032346565
0.07703122;-0.04458443;0.08837725
0.03349998;0.0104262065;0.0707018
-0.02007502;0.016153466;0.012811441
-0.003560015;0.03714152;-0.05850085
0.009651988;0.03596322;-0.090550676
-0.01415341;0.057676826;-0.116190545
-0.048822727;0.05942271;-0.07420243
-0.06718318;0.028006917;-0.046861947
-0.047496546;-0.055719465;-0.04998956
-0.10830974;-0.107856825;-0.021241646
-0.14446029;-0.08472296;0.0017566832
-0.101505734;-0.054497115;-0.07359465
-0.024954585;-0.027972693;-0.040125724
-0.019963669;0.050278094;-0.013350578
-0.015970934;0.108972475;-0.010680462
0.027848253;0.03561548;-0.02729437
0.0472786;-0.024632616;0.015664505
0.022197882;-0.04079984;0.018781602
0.030258305;-0.048264872;0.052525282
0.044519145;-0.05033065;0.08577023
0.051240314;-0.007452019;0.03736618
0.039429754;0.033882134;-0.0013570554
0.0440438;0.031011958;-0.032335643
0.07586004;-0.018940434;0.024131484
0.07006303;-0.009683597;0.05055519
0.054487925;0.007878122;0.03419415
0.0154653415;-0.024166252;0.02110532
-0.009502727;-0.053708002;0.023134256
-0.03260218;-0.0679664;0.043507405
-0.033894245;-0.06062312;0.059805922
-0.030240396;-0.014123497;0.004094739
-0.038254816;-0.0034862976;-0.046724208
-0.024353854;-0.025445288;-0.006129367
-0.0022955828;-0.0070749805;-0.0049034934
-0.0033989663;-0.018941235;-0.010172795
-0.010531673;-3.0923745E-4;-0.039388236
0.0040746615;0.02865886;-0.031510588
0.03450973;0.004177088;0.03729153
0.027607784;0.0033416704;0.03608322
0.006461227;0.0026733363;0.0038665787
0.022356482;0.007607419;-0.040656738
0.033510186;0.032648437;-0.026275389
0.03618315;0.055024996;0.003979688
0.050821517;0.044019997;-0.02181625
0.010969715;0.03912225;0.0075470004
-0.008411728;-0.014795951;0.0497876
-0.016104383;-0.04386801;0.02108008
-0.014446006;-0.041344408;-0.0018859358
0.008755695;-0.047919277;0.0047412515
-0.014870444;-0.055522922;-0.014956999
-0.041583855;-0.027230836;-0.0057155993
-0.020767083;-0.012409669;0.03292752
-0.013488667;-0.034927737;-0.0049079834
-0.013915934;-0.02637969;-0.022676386
-0.018945247;-0.0171975;-0.0056411093
0.019218802;-0.02078925;0.014237112
0.002875042;-0.0017876506;0.03638969
-0.014887466;-0.027992621;0.029111752
-0.0040974733;-0.043487847;0.017039401
0.0014095214;-0.008227777;-0.01761848
0.005815117;0.014511528;-0.051594783
0.032777093;0.019421723;-0.035025828
0.0027841749;0.05225613;-0.021770662
-0.01027266;0.081648655;-0.023666529
0.012094372;0.05594392;-0.043933224
0.012800498;0.014286388;0.008603422
-0.016322102;-0.008102139;0.025632737
-0.0036826816;-0.014294212;0.06425619
-0.0013836452;-0.02081037;0.04515495
-0.005794416;-0.037742045;-0.02012604
0.020364467;-0.038006138;-0.016100831
0.019416574;-0.006967409;0.024619335
0.03740826;0.0014573226;0.044695467
0.008051607;-0.008209142;0.0045063747
-0.012308714;0.0028076866;0.0223551
-0.009846971;-0.008691351;-0.03211592
-0.021940077;-0.0014843306;-0.031942736
-3.645617E-4;-0.014468715;-0.013054189
-0.011229149;-0.04048122;0.008306649
-0.02773332;-0.051134977;0.012895319
-0.014374156;-0.026064232;-0.0021837447
-5.618245E-4;0.021336114;0.023253005
0.0073630405;0.03425639;-1.4759664E-4
0.029327933;0.010217614;-0.03761808
-0.0062251543;-0.010575909;-0.08634446
-0.015917623;-0.025648227;-0.031575568
-0.034609098;0.021668918;0.0059895446
-0.029249778;0.020460134;-0.020208364
-0.015587323;0.0015243575;-0.01616669
-0.0015323585;-0.052686766;0.005816647
0.055024114;-0.11324316;0.104653314
0.10651929;-0.13434453;0.19622265
0.11177793;-0.10903812;0.20697813
-0.035577655;-0.06613675;0.1468325
-0.06127462;0.025215602;0.229966
-0.0740197;0.15845373;0.2339728
-0.14046577;0.27207547;0.09342824
-0.1967476;0.2785979;-0.17525741
-0.1933356;0.38381582;-0.38395593
-0.07966847;0.4828339;-0.39466473
-0.013734775;0.38626713;-0.3844818
-0.00942532;0.2793262;-0.25133544
0.003397244;0.15158595;0.08643165
0.010530295;0.028300015;0.40039533
-9.5076376E-4;-0.03517249;0.6390663
-0.08357311;-0.06407549;0.686253
-0.17310849;-0.11454164;0.3740024
-0.027549291;-0.024445813;0.07420193
0.11233557;-0.21486916;-0.37188846
0.055493455;-0.39455158;-0.67876077
0.111582264;-0.2101725;-0.8367586
0.3111408;-0.19079426;-0.7194069
0.57078767;-0.49560416;-0.33177552
0.5066301;-0.9920888;0.10332959
0.1303041;-1.1498234;0.46391368
-0.30981922;-1.0577493;0.8336309
-0.6056679;-1.1237385;1.1481547
-0.6314093;-1.3607095;1.0247738
-0.61450243;-1.3713802;0.98231906
-0.88222694;-0.9135104;1.0671052
-0.40578157;-1.0472145;0.6411842
0.23943725;-2.1760528;-0.31830266
0.9056123;-2.4689672;-0.77339214
0.5401148;-2.3001738;-0.0874637
-0.42728314;-2.9338892;-0.30747095
-1.1012015;-3.4908612;-0.5397268
-1.2309612;-3.067689;-0.13803141
-0.65976894;-2.0416512;0.19582488
0.14093482;-1.245821;0.3066599
0.56899786;-0.9404068;0.17032792
0.7505108;-1.0148255;-0.11998767
1.0113461;-1.3649853;-0.36474013
1.2918894;-1.6732383;-0.5605421
1.4756991;-1.7073406;-0.9671837
1.5946218;-1.5346226;-1.064372
1.5952287;-1.002698;-0.88587254
1.515636;-0.4459084;-0.67744803
1.4480557;-0.050476715;-0.42945844
1.3729954;0.40961862;-0.31231675
1.3683182;0.9683199;-0.3842284
1.4679943;1.3184059;-0.6698827
1.7525204;1.1703497;-0.83590615
2.0152977;0.7519048;-0.9405999
2.087238;0.45464882;-0.96497995
2.027603;0.40121907;-0.71573395
1.7939574;0.53035027;-0.5694622
1.5664159;0.9305302;-0.37431973
1.4531327;1.3912991;-0.1557058
1.5343812;1.4692893;0.04418537
1.6150049;1.1691815;0.1447233
1.563879;0.8165952;0.17202863
1.4292282;0.45327613;0.2219979
1.1840075;0.06262091;0.18697333
0.744081;-0.18740328;-0.009796338
0.47338983;0.21257739;-0.38283706
0.57871187;0.7169369;-0.5656447
0.7473445;0.6360495;-0.21501572
0.7385006;0.6775896;0.09048742
0.6251755;0.9889467;0.08801494
0.51576537;1.1145948;0.06416195
0.3876123;1.1776134;0.06695456
0.15071484;1.1874032;-0.24956135
0.06119687;1.132735;-0.3402741
0.2395825;1.0444694;0.046530735
0.441666;0.8394817;0.39347458
0.4033328;0.7270541;0.23665467
0.23829123;0.46054953;0.21119873
0.018757991;0.12156463;0.21583399
-0.3131186;-0.0996233;-0.10858281
-0.47236988;0.12655136;-0.021241248
-0.4372709;0.3543661;0.139257
-0.44981673;-0.011819629;-0.2323444
-0.39735338;-0.7000807;-0.70150054
-0.17100771;-1.1522521;-0.92057544
0.07569384;-0.87023914;-1.0583353
0.13243006;-0.18837883;-1.1029183
0.16219406;0.6696094;-1.0542096
0.21100524;1.2395939;-1.1496177
0.3469292;1.439722;-1.3243817
0.61191833;1.5310744;-1.4407554
0.95515966;1.9697814;-1.5635418
1.0578778;2.1730907;-1.2211459
0.8681772;1.7330039;-0.89410424
0.6414168;1.1770281;-0.8355959
0.5131334;0.94162244;-0.6684767
0.8136317;0.3552511;-0.67071885
0.6509054;0.28420088;-0.5365751
0.7425993;0.17579821;-0.18394758
0.57845443;0.46993545;0.004404442
0.44713855;0.7548546;0.19883606
0.27333584;0.48122743;0.112193845
0.26866868;0.4732632;-0.13368243
0.36493495;0.71767306;0.11805406
0.19507295;1.044451;0.32725576
0.05293336;1.2152482;0.2711796
0.5673467;1.1315736;-0.16274382
2.5038774;1.3193214;-0.78957003
3.8906019;1.3226446;-0.27696854
1.2937315;0.4018657;0.8081127
-1.7337648;-0.50975746;0.83086514
-1.3651369;-0.5804622;0.2740671
0.048515532;-0.18858851;-0.0041838163
0.17631243;-0.17587082;0.19196545
-0.35895005;-0.41569665;0.6535724
-0.55591005;-0.14505732;1.0291079
-0.10097804;0.62770414;1.1295363
0.43796757;0.6537258;0.94737905
0.32537407;-0.09108185;0.8204032
-0.070950754;-0.7603655;0.5156976
-0.075510606;-0.8036049;0.14693308
0.052091517;-0.61241513;-0.21057855
0.060423214;-0.45555714;-0.61533785
-0.0016614295;-0.39647695;-0.8203953
-0.17007914;-0.12421281;-0.8016287
-0.27981332;0.3060985;-0.7084905
-0.28635064;0.5198788;-0.6074174
-0.24158052;0.48465306;-0.5203089
-0.124514416;0.43459743;-0.5271846
-0.10586154;0.36486545;-0.5576852
-0.097189225;0.22314236;-0.63364816
0.034748618;0.07226389;-0.6381685
0.102798894;0.05937361;-0.52147233
0.12598911;0.18968639;-0.36874035
0.013291293;0.15487412;-0.16686729
-0.033116966;0.11452429;-0.016306328
-0.020243572;0.05880693;0.05726744
-0.059944857;-0.006079456;0.03331395
-0.072955884;-0.045488566;-0.01553634
-0.01461471;-0.092640854;-0.013991572
0.04455823;-0.088175185;0.06536924
0.029396586;-0.16116515;0.1804204
-0.032732733;-0.23830712;0.23339881
-0.044936184;-0.33361444;0.22734405
-0.035948947;-0.38407907;0.17875025
-0.04750916;-0.18226324;0.1773752
0.011992673;0.059658155;0.12940015
0.08459414;0.19460152;0.008207624
0.06767531;0.16974372;0.0643786
0.02289025;0.16704498;0.18744038
0.0683122;0.35394847;0.3265148
0.09214976;0.4019088;0.35808685
0.061219808;0.31371453;0.28490698
-0.0010241541;0.27753413;0.2794881
-0.013319323;0.2314023;0.27984047
-0.0044054585;0.18199684;0.25199738
0.027725633;0.12997247;0.2672229
0.015930507;0.10554048;0.18565331
0.056494404;0.13443238;0.107897654
0.12644552;0.0872334;0.026943123
0.10740642;-0.06458828;-0.111258
0.060925137;-0.09698312;-0.2921314
0.06749011;-0.16821149;-0.40870512
0.06649209;-0.2767567;-0.4410266
0.02194367;-0.30109286;-0.38875878
0.011304935;-0.18774928;-0.31881952
-0.015956052;-0.09707443;-0.2628681
-0.006514841;-0.071409546;-0.236857
0.013538127;-0.07275263;-0.2222981
0.0045805015;-0.05195211;-0.24502598
0.009914401;-0.06812418;-0.2600833
-0.029568478;0.012688151;-0.24400413
-0.061154783;0.09140052;-0.2280158
-0.061423827;0.12468292;-0.17928764
-0.05538906;0.16537133;-0.087180115
-0.044311248;0.18073456;0.03806841
-0.022948999;0.18833765;0.13045473
3.9080065E-4;0.18504512;0.15748878
0.0065626404;0.1667861;0.18380353
0.042750113;0.15999138;0.15485533
-0.00329991;0.123305604;0.10357176
-0.015139928;0.13145699;0.0641074
0.037888058;0.081728086;-0.040901575
0.024060447;0.0013199686;-0.10615876
0.037998356;-0.030194025;-0.16461451
0.061648685;-0.031967722;-0.15981661
0.030568948;-0.056824178;-0.14504078
0.018205158;-0.014209341;-0.17540763
-0.004185873;0.023007527;-0.20595111
-0.0095986985;0.0012185219;-0.19913588
-0.0014289587;-0.031837683;-0.18430871
0.005106833;0.002654854;-0.15682197
0.016585466;0.011498883;-0.13327007
0.0070183733;0.009199106;-0.08161606
-0.0068853013;0.004234285;-0.07466785
7.417588E-4;0.03776243;-0.017546777
-0.030656593;0.06614744;0.035962578
-0.030775275;0.006042954;0.06627006
-0.018370219;0.05170936;0.09207855
-0.020946175;0.07574249;0.09866284
0.00824306;0.012156492;0.11486777
0.0065944474;-0.055899806;0.077831715
0.005275558;-0.038469844;0.056015376
0.010470446;-0.0026508758;0.0588748
