-0.0075901244;0.17854533;0.091983914
-0.0685721;0.12330501;0.10171214
-0.04235768;0.077550255;0.106369704
-0.008886144;0.030008955;0.081970766
0.030391086;0.020100914;0.049951613
0.005562868;0.02936198;0.03996129
-0.045549706;0.031302083;0.05071903
-0.036439765;0.034416668;0.040575225
-0.02290181;0.08300208;-0.0019148195
0.012928551;0.22733916;-0.014031855
0.010342841;0.32562134;-0.011225484
-0.04172573;0.39487207;-0.03710539
-0.008380582;0.3057414;-0.04843431
0.07454553;0.09381187;-0.14187245
0.09088643;-0.085888;-0.17599796
0.07270914;-0.0687104;-0.14079836
0.014417314;-0.11434332;-0.1876387
-0.050966147;-0.12038091;-0.37511095
-0.0032729192;-0.23849222;-0.55008876
0.07863166;-0.34938753;-0.699446
0.22540534;-0.32169753;-0.64236933
0.24907427;-0.04251427;-0.40764543
0.049259413;0.2816136;-0.26830387
-0.17309247;0.47021273;-0.18651809
-0.39472398;0.6578108;-0.29921448
-0.42515418;1.1218053;-0.9987466
-0.09949835;-0.32389367;-0.06774726
0.27040133;-2.0458336;1.0208021
0.68507105;-1.6132294;0.54789174
0.97305685;-0.95933354;0.011750903
0.4284455;-0.78309184;0.10158822
-0.3197436;-0.7014735;0.40002057
-0.4245449;-0.7580538;0.40126646
0.066614084;-0.86894304;-8.618302E-4
0.35329127;-0.8717169;-0.11318947
0.18263301;-0.6692485;-0.037426572
-0.12889358;-0.31196132;0.22943375
-0.49061486;0.005118438;0.349172
-0.5206169;0.31034476;0.35746258
-0.19461852;0.3451508;0.19222008
0.21930519;0.14487064;-0.17747393
0.30669415;-0.10597849;-0.37010416
0.15785532;-0.22697029;-0.5367083
-0.017465744;0.18717377;-0.42467916
-0.1639726;0.977864;0.24306917
-0.14367808;1.71276;0.22570534
0.02880754;1.310833;-0.081935726
0.07929603;0.56976014;-0.13898608
-0.12406318;0.93627685;0.068498634
-0.25550056;1.8960918;0.3579239
-0.054400433;2.4510531;0.53008914
0.025229655;2.4350612;0.5553213
-0.13606627;1.5183614;0.34738204
-0.0026030212;-0.010945567;0.115405634
0.14791758;-1.0346842;-0.2139255
-0.06916593;-0.91837233;0.031984605
-0.18033275;-0.117901005;0.7287127
0.1369838;-0.01971143;0.83609515
0.44083706;-0.9134254;0.08137612
0.18391964;-1.6198028;-0.26927412
-0.1341143;-1.5724047;-0.3872943
-0.18854143;-1.3329238;-0.41921043
0.011666852;-0.88508904;-0.51036835
0.17183349;-0.37682122;-0.39579466
0.21246679;-0.07645699;-0.24163574
0.16372342;-0.025228089;-0.2214336
0.0059787426;-0.13268247;-0.18027188
-0.038967006;-0.18895848;-0.2192175
-0.024923604;-0.05116678;-0.181624
-0.10118888;0.3700041;-0.020299198
-0.09970111;0.7803783;-0.038114358
0.0014891144;1.2409042;-0.05549149
0.1324413;1.6972156;-0.04439319
0.093453035;1.7983974;-0.11988955
0.024762427;1.6738741;-0.15372415
0.08230994;1.3258181;-0.13547932
0.07209795;0.75049824;-0.12400845
0.18267836;0.16387515;-0.23201926
0.2586427;-0.28242528;-0.28717792
0.16941415;-0.26612577;-0.28599232
0.09803132;0.007314231;-0.31473136
0.028425056;-0.14160955;-0.33303508
0.041490044;-0.4809634;-0.36955306
0.039442036;-0.363677;-0.21282996
0.037803628;-0.29484785;-0.12807646
-0.051007096;-0.54212826;-0.13214867
-0.12830567;-0.6688589;-0.021343937
-0.14639454;-0.6007121;0.15948735
-0.18586564;-0.38838217;0.17133988
-0.2674425;-0.23961198;0.3011344
-0.301454;-0.36590835;0.22684503
-0.2536632;-0.79897666;-0.012273981
0.0033194365;-1.0251188;-0.07700668
0.12140555;-0.8388451;-0.060042847
0.14712444;-0.61795104;0.10040322
0.13019955;-0.5552983;0.38188508
0.004159641;-0.45673868;0.6492581
-0.12167229;-0.39039093;0.6850315
-0.07858783;-0.41700026;0.56677514
0.012129736;-0.3523502;0.3784201
-0.04654621;-0.25531766;0.21836111
-0.21848696;-0.18550412;-0.006561118
-0.17478958;-0.3890283;-0.30368638
-0.07733166;-0.7049726;-0.37419912
-0.04311533;-0.7811656;-0.1602968
-0.0032422624;-0.513995;0.037387565
0.04115619;-0.120570995;0.10491005
0.045424953;0.028543206;0.096428044
0.042589962;-0.033415437;0.045892432
0.009071969;-0.09548235;-0.08516105
0.013507576;0.014239121;-0.15406634
-0.032943938;0.1379538;-0.19981557
-0.051355153;0.046300538;-0.24266496
-0.066084124;-0.16139707;-0.11131947
-0.1091173;-0.31505516;-0.089055575
-0.043543838;-0.3692316;-0.08218196
-0.01608507;-0.3297603;-0.10793307
0.012131944;-0.26537073;-0.11290895
0.040955555;-0.2029216;-0.09345216
0.014014444;-0.15139978;-0.04663673
-0.032538444;-0.03986982;-0.070121884
-0.09478076;0.071229145;-0.12484751
-0.1820746;-0.077391684;-0.221753
-0.17690969;-0.23066334;-0.32115242
-0.054027747;-0.44859317;-0.32254693
0.0817778;-0.69637454;-0.33928755
0.027922241;-0.057099633;-0.41986755
0.09733779;0.10744529;-0.032769024
0.052870236;0.050018735;0.14253478
-0.07645381;-0.042797513;-0.029722176
-0.01741305;-0.15455051;-0.03315274
0.07356956;-0.08457791;4.030736E-5
0.008855648;-0.045787327;-0.115592755
-0.08041548;-0.03506736;-0.21434921
-0.06433239;0.1906961;-0.23554187
-0.057715908;0.124431886;-0.2071835
-0.10242273;-0.05357949;-0.23449679
-0.081938185;-0.17098859;-0.11728493
0.009449455;-0.21647838;0.090547055
0.057559565;-0.2419327;0.15837514
0.039797653;-0.22479616;0.09701262
-0.01816188;-0.24858692;-0.02238991
-0.008279503;-0.117619544;-0.025724428
0.0496264;0.15434186;0.09973296
0.014701118;0.18909849;0.17197387
-0.06948911;0.14971629;0.22507909
-0.13059129;0.029148037;0.21287577
-0.110723026;-0.29855657;0.18436313
-0.10732842;-0.41697025;-0.011884504
-0.11086274;-0.3554512;-0.2282576
-0.07619019;-0.23748596;-0.3060436
-0.14845215;-0.21811377;-0.26827237
-0.24688672;-0.43386602;-0.1521179
-0.17875938;-0.69709283;0.076743186
-0.039882503;-0.78579926;0.089519545
-0.031906;-0.6286394;0.07161564
-0.013024801;-0.32166153;-0.16927
-0.12916984;0.4332958;-0.619791
-0.32521087;1.9200741;-0.8598953
-0.3507937;4.226684;-0.22854124
-0.083759956;4.42666;1.560917
-0.07950797;2.675703;1.5549836
-0.37610638;1.2602401;0.6814869
-0.2071351;-0.3169544;-0.11731049
0.36241692;-1.7371572;-0.5907234
0.47743353;-2.4569132;-0.41320372
0.25069684;-2.4186556;0.01631203
0.06305746;-1.8630495;0.34117463
-0.04642903;-1.1841897;0.4979397
-0.112143226;-0.7348517;0.65772676
-0.25221458;-0.47850636;0.5699314
-0.24864666;-0.4421801;0.50594515
-0.23016733;-0.44749406;0.4235061
-0.31850886;-0.6392453;0.23567988
-0.4610571;-0.9676462;0.16354391
-0.68447065;-1.077242;0.22146012
-0.87570155;-0.8930436;0.2240431
-0.96931124;-0.30505985;0.06985948
-0.784824;0.73095214;-0.097237416
-0.5028592;1.3238242;0.009710067
-0.21166235;1.3231219;0.35151806
-0.09120488;0.89756;0.83433944
-0.22921391;0.3414855;1.1205965
-0.67087114;0.001313389;0.88397723
-1.5366969;0.2510507;0.3571818
-2.4324825;0.6930281;0.29199544
-2.9342673;1.0919224;0.32109636
-2.6903825;1.2782254;0.8850021
-1.9608998;0.7569554;1.2267517
-1.3499699;-0.1803732;0.94390136
-1.1987258;-0.8177361;0.61449605
-1.437887;-0.96043885;0.17597185
-1.6540205;-1.0933511;0.028277481
-1.589354;-1.1121808;0.035121985
-1.1987294;-0.8053697;-0.012527412
-0.68513095;-0.17242076;0.021228071
-0.28189382;0.3417509;0.11073246
-0.09153069;0.6343382;0.28233597
-0.19392768;0.6934081;0.22586878
-0.41354057;0.38441396;0.19632001
-0.5779028;-0.10496883;0.328931
-0.72277147;-0.51835006;0.22876981
-0.8099554;-0.86780506;0.073640846
-0.6784331;-1.0411191;0.024537679
-0.41833243;-0.99227023;-0.039744858
-0.04365641;-0.9031912;0.015079115
0.26176065;-0.791303;-0.0066867084
0.32815853;-0.7861674;0.07277563
0.13420652;-0.8101839;0.11134551
-0.11465628;-0.8793971;0.0703264
-0.3425551;-1.0378927;0.06563612
-0.4367394;-1.2178142;0.1056339
-0.39333683;-1.2273763;0.18450712
-0.27658352;-0.90690106;0.3663557
-0.19060275;-0.5630208;0.41183457
-0.045255642;-0.6566667;0.22321765
-0.003587326;-0.86908334;-0.015175884
-0.06790892;-0.73901665;0.2503593
-0.18850683;-0.06933834;0.5159124
-0.034008585;0.54765433;0.91585493
0.10687516;0.34437346;1.470184
-0.08881628;-0.08075123;1.3886472
-0.37730303;-0.011475983;0.7296677
-0.4549674;0.109569214;0.2149842
-0.4963958;-0.16859463;-0.49676266
-0.29711664;-0.4630007;-0.96928513
0.29824418;-0.90165055;-0.9723031
0.95461094;-1.3775704;-0.35909247
1.1066575;-2.3208063;0.293976
0.36813852;-2.331645;0.7101808
-0.45978606;-0.54656607;1.0931447
-0.5940007;0.60649717;1.3557657
-0.12852089;0.5539477;1.0971125
0.4831208;-0.019341828;0.40894005
0.85387945;-0.8404735;-0.26659796
0.6448223;-1.2661288;-0.8789034
0.1480844;-0.906653;-0.74687266
-0.39852467;-0.025322413;-0.35687315
-0.688351;0.7547421;-0.016748521
-0.49521205;1.4850436;-0.5696488
-0.20476338;1.4349099;-1.143219
-0.07748257;1.188553;-1.3302002
-0.12136106;1.8164674;-1.4329102
-0.2541201;2.778174;-1.4525782
-0.48688984;2.8928516;-1.1776875
-1.01334;2.0408437;-0.76715004
-1.8747345;0.85455;-0.83872
-2.3138502;-0.72885996;-0.799101
-2.329205;-1.761213;-0.3924058
-2.2602391;-1.8464704;-0.007674648
-1.7081913;-1.8771763;0.046985283
-0.894678;-1.957991;8.822533E-5
-0.6063674;-1.4476428;0.10007058
-0.8663439;-0.53311425;0.32693148
-1.0962001;0.19225858;0.27092016
-0.8425851;1.0663068;0.21986113
-0.35844308;1.5874205;0.30713892
-0.15862946;1.8043114;0.25821114
-0.29252857;1.9465741;0.1909439
-0.37777287;2.1322594;0.15900512
-0.25221828;1.9308075;0.1959541
-0.04239963;1.313396;0.006763278
0.1473303;0.82884175;-0.09146438
0.17723924;0.6443234;-0.038796503
0.02929139;0.49358374;-0.0372872
-0.1984419;0.31674197;-0.13607976
-0.44937852;0.22214359;-0.2276138
-0.5001278;0.09958987;-0.17584105
-0.38135225;0.12654689;-0.121922836
-0.1050818;0.11061251;-6.6327024E-4
-0.0059404382;-0.15213498;-0.053655617
-0.22350235;-0.15608299;-0.35229948
-0.4600519;0.6782586;-0.6505896
-0.28991652;1.5269818;-0.9079717
0.0993168;1.9715855;-0.63262737
0.78882843;1.7217996;-0.040476874
1.4935627;0.9547835;0.3769935
1.2995377;0.4997643;0.4328448
1.0396302;0.39981142;0.34627584
0.22857913;0.44797415;0.23952067
-0.6311992;-0.3197457;0.14474154
-1.8018343;-0.25423405;-0.17170677
-2.1633425;0.90130025;-0.14986542
-0.780674;-0.2367723;-0.11051733
0.022335809;-3.230043;-0.43841386
-1.5727564;-4.4340343;-0.9757311
-3.395705;-4.4284773;-1.0962099
-3.254064;-3.880282;-1.0863429
-1.9470012;-3.2042255;-1.0846993
-0.932601;-2.2571304;-1.2740095
-0.6960808;-1.1682043;-1.6535826
-0.7131146;-0.23456348;-1.950991
-0.48924172;0.14984922;-1.9357928
0.064856626;-0.086370625;-1.7306656
0.3831353;-0.4815965;-1.3134387
0.23775825;-0.7102772;-0.7827822
0.033956595;-0.74322176;-0.0754445
-0.2790847;0.017922591;0.7896444
-0.33576778;1.1112131;1.392653
0.26263577;1.6827204;1.2734975
1.1507336;1.4899263;0.95629793
1.6424619;0.9388161;0.5806633
1.5983446;0.7916779;0.4676557
1.3255506;0.7020923;0.45537454
0.8260655;0.62729883;0.45179963
0.1796024;0.8237141;0.48956472
-0.115693085;0.90897125;0.73852676
-0.07380447;0.792802;1.0251964
0.022206426;0.2373666;0.93578213
0.01776514;-0.46635672;0.5142507
-0.19516289;-0.8574604;-0.09172444
-0.3561303;-0.5734683;-0.37962955
-0.25990424;-0.17752464;-0.32245365
-0.026673399;-0.2638947;0.010787088
0.36303627;-0.42049077;-0.013245329
0.64667904;-0.7363926;0.020653736
0.8454682;-0.93286407;0.19464798
1.1076245;-0.56504124;0.3994684
1.5017247;0.022966981;-0.042925287
1.8185673;1.3496236;-0.37184024
2.3782914;1.4734489;1.1119028
2.8174767;0.9881341;-0.34797776
3.2422626;-0.80324274;-0.2127572
2.7469351;-0.81446916;1.6297942
2.1630754;1.1921747;2.5725853
1.8070717;1.2943647;2.5705683
1.2427765;0.8104918;2.2939546
0.62840086;1.3921434;2.0539138
0.45858008;2.4996521;2.4181309
0.70006716;2.7989407;2.7970047
0.93734866;1.8274337;2.7751038
0.7345469;0.54007196;2.207583
0.1299715;-0.62575495;2.0848165
-0.9339134;-1.394354;1.8491032
-1.8119745;-1.2748581;0.9792825
-2.1792672;-0.5855115;0.27717602
-2.0559137;0.22846578;-0.62200916
-1.5978559;0.6765226;-0.91635734
-1.2689097;0.5068431;0.27316412
-0.4604403;-0.49452552;-1.2314687
0.89102274;-1.9674954;-1.653925
1.7405525;-2.3427463;-1.59814
1.9170514;-2.805447;-1.428512
1.7519028;-3.3256075;-1.1865596
1.5240809;-2.860486;-1.0992477
1.45071;-1.7321389;-1.1262732
1.5031462;-0.84196115;-1.1541435
1.6853294;-0.3423189;-1.0451899
1.8076385;-0.005105116;-0.8174018
1.9914234;0.4209159;-0.5601715
2.0306387;0.9242327;-0.66376215
1.9838859;1.3425112;-0.98413473
1.9058588;1.777134;-1.1435578
1.740312;2.4685822;-1.2179712
1.8047496;3.0451782;-0.915002
1.9125497;3.2423925;-0.8976266
2.0081646;3.2806327;-1.1524763
2.0502818;3.0784125;-1.190731
1.8777255;2.7213237;-1.3150848
1.4521804;2.4241292;-1.5083178
0.8961193;2.052194;-1.3269668
0.4387704;1.6493725;-1.0990734
0.16664134;1.2353183;-0.81675875
-0.03543693;0.80446553;-0.4612195
-0.26897454;0.34865057;-0.1892881
-0.56205463;-0.094517045;-0.077992976
-0.9277687;-0.50842613;-0.10926938
-1.2656524;-0.71064717;-0.0874155
-1.4515845;-0.57320523;-0.088682406
-1.5722051;-0.11325168;-0.3428209
-1.5280765;0.38049242;-0.5039442
-1.4349612;0.53798765;-0.5094054
-1.451094;0.4780464;-0.4668993
-1.6085315;0.30587462;-0.47508195
-2.137118;-0.06936281;-0.5550656
-2.9906516;-0.614084;-0.5987399
-3.9339275;-1.1022047;-0.59930444
-4.4768295;-1.5958263;-0.5403811
-4.7752137;-2.4344735;-0.29949236
-5.3951707;-3.5069537;0.3635311
-5.8973866;-4.574313;1.2783248
-5.5616593;-5.5094504;2.24141
-4.4618273;-6.0513105;2.718128
-2.744462;-5.7972984;2.5026274
-0.77056956;-4.950339;1.9771019
0.8522943;-3.929021;1.3848065
1.7880855;-2.7057166;0.5515952
2.0585933;-1.4333234;-0.16184884
1.9906247;-0.3341587;-0.30760407
2.0456247;0.38267303;-0.14920826
2.2083747;0.8873884;0.15563339
2.0588872;1.1474108;0.3120067
1.6221099;1.2866786;0.24335538
1.2336254;1.4668429;0.2259343
1.0775254;1.7797244;0.015122438
1.1620202;1.9800295;-0.25040206
1.3616475;2.0340235;-0.34719664
1.470568;2.0178437;-0.49025732
1.4287981;1.845525;-0.50158083
1.2906947;1.6389201;-0.0012646794
1.0306027;1.279886;1.0489882
0.7592478;0.38640884;1.6391906
0.74528885;-0.57524794;0.69572747
1.1572663;-0.94144833;-0.25591803
1.5940747;-1.3344086;-0.4453594
1.7924472;-2.130027;0.12808748
1.462864;-2.6165216;0.72747
0.70466626;-2.1807172;0.49760097
0.03131112;-1.0133238;-0.23316921
-0.20849602;0.726841;-1.2802854
-0.038525335;2.5845978;-2.2101657
0.3389063;3.7051783;-2.0540702
0.5258125;3.9641426;-1.6291937
0.7823688;3.4791265;-1.6236674
1.194645;2.0879889;-1.3458089
1.2229035;0.029765999;-0.8375846
0.8283228;-1.7199372;-0.26850522
-0.03265425;-2.0884497;0.17269583
-1.05835;-1.1457598;0.59440666
-1.386719;0.030267153;0.82240033
-0.77231467;0.53983873;0.5422953
0.015790835;0.17562097;0.14633621
0.060679544;-0.7220032;-0.029806027
-0.6121009;-1.5026026;0.051155176
-1.1598955;-2.058332;0.20342414
-1.2169789;-2.2716656;0.1783643
-0.86420816;-1.9235826;0.13019145
-0.35269466;-1.120116;0.22602816
0.03581303;-0.33984283;0.37769753
0.15111136;0.34687576;0.336533
0.051943775;1.0712506;0.2786014
0.018508146;1.7226255;0.21350613
0.21207213;1.9343504;0.1520549
0.44543895;1.6349803;-0.06273107
0.20117539;0.6642342;0.17794015
-0.22763391;-0.3279876;0.3548521
-0.44460714;-0.7061401;0.19325669
-0.38420132;-0.45241207;0.04210535
-0.06810325;0.06932035;-0.10381572
0.2824803;0.43670627;-0.31742758
0.4480057;0.274365;-0.30081707
0.2206116;-0.105507985;-0.32815364
-0.06286618;-0.45940638;-0.29064792
-0.18994139;-0.7112751;-0.17314333
-0.19999999;-0.6690201;-0.24788967
-0.07191405;-0.39771608;-0.27331173
0.078503914;-0.08067285;-0.2967744
0.19297892;0.16046171;-0.31554452
0.21185383;0.24086937;-0.1961856
0.1407233;0.2176955;-0.022573486
-0.025263155;0.2304064;0.06319121
-0.0757281;0.24057512;0.047427967
-0.033727013;0.2299601;0.031692374
0.018916827;0.11521807;0.0441039
0.041940104;-0.02032554;-0.00221688
-0.039152995;-0.11626043;-0.054898504
-0.031322397;-0.09300835;-0.043918803
-0.042343073;-0.11190668;0.036739957
-0.01092524;-0.07077534;0.07626697
0.02192387;0.012129728;0.08601357
3.0276808E-4;0.07845378;0.06881086
0.0021465113;0.10026302;0.067548685
0.0074789277;0.06771042;0.08528895
-0.030442638;0.079168335;0.04010616
0.021641983;0.11958467;8.3492754E-4
0.086237535;0.12066773;-0.011832058
0.103459634;0.10278419;-0.06571565
0.019584114;0.019727351;-0.043197516
-0.047540717;-0.03421812;-0.006433014
-0.08397984;-0.077374496;-0.014521411
-0.07480106;-0.0681496;-0.014742129
-0.059840847;-0.017019678;-0.011793703
-0.04601721;0.04263426;0.021815037
-0.03486064;0.027857406;-0.01379797
8.2242367E-4;-0.040214073;-0.07353838
0.002611064;-0.10092126;-0.1150807
0.00394432;-0.136987;-0.07018956
0.04915155;-0.19708961;-0.031151649
0.014418896;-0.22642168;-0.05617132
-0.028699258;-0.15613735;-0.12306205
-0.019150812;-0.112409875;-0.13282464
0.04791177;-0.1149279;-0.11250971
0.109160714;-0.091942325;-0.052507773
0.10264229;-0.03605386;0.04236878
0.02658405;-0.0038430863;0.055770025
-0.045724947;0.03442553;-0.046008978
-0.059529178;-0.009959575;-0.093057185
-0.040006153;-0.06421766;-0.18069574
-0.04352836;-0.05137413;-0.2242441
-0.00796722;-0.028599303;-0.11220778
0.028098881;-0.07287944;0.072733775
-0.04070449;-0.114553556;0.14881203
-0.08236828;-0.079142846;0.112799615
-0.07165634;0.0054357257;-0.047260307
-0.040039916;0.14809859;-0.20499575
0.015819628;0.09972887;-0.1296216
0.03179633;-0.16396691;0.19786522
-0.060793407;-0.6061735;0.44579217
-0.28789255;-1.0599388;0.47538373
-0.47172028;-1.2979511;0.567807
-0.45589185;-1.4196109;0.7573706
-0.32252598;-1.5481887;0.7933965
-0.30567703;-1.8635509;0.97846717
-0.22735412;-1.7595907;0.7483987
-0.39985204;-0.8389226;0.292469
-0.5941004;0.4038619;-0.12852481
-0.3659053;1.0480895;-0.70906985
0.30258825;0.6072216;-1.0563184
1.1686331;-0.4767227;-1.7981797
1.8122503;-1.3438781;-2.2377625
2.2685502;-1.6063526;-1.9261475
2.5117152;-1.253832;-1.5643555
2.5906222;-0.8843156;-1.2186719
2.6037476;-1.0387025;-0.6780625
2.3361232;-0.61846197;-0.31198126
1.7563986;-0.1885196;0.45666498
0.9301188;0.5429343;1.243457
0.26597005;1.4343475;1.5447656
0.08777604;1.9787279;1.5608125
0.27647084;2.2704823;1.37365
0.55867666;2.385136;0.995795
0.8250663;2.2706087;0.577886
0.7725531;1.922737;0.18730879
0.54616743;1.3319396;0.07797203
0.16193396;0.6530517;0.14362763
-0.36420283;0.15369134;0.3055271
-0.68511224;0.21045306;0.6381717
-0.6934023;0.73086244;0.7886623
-0.62347186;1.27844;0.59342986
-0.55034;1.504002;0.4809939
-0.5762095;1.5000765;0.23167013
-0.6969051;1.4125613;-0.2615389
-0.5965866;1.120674;-0.38423112
-0.35226926;0.76216424;-0.1761349
-0.3349404;0.6409814;-0.050282918
-0.47107732;0.8440351;-0.046476334
-0.51436186;1.2939781;-0.13405606
-0.5052395;1.7414324;-0.37911984
-0.45106658;2.0853336;-0.6626709
-0.34366578;2.2229543;-0.4770117
-0.39602637;2.0283635;0.17776564
-0.66760236;1.4992533;1.0234625
-1.0321287;1.0040901;1.50002
-1.2296093;0.9267096;1.215641
-1.199996;1.0741801;0.9756378
-0.9695671;1.7132504;0.98363525
-0.47321227;2.9635692;0.9056582
0.39291456;4.095855;0.83702654
1.4901129;4.623559;0.9321212
2.2639654;4.1175976;1.114447
2.4580472;2.740953;1.1540576
1.9976878;1.7161998;0.8794961
1.2200252;1.2026473;0.62859684
0.85414517;0.75118035;0.7091275
0.87706614;0.5353193;0.629802
1.298528;0.33294293;0.4850916
2.4231973;-0.31177065;0.60682327
3.291683;-0.72832274;0.80420864
2.4895964;-0.891252;0.7871169
0.45105204;-1.5723766;0.46094352
-1.1891583;-2.1368074;0.06250481
-1.5982018;-2.3641336;-0.61874616
-0.98168635;-2.8467755;-1.0887469
-0.18847409;-3.538358;-1.9272475
0.25547072;-4.371311;-2.694923
0.44812658;-3.1657991;-2.1621885
0.73037624;0.6322045;-1.2485007
1.331176;3.7221699;0.89494944
1.7149408;4.662111;2.0190845
1.1219527;2.7781262;2.0527675
-0.008687881;-1.0985928;0.8672141
-0.7694503;-3.015593;-0.24060372
-0.88743526;-1.7265369;0.910642
-0.8193232;0.4031455;1.3410137
0.33204144;1.1990789;0.4290609
1.6593832;1.3998882;-0.3817513
1.6712565;0.83436364;-0.90227604
1.0057552;-0.1575091;-1.3218209
0.28585416;-0.7045229;-1.7918316
-0.12756667;-0.5022902;-1.9428403
-0.12392833;-0.005347788;-1.6323973
0.041482337;0.38825107;-1.0465428
0.26131088;0.67627466;-0.38098425
0.2590487;0.43965256;0.2608376
0.038488958;0.07974939;0.8555451
-0.15983383;-0.16979423;0.8063111
-0.23724207;-0.28905806;0.41067386
-0.13041866;-0.0244105;0.22228909
0.080040075;0.33281535;0.22158127
0.20153207;0.43656477;0.258515
0.06122565;0.22288464;0.14118701
-0.30726948;0.13045615;-0.18392539
-0.4833156;0.8432321;-0.7315153
-0.09290247;1.3964607;-1.1414622
0.41942802;1.0335748;-1.2912948
0.66366744;0.035453588;-1.4361608
0.54343396;-1.3271059;-1.5583037
0.10662215;-2.0398097;-1.6294554
-0.31782728;-1.738879;-1.4207518
-0.49176183;-1.0504782;-0.9897265
-0.51840943;-0.9630388;-0.4417812
-0.34285256;-0.77824354;0.124700055
0.13196795;-0.45384485;0.49663505
0.58682436;0.34512725;0.30980805
0.4444595;0.84095776;0.8822214
-0.17880741;0.70913094;1.1620271
-0.38992092;0.41222665;0.9921217
-0.29318675;-0.2636269;0.6936974
-0.050174396;-0.687464;0.8018329
0.14111048;-0.43512747;0.9633413
-0.06836161;-0.49810198;1.145673
-0.1734393;-0.9109816;1.0321635
0.06437357;-1.2725352;0.57885575
0.24524885;-1.4883407;0.6880846
0.13994908;-1.3094226;1.0004677
-0.019290734;-0.74285054;0.89724916
-0.015432587;-0.5942804;0.7177993
-0.07172107;0.36832565;0.33048946
-0.044876855;1.274348;-0.17935844
-0.24215148;1.205416;-0.34348676
-0.34372118;0.9030046;-0.9685394
0.06252305;0.93295056;-1.5904565
0.43439344;0.9321026;-1.5442402
0.35688975;0.70915866;-0.62601715
0.1011368;0.43334258;0.44606125
-0.13784055;-0.12637283;1.134974
-0.21652244;-0.85187954;1.5173542
-0.14821796;-1.2690036;1.5888834
-0.12482437;-0.86364037;0.6648567
-0.046734493;0.015337691;-0.42436466
0.0907374;0.7552389;-1.3082417
0.15696493;1.0024333;-1.9528434
0.17869695;0.64100915;-1.9310247
0.17733255;-0.14402862;-1.2104448
0.069991045;-0.7652229;-0.37773082
-0.0033821668;-0.9543658;0.33531535
0.019169267;-0.70099264;0.6526273
0.18408541;-0.24204412;0.5846018
0.26601833;-0.030354047;0.20205647
0.21281466;-0.17037699;-0.28835484
0.19212674;-0.2503641;-0.6400589
0.08182639;-0.14716627;-0.7682971
-0.081413895;-0.10835802;-0.92401266
-0.14325611;-0.19762391;-0.9267101
-0.22397989;-0.023724131;-0.4569931
-0.22293392;-0.2767918;0.09378051
-0.21897213;-0.47143343;0.1281494
-0.1126777;-0.50839674;0.28376952
0.053607836;-0.4489049;0.3832656
0.12101127;-0.34506142;0.2034875
0.11555902;-0.36979914;0.11904
0.07994721;-0.4192768;0.185857
0.14520776;-0.52135897;0.0518106
0.21304122;-0.5858372;-0.124176525
0.14543298;-0.4999197;-0.23684122
0.13822138;-0.63899827;-0.34572297
0.2230771;-1.0627611;-0.3609534
0.17846169;-1.2814589;-0.2293877
-0.21973066;-1.3532921;-0.20851016
-0.49453452;-1.3420087;-0.41368312
-0.05812762;-0.904857;-0.1590715
0.59099793;-0.44888556;0.6539928
0.7102983;-0.14973345;1.1888193
-0.15051134;-0.52916175;1.8354304
0.03584093;-0.4702044;1.0308443
0.48492274;-0.5074135;0.0028004495
-0.59018683;-0.40905583;1.4053653
-0.48777443;0.28838035;0.41179228
-0.07459456;0.35570428;-0.81119114
-0.60655063;-0.5154366;-1.092703
-0.6883655;1.0220257;-1.3210373
-0.2256924;1.5019956;-1.7427673
0.11632107;0.98597145;-2.0957763
0.039931856;0.45283967;-2.2992773
-0.080554515;-0.59554076;-2.027703
-0.026943613;-1.3233076;-1.4510688
0.13782011;-1.280521;-1.0319488
0.3571311;-0.67754185;-0.7708715
0.45132986;0.048591506;-0.22294721
0.2079389;0.5138732;0.65289223
-0.17427388;0.6860986;1.3035638
-0.4175441;0.64262885;1.486601
-0.4246603;0.4766031;1.2330308
-0.18035322;0.29065746;0.89892465
0.10884242;0.27940097;0.5503897
0.27457392;0.27352077;0.11218678
0.28528416;0.25631663;-0.097750574
0.11885232;0.014428297;-0.05320046
-0.079918146;-0.18220736;0.16368963
-0.2670595;-0.22076589;0.2247017
-0.2855226;-0.4953627;0.25476137
-2.9309062E-4;-0.71504015;0.066309094
0.24976553;-0.8407821;-0.23757772
0.36543742;-1.2913758;-0.18381219
0.26422495;-1.8768506;-0.118924744
0.03012995;-2.0389805;-0.17013979
0.16160396;-1.3186843;-0.39392433
0.28553316;0.07630251;-0.6588895
0.10967653;1.576667;-0.7802366
-0.20600878;2.7207086;-0.85075176
-0.380432;2.7031293;-1.0993514
-0.14184561;1.642191;-1.3544811
0.5802735;1.1325028;-1.7288975
1.0454688;1.9005334;-1.5323367
0.686375;2.1657393;-0.8141506
0.44910005;1.3958727;-0.4849142
0.47803003;0.62294817;-0.71371263
0.463674;0.33585852;-1.003392
0.27093923;0.3108743;-1.2928015
0.17300138;0.14088695;-1.6797001
0.2634011;-0.21072794;-1.6211039
0.3732209;-0.16389485;-1.0117269
0.2985767;0.34857163;-0.49336585
0.16386136;0.86401355;0.030307313
-0.01891091;0.95605457;0.33264428
-0.30887872;1.1304687;0.49013886
-0.565853;0.9446093;0.5202361
-0.6183074;0.25607806;0.70134515
-0.5727709;-0.612325;0.78685737
-0.45196673;-1.4039226;0.69511086
-0.2584484;-1.8278255;0.7053075
-0.1661337;-2.0810103;0.82049596
-0.24853197;-1.9929334;0.8532718
-0.38945058;-1.4849716;0.45449242
-0.47093546;-1.1786023;0.15031268
-0.5486234;-1.3053819;0.10462514
-0.5201487;-1.2380555;-0.08270613
-0.38486895;-0.8091944;-0.55249304
-0.10477016;-0.6223555;-0.4919944
-0.02131613;-0.7510094;1.1739826
-0.4014279;-0.63205755;1.6407486
-1.1336423;-0.702521;0.56416136
-1.5662888;-2.0588918;0.4310166
-1.6436561;-4.653363;2.1385632
-0.98992485;-5.4414406;1.5483506
0.6705601;-2.6219027;-1.4949132
2.536448;1.021228;-2.0744462
2.4291584;2.2294824;-1.2919788
0.12457677;0.89608586;-0.59686434
-1.6378386;-0.5768813;-0.43374148
-1.6133958;-0.874005;-0.86574316
-0.5219667;-0.105454035;-0.9798992
0.69805163;1.1718868;-0.9197592
1.4334413;2.2125094;-0.75885427
1.3967531;2.3481326;-0.2815951
0.47052744;1.287881;0.30323952
-0.14857805;0.16467983;1.0410291
-0.40323743;-0.46200615;1.5781358
-0.59446496;-0.6289799;1.8937587
0.04317804;-0.7406839;1.3384444
0.7189174;-0.76754713;0.65981805
0.56263393;-0.08903772;0.15754192
0.13760716;1.1162698;0.19478354
-0.13991427;1.4992659;0.43395182
-0.07755642;1.0775377;0.47372398
-0.07142013;0.42140514;0.41179168
-0.1352611;0.39337412;-0.011191663
-0.0113338865;0.9365743;-0.34020334
0.09405789;1.3117595;-0.32060015
0.10649631;1.0650326;-0.23929264
0.14457205;0.68015105;-0.24924661
0.18753263;0.52537084;-0.3087723
0.17502612;0.48904666;-0.4946741
0.1681459;0.20061234;-0.60667676
0.043891713;0.23548986;-0.31893516
-0.25551164;0.70401686;0.093289375
-0.2544093;1.0413386;0.5152565
-0.27852744;0.7940083;0.8481427
-0.24469696;0.39145666;1.1050767
0.035492435;0.3053528;1.1403114
0.10339395;0.32865727;1.071624
0.25771517;0.27386332;1.0979242
0.5530471;0.07690314;1.0689644
0.5924377;0.011522515;0.7895465
0.43020016;0.281093;0.43788722
0.46291012;0.3904994;0.34093478
0.4953281;0.39364952;0.44149783
0.3962625;0.31491962;0.35319826
0.14200999;0.8753732;0.4638086
0.03860799;0.9206111;0.5429219
-3.6360888E-4;0.51305133;0.4218375
-0.23154089;0.34950358;0.128095
-0.3196077;0.35616535;-0.206899
-0.32443616;0.2864948;-0.6998942
-0.37204894;0.38544583;-1.2427279
-0.30388916;0.20366916;-1.1488698
-0.23686132;-0.56518966;-1.0940958
-0.13948905;-1.2474642;-1.0049641
-0.020966243;-0.8104714;-0.78053385
0.17697701;-0.14212711;-0.29317707
0.30408162;-0.10901419;0.21545835
0.23701528;-0.47314885;0.37549168
0.20836222;-0.7972691;0.6847683
0.24168979;-0.9003153;0.75093967
0.062101826;-1.0046272;0.6538767
-0.18156853;-0.8912018;0.32622638
-0.28900483;-0.36608642;0.079731114
-0.36870387;0.26650587;-0.16121511
-0.4824631;0.5632047;-0.3602221
-0.5609705;0.69431376;-0.46942768
-0.57377636;0.574201;-0.5427296
-0.5121461;-1.419656E-5;-0.32480872
-0.21596688;-1.1968863;-0.045784466
-0.035273507;-2.304384;-0.30069008
-0.2750938;-2.2778823;-0.70617706
-0.37945005;-1.2223058;-0.59150416
-0.13168503;-0.20284465;-0.22632831
0.110276975;0.31584927;-0.034187656
0.32884657;0.5339294;0.06014988
0.50995225;0.29901853;0.1793699
0.3985868;0.07358983;0.14037092
0.21574445;-0.18175313;-0.034578264
0.09759556;-0.9079025;-0.4323501
0.078076445;-1.441947;-0.6943176
0.06558616;-0.8910576;-0.44295406
-0.20690608;-0.18784608;0.26438674
-0.35302487;0.09347313;0.4927594
-0.2480449;0.2404035;-0.024542484
-0.27343592;0.3579478;-0.7211965
-0.34374872;0.29260823;-1.2222697
-0.399999;0.36221159;-1.5082844
-0.3856242;-0.16335572;-1.5836784
-0.18349935;-0.9556846;-1.8184075
0.09070052;-0.87079763;-1.8492572
0.16006042;-0.21851313;-1.5422964
0.06554833;0.3095645;-1.2150872
-0.10381133;0.5664016;-0.99863225
-0.27992406;0.39062127;-0.9324995
-0.28956425;0.18437202;-1.0413121
-0.031651404;0.8224976;-0.9502372
0.062178876;1.8501856;-0.460971
-0.3471319;1.875461;-0.1406518
-0.80583054;-0.3933812;-0.17970894
-0.3384144;-1.51158;-0.7757984
0.43551847;-1.065514;-0.98626375
0.5359148;-0.80866116;-1.0202609
0.79748183;0.12182105;-1.6677713
0.34736046;0.5068318;-1.1935921
-0.60961163;0.08046547;-0.47206113
-0.8283143;0.38624737;-0.8417114
-1.0626514;-0.3410021;-0.8718066
-1.0626211;-1.1196767;-0.6365078
-0.43447194;-0.45824134;-0.56233126
-0.13507754;0.011531927;-0.674865
-0.008062033;0.36235055;-1.208642
0.5154254;0.53675544;-1.2950386
0.8060903;0.22940435;-0.9266559
0.20737223;-0.6071015;-0.7819497
-0.6309772;-1.5856812;-0.67555976
-0.71415675;-1.912295;-0.3404478
-0.13695042;-1.711086;-0.18173325
0.31856468;-1.0251188;-0.3203866
0.34235173;-0.27009502;-0.16568428
0.023881389;0.27142397;0.6830776
-0.6152699;0.37963918;1.0417745
-1.214091;-0.055663653;1.3256072
-1.1025227;-0.08203092;1.7034545
-0.5476432;0.35000026;1.5291698
-0.16623954;0.80187523;1.0850546
0.026383363;1.0790001;0.7422624
-0.07576831;0.7319501;0.5453724
-0.46373963;0.14806011;0.6089542
-0.65849173;0.22782308;1.0465384
-0.69554335;0.62288344;1.4001213
-0.3783097;0.9576818;0.9724408
0.16610225;1.0130204;0.6361558
0.5578818;-0.27083367;0.7655652
0.42443043;-2.594792;1.6558115
-0.7010807;-3.4695835;2.211368
-1.699927;-1.6694168;1.8745631
-1.5865041;1.1300915;1.2488693
-1.0801408;1.6696982;0.92018914
-0.7422376;0.36075857;0.5736513
-0.45472762;-0.48639312;0.36907732
-0.4137821;-0.5328645;0.20151186
-0.74508816;-0.35754162;-0.8079311
-0.91013306;-0.21728328;-1.6475168
-0.7710752;-0.6363266;-1.316451
-0.5113914;-1.2278113;-0.85941076
-0.14661312;-1.288499;-0.7219036
0.062397007;-1.2307992;-1.3165854
0.029605107;-1.1658894;-1.9876432
-0.08881591;-0.8014615;-1.9198022
-0.33199024;-0.5786692;-1.8952167
-0.5304359;-1.3129354;-1.7724234
-0.572005;-2.1128483;-1.5960637
-0.45604149;-1.8465286;-1.701851
-0.30155194;-1.3147229;-1.7927308
-0.25842905;-1.4705284;-2.0404346
-0.46299323;-1.7014227;-2.5635977
-0.60086334;-1.3923881;-2.297753
-0.47678444;-0.6451605;-1.4288275
-0.3275213;-0.2973784;-0.899312
-0.28701705;0.03709728;-0.37882462
-0.42101988;-0.0015721775;0.14381531
-0.12978466;-0.48250774;0.28692725
0.2883598;-0.5110062;0.36391678
0.20021908;-0.06505495;0.52550846
-0.08123099;0.585456;1.1297817
-0.3040473;1.3558649;1.4897629
-0.50573784;2.009692;1.7714978
-0.43115276;2.2390034;1.7937608
-3.909642E-4;2.1537027;1.5553211
0.42468724;1.7792122;1.2848818
0.5389685;1.1733698;1.0966555
0.5483623;0.34494582;0.8788869
0.5683774;-0.10529333;0.776547
0.5343894;0.17826533;0.6618626
0.554074;0.5176123;0.3779276
0.6166967;0.3828398;0.17577958
0.6121074;0.10002185;0.25937366
0.4693734;0.09876748;0.29968643
0.34737372;0.18526398;0.22724915
0.26852396;0.3919612;0.30679932
0.28981918;0.48856896;0.22981445
0.32091784;0.17835516;0.21353906
0.25673428;-0.08231587;0.43020624
0.18976241;-0.2971027;0.38244626
0.27055994;-0.76268214;0.17236325
0.39769796;-0.98514575;0.017578099
0.51503336;-0.5943666;0.15312497
0.5557767;-0.119243264;0.34515622
0.53993386;-0.051644612;0.46753123
0.46319708;-0.19756569;0.57871246
0.30180767;-0.051802553;0.5246887
0.14925863;0.114807956;0.4619385
0.075656906;0.32934636;0.48009768
0.13708803;0.7009771;0.47040626
0.21904542;0.89203167;0.21148126
0.39711133;0.88237536;0.144185
0.48018906;0.7121503;0.377848
0.36540127;0.62597024;0.5722003
0.226696;0.80702615;0.4903774
0.1344818;1.189371;0.5051926
0.12633544;1.4327468;0.2645056
0.25419337;1.3336974;-0.1676924
0.47210467;1.613833;-0.12634142
0.52768373;2.2191913;0.09423937
0.531522;2.2941031;0.29941493
0.5533426;1.1727824;0.38689524
0.6707991;-0.580524;0.25394976
0.90226424;-1.6019192;0.15911685
0.7218114;-1.2815354;0.12729348
0.85557413;-1.0939783;0.04255744
0.8063343;-0.25018266;-0.08470405
0.62631744;0.4717289;-0.26502886
0.5323039;1.3086331;0.0043831603
0.28834316;1.6812814;0.26390693
-5.7546975E-4;1.0481502;0.4829517
-0.037960377;0.15102015;0.67366606
0.2477567;-0.2698089;0.55807346
0.5513304;-0.24397211;0.4675525
0.5535643;-0.113927685;0.46388575
0.35535142;-0.18176715;0.37306175
0.08428115;-0.5579137;-0.011706858
0.014299915;-1.005706;-0.2984646
0.14268993;-1.1326898;-0.16217257
0.23915194;-0.9624018;0.010105698
0.12882155;-0.60117143;0.23581894
-0.10631775;-0.20906217;0.41638952
-0.20380421;-0.117249735;0.39443976
-0.13491836;-0.34692478;0.17570804
0.0014403096;-0.60253984;-0.14654294
0.119902246;-0.61328185;-0.35268357
0.2052968;-0.25937548;-0.34149745
0.24548744;0.3706246;-0.114237994
0.25263995;0.66837466;0.18234007
0.04586196;0.62844974;0.38141894
-0.15393543;0.8496348;0.4027914
-0.11689834;1.0484579;0.13668624
0.087731324;0.8543913;0.02302087
0.22956006;0.57101303;0.22349483
0.24302305;0.09118541;0.43153024
0.23816843;-0.56455165;0.4749117
0.28115976;-1.0672663;0.62367934
0.2811778;-1.285063;0.763006
0.19681723;-1.2218004;0.7541548
0.17307879;-0.77744037;0.8095738
0.09471303;-0.14695229;0.5726591
-0.083604574;0.30118817;0.03937725
-0.22938366;0.50970054;-0.51615447
-0.14600693;0.57963544;-0.7652673
0.12069446;0.39495835;-0.64463574
0.39343056;0.15034167;-0.5692242
0.45536944;0.12027334;-0.51475435
0.25804555;0.86809367;-0.37547538
0.04081145;1.8850999;-0.15506779
0.15452416;2.08308;-0.16428861
0.37049434;1.266464;-0.17908713
0.33702046;0.7006712;-0.0112384595
0.08836637;1.319912;0.100384235
-0.010556904;2.5934296;0.22952613
0.23842947;3.9486694;0.3711209
0.5063686;3.9303222;0.40627173
0.49884486;2.5969923;0.61251736
0.2678259;0.7811094;0.7478264
0.086135715;-0.376675;1.0295111
1.5857097E-4;-0.5216525;1.4939214
-0.009248143;-0.2532595;1.4560746
0.16760148;-0.0697951;1.3117347
