0.1400761;1.2749432;0.58565897
0.037402675;1.0230795;0.42477718
0.18299831;0.7872136;0.22107174
0.4565549;0.6203959;-0.06689261
0.73086894;0.55881673;-0.2660141
0.8800076;0.6033034;-0.33781126
0.7360374;0.6638927;-0.501499
0.5583611;0.54361415;-0.45744923
0.43340766;0.019266335;-0.41595936
0.11469488;-0.47208694;-0.7452675
-0.08988472;-0.49329454;-1.027464
-0.026204653;-0.36651063;-1.1344712
0.14622378;-0.19945851;-1.151327
0.27557278;0.074808195;-1.0023116
0.17045821;0.25672156;-0.89559925
-0.1601178;0.24912724;-0.7539794
-0.35035986;-0.13819821;-0.42818353
-0.42364725;-0.25743356;-0.4112968
-0.45005062;-0.45282185;-0.92903745
-0.25281394;-0.7247575;-0.927605
-0.09131365;-0.792306;0.36104104
-0.5631144;-1.6682198;0.42633283
-0.94831866;-2.975201;0.05356626
-1.0688112;-2.6239107;-0.050896995
-0.85504895;-2.0991285;-0.040717594
-0.8199766;-0.29805282;-0.06382407
-0.6559813;-0.23844226;-0.05105926
0.2563673;3.3139336;-0.4408474
-0.030355392;2.9964595;-0.20267792
-0.43014368;2.3502924;0.06285766
-0.7136462;1.723984;0.3002861
-0.85997945;1.2557497;0.3652289
-0.80673355;0.9342873;0.26093313
-0.6227306;0.6708673;0.014996497
-0.3700595;0.41013137;-0.1630028
-0.16167259;0.1687301;-0.19915225
-0.03949432;-0.07751592;-0.23432179
-0.015970455;-0.26513773;-0.29370743
-0.043245114;-0.3683602;-0.28496596
-0.07287734;-0.38843817;-0.35297275
-0.07783312;-0.3482505;-0.4011282
-0.04898525;-0.25672543;-0.27715257
0.008468051;-0.08663034;-0.18422206
0.039586943;0.07444573;-0.103627644
0.11604455;0.17830658;0.0045978865
0.1889294;0.18639527;0.08492831
0.26208103;0.12724121;0.18669264
0.3299773;0.03304297;0.18685412
0.40577874;-0.020440623;0.15573329
0.40899798;-0.1069775;0.13083664
0.3193859;-0.219957;0.004669308
0.23441495;-0.23846559;-0.040014554
0.20276634;-0.26264748;-0.05701164
0.112603694;-0.25386798;-0.19560932
0.047895458;-0.19684438;-0.09398745
0.030503865;-0.10435051;0.031060038
-0.004112532;0.060269594;0.02484803
-0.0052431505;0.21071568;0.032378424
-0.0022413954;0.26857254;9.0273994E-4
-0.011558741;0.20860803;-0.04927781
-0.024481367;0.17313643;-0.045672245
0.018696155;0.11038414;0.038462203
0.0630038;-0.024192687;-0.044230238
-0.035925087;-0.09122915;-0.11038419
-0.109208815;-0.12923332;-0.04455735
-0.11588268;-0.12213666;-0.05439588
-0.13137802;-0.022709325;-0.049766704
-0.12228992;0.07245754;0.010186636
-0.06892568;0.117341034;0.014399309
0.036656328;0.106372826;0.067769445
0.11955944;0.02572326;0.104215555
0.16439755;-0.020046392;0.052122448
0.11042429;-0.019162113;0.010447957
0.019589433;0.01904531;0.058358364
0.005905921;0.055861246;0.07168669
0.023865363;0.066564;0.063599356
0.011670414;0.1063762;0.044629484
0.016758207;0.15385096;0.12320358
0.06535969;0.11370577;0.18606287
0.1077565;0.031589612;0.1301003
-0.023169799;0.019021692;-0.052169763
-0.10252021;0.037092354;-0.029235812
-0.24842241;0.12654889;-0.14213865
-0.26748794;0.1606141;-0.051210918
-0.19367784;0.14724128;0.08403126
-0.09322353;0.11466803;0.048475012
0.0019836763;0.026109422;-0.02996999
-0.002319309;0.017762538;0.0072740074
0.026660178;-0.00453997;0.112069204
0.12875001;-0.20363198;-0.010344635
0.007296889;-0.38790557;-0.2520257
-0.15314686;-0.38532448;-0.22662057
-0.34439248;-0.13638458;-0.18754645
-0.44035774;0.17839234;-0.07503716
-0.41556746;0.53646386;0.01497027
-0.29807895;0.8322961;0.24947621
-0.16190067;1.0252119;0.35583097
-0.024051782;0.99048203;0.3409148
0.059664823;0.7783231;0.36023182
0.05866936;0.499221;0.32568547
0.07037299;0.22906429;0.30429837
-0.0069828597;0.033251427;0.11843869
-0.017305037;-0.037461355;0.057250954
-0.0021252802;0.059093416;0.033300765
0.045956027;0.15508723;0.05164061
0.12895232;0.22563228;0.1413125
0.1851931;0.25706834;0.12554999
0.18487324;0.20877966;0.14419
0.10571109;0.17014873;0.052851994
0.0017563705;0.16268149;0.11103159
-0.0689074;0.24889518;0.15132527
-0.11684468;0.24911615;0.064810224
-0.10831949;0.23054291;0.026848176
-0.06009309;0.21412183;-0.0035214585
0.045675527;0.20723496;0.009682833
0.07872792;0.16578798;0.013996267
0.087982334;0.12013038;0.07994701
0.09694837;0.016416805;0.10145761
0.060371198;-0.08374155;0.07491609
0.07329696;-0.23574324;0.07868287
0.037543815;-0.3948446;-0.074553706
-0.041058697;-0.4518132;-0.10964296
-0.11331571;-0.35832554;-0.18146437
-0.12893382;-0.24447294;-0.2201715
-0.12189706;-0.16901584;-0.1823872
-0.09361139;-0.12115018;-0.12090976
-0.092076614;-0.100045145;-0.071727805
-0.12756754;-0.100348614;-0.14488225
-0.16142903;-0.03809139;-0.0846558
-0.16976823;0.06952689;-0.042724635
-0.120189585;0.11812151;-0.05292971
-0.06958917;0.116372205;0.05140623
-0.009577582;0.09309777;0.047374986
0.0024941845;0.024478214;0.08164999
0.08793285;-0.086667426;0.027819991
0.11409628;-0.18339644;-0.05274401
0.14127702;-0.21077965;0.014054794
0.15286537;-0.24206123;-0.032506164
0.16682355;-0.24364898;-0.026004931
0.12017758;-0.16991918;-0.008303945
0.07270457;-0.056247845;0.0058568437
0.06441365;0.06281422;0.06718548
0.08356217;0.16118889;0.09124838
0.09966224;0.16957611;0.0979987
0.112542294;0.15753588;0.16589896
0.08222134;0.1307162;0.13271917
0.032964565;0.12332296;0.09367534
0.0052779033;0.100220874;0.01869027
0.017503573;0.047364198;0.0024522154
0.050721608;-0.024608642;-0.041788228
0.038233537;-0.055624414;-0.095930584
-0.020975672;-0.04293703;-0.057994466
-0.077718034;-0.017162126;-0.058895573
-0.05670568;-0.0324797;-0.022116458
-0.020364543;-0.07285876;-0.048943166
-0.016291635;-0.09578701;-0.045404535
-0.04350206;-0.031317107;0.0011763735
-0.042614147;0.001508815;-0.017808901
0.008096183;-0.036292948;0.010752879
0.019758197;-0.05872186;-0.035147697
-0.002943443;-0.067289986;0.009381843
-0.07891726;-0.08976949;0.013755474
-0.15141505;-0.04056559;-0.03899562
-0.15003829;0.017547527;-0.037446495
-0.06846813;0.060913023;-0.0362072
0.012412992;0.056542918;0.07728424
0.044305395;0.08429683;0.20557739
-0.025493184;0.097124964;0.23321192
-0.082113296;0.07144997;0.29281953
-0.15006565;0.04153498;0.22175562
-0.18880251;-0.037084516;0.1711545
-0.28307325;-0.17341761;0.0681736
-0.3264586;-0.030921591;-0.08921112
-0.38538563;0.5408877;-0.2713689
-0.4645585;0.7280227;-0.092095114
-0.3294593;-0.039456856;0.1950739
-0.22137995;-0.88469046;-1.9087463E-4
-0.20679146;-1.2390023;0.0560973
-0.30293316;-1.3662019;-0.25512215
-0.39547154;-0.7835865;-0.39159772
-0.81950223;-0.63936925;-0.31327817
-0.5165393;-0.5333704;-0.006872546
-1.0444814;0.060803697;0.78825194
-0.8355851;0.04864296;0.6306016
-1.4528431;0.48578936;0.34198126
-1.1622745;0.3886315;0.273585
1.090493;-0.101594806;-1.056132
0.92551935;0.5124742;-0.7011556
0.848228;0.8334168;-0.19217448
0.74576986;0.95892096;0.021260418
0.6138034;1.0265118;0.14825833
0.588699;0.8337094;0.29360667
0.5670529;0.47634253;0.35988533
0.4825486;0.21388653;0.40040827
0.42822638;0.03985922;0.3953266
0.47461236;-0.19311263;0.26626128
0.5132836;-0.5107401;0.044259034
0.51609564;-0.71640456;-0.12709278
0.5390484;-0.6949987;-0.13917422
0.50975436;-0.47787392;-0.16758938
0.4847566;-0.19792415;-0.1653215
0.44327402;-0.10521431;-0.2447572
0.42727548;-0.087296456;-0.44580576
0.45666412;-0.07608716;-0.6191446
0.5493157;-0.01399473;-0.7078157
0.6652826;0.08724172;-0.65375257
0.7485835;0.14635587;-0.535502
0.7291403;0.010834699;-0.45027664
0.60440594;-0.22258224;-0.4164713
0.48918882;-0.48431578;-0.46442705
0.41635105;-0.66245264;-0.52154166
0.36159647;-0.7143371;-0.5734833
0.35451156;-0.68084466;-0.60566163
0.33517173;-0.63217574;-0.6501543
0.29704365;-0.6088656;-0.7076235
0.26068178;-0.5808425;-0.65672374
0.2409673;-0.617799;-0.575379
0.20605509;-0.65361416;-0.53530324
0.1496097;-0.64789134;-0.50011754
0.15992214;-0.58081305;-0.41259405
0.13926584;-0.47090048;-0.30507523
0.09617829;-0.38609537;-0.31281018
0.098036386;-0.3870013;-0.31274816
0.07842911;-0.34085104;-0.31582353
0.041649535;-0.27268082;-0.30265883
-0.03543037;-0.36189467;-0.19525206
-0.11467242;-0.6770157;4.835558E-5
-0.27748013;-0.8416126;0.07191368
-0.4421013;-0.7264151;0.0012809476
-0.4513739;-0.52175707;0.019774757
-0.35918263;-0.26428065;0.0783198
-0.19928457;-0.008299515;0.13140585
-0.111576095;0.17773539;0.09887467
-0.09306947;0.2734383;0.07284974
-0.15101807;0.27187565;0.09577979
-0.23187403;0.13312551;0.15474883
-0.31379512;-0.14037459;0.21442407
-0.41382906;-0.42792466;0.22153926
-0.47461793;-0.5017147;0.2209814
-0.44492874;-0.3607468;0.26116014
-0.36531797;-0.16672243;0.2745531
-0.2254575;0.035372056;0.26964247
-0.10731913;0.20329764;0.24696398
-0.08780843;0.2595131;0.17569618
-0.12376237;0.1638605;0.19055694
-0.2005724;0.015463394;0.23994556
-0.28116104;-0.20637928;0.23883145
-0.2729757;-0.31197843;0.33169016
-0.18009932;-0.22770774;0.42785212
-0.09017321;-0.10091619;0.4985317
5.176871E-4;5.17045E-4;0.6582004
0.05197665;0.10666364;0.8765603
0.11658132;0.1947059;0.9324982
0.13701506;0.33701473;0.8897486
0.10590111;0.44773677;0.7055489
0.119095884;0.30193943;0.6331891
0.16031577;0.11030154;0.55030125
0.1762995;0.063241236;0.32149103
0.27502397;0.0068429857;0.3571928
0.42485315;0.008599388;0.32950425
0.5563376;0.2943795;0.2948534
0.53686696;0.6417536;0.29838273
0.4142592;0.5915279;0.19495618
0.35621205;0.2169723;0.037214942
0.29825088;-0.25767216;-0.11397804
0.22336634;-0.4936377;-0.32243243
0.15779462;-0.46366018;-0.30794594
0.263931;-0.29592815;-0.28385675
0.3279417;-0.18674251;-0.5270854
0.2854002;-0.13689402;-0.6591683
0.19394518;-0.09076521;-0.6835847
0.06492177;-0.016362166;-0.7468677
0.07889054;0.06503527;-0.7537442
0.25061244;0.19265321;-0.80612034
0.27548996;0.23849757;-0.81364626
0.05750133;0.031423055;-0.67904204
-0.17431143;-0.24361156;-0.6276086
-0.27343354;-0.37926424;-0.7145869
-0.27421558;-0.3252864;-0.77791953
-0.20023184;-0.22897911;-0.7910856
-0.056865152;-0.10505829;-0.8547435
0.10978132;0.015953366;-1.0212948
0.11438756;0.012762693;-1.0732858
-0.03270871;-0.08666485;-1.1086286
-0.13163571;-0.39745688;-1.0837779
-0.20491795;-0.6867155;-1.1295223
-0.2940613;-0.8493724;-1.2083054
-0.2735303;-0.8982479;-1.1697693
-0.1901133;-0.81859833;-0.98737794
-0.15209064;-0.6548787;-0.7899023
-0.12167251;-0.52390295;-0.6319219
-0.07824621;-0.40037236;-0.57585
-0.14487237;-0.014047879;-0.89661753
-0.21164984;-0.004988303;-0.517294
-0.22869487;0.077259354;-0.4591477
-0.16371761;0.19305749;-0.6891932
-0.17511472;0.19194598;-0.618542
-0.25112695;0.06605679;-0.48389614
-0.24113593;0.040345434;-0.3902419
-0.18704936;0.17602634;-0.38563102
-0.11897542;0.36894608;-0.50694233
-0.08756316;0.42640686;-0.47742885
-0.1274724;0.2942505;-0.34288058
-0.1672123;0.11040039;-0.36336696
-0.2081839;-0.039804686;-0.45084983
-0.28529713;-0.07871875;-0.5044299
-0.3298002;-0.131725;-0.50666887
-0.37712142;-0.30538;-0.21549135
-0.44896275;-0.525554;0.027606912
-0.44745144;-0.6641932;-0.08650822
-0.41108617;-0.71885455;-0.24342532
-0.34215018;-0.75633365;-0.33067775
-0.33543888;-0.7363169;-0.3082922
-0.36756986;-0.63280356;-0.27397752
-0.29405588;-0.5062428;-0.21918201
-0.28758848;-0.32374427;-0.32847062
-0.24335203;-0.22774541;-0.26824525
-0.23061912;-0.25719634;-0.10131494
-0.23605779;-0.26825705;0.06426055
-0.26384625;-0.26460564;0.4537522
-0.261077;-0.17418452;0.66143924
-0.15339284;-0.008097616;0.5213389
-0.022714272;0.112271905;0.41394612
-0.012702667;0.058567528;0.4092819
-0.06953713;-0.009395979;0.4055505
-0.12281721;-0.08251678;0.5338154
-0.13262877;-0.18476343;0.60517734
-0.016259262;-0.20406075;0.58726686
0.16355509;-0.12574859;0.6229385
0.33787534;-0.081848875;0.7436633
0.4710815;-0.0404791;0.9246181
0.55499023;0.07386672;0.9803195
0.6525859;0.14034338;0.9467556
0.73847497;0.1185247;0.8417795
0.6003503;0.03856976;0.8265486
0.26797554;-0.037894193;0.9206139
0.039771065;0.06968465;0.8896161
0.09900435;0.26824772;0.7616929
0.29560974;0.38334817;0.6593543
0.40299168;0.40667853;0.58373344
0.29573318;0.41909283;0.43886176
0.11393031;0.38527426;0.3542144
0.056573935;0.3957194;0.3552465
0.12768102;0.46657553;0.30294722
0.18642215;0.5107604;0.30173278
0.15870804;0.49610835;0.32263622
0.0694469;0.49688667;0.27060896
-0.024715915;0.41000932;0.23836218
-0.054343045;0.22175747;0.29068974
0.006330251;0.12115598;0.16067679
0.10857983;0.13442478;0.0035414363
0.15571152;0.20128982;-0.062791854
0.1455653;0.26728186;-0.05335848
0.1394503;0.3138255;-0.011436785
0.090515316;0.2979354;0.022100572
0.03598647;0.2070983;0.0020554578
-0.07072254;0.15630364;0.0047693662
-0.15814054;0.20629291;-0.049309507
-0.17221555;0.29003432;-0.09882261
-0.18191306;0.24452747;-0.09468308
-0.19162421;0.20812197;-0.09137147
-0.11306499;0.20399758;-0.17934717
-0.015842615;0.14444806;-0.17160274
0.031466532;0.01868345;-0.112282194
0.09216541;-0.06942824;-0.108575754
0.18672061;-0.10554259;-0.061860602
0.31213284;-0.14068407;0.009886518
0.42015305;-0.16254726;0.014159215
0.49696228;-0.16441281;0.020702371
0.45870262;-0.18465525;0.1009369
0.35172772;-0.1352242;0.12137452
0.273765;-0.07692936;0.07209961
0.24967606;-0.058418486;0.048304692
0.24192835;-0.059234787;0.060518753
0.25291768;-0.02238783;-0.014084998
0.1984279;-0.033535264;-0.070643
0.11264857;-0.06432821;-0.1065144
0.021368852;-0.15771256;-0.14771152
-0.05575648;-0.27617005;-0.17754422
-0.115503624;-0.28968605;-0.22016037
-0.15363337;-0.35674885;-0.2792533
-0.20337544;-0.59164906;-0.45152763
-0.26603898;-0.91706926;-0.5737221
-0.32960975;-1.1211554;-0.6558527
-0.3422034;-1.1219243;-0.69655716
-0.32346976;-0.9100395;-0.51349574
-0.27225238;-0.6655316;-0.30767158
-0.17756753;-0.47617525;-0.25863725
-0.063538395;-0.2871902;-0.22878481
8.2943885E-4;-0.09850216;-0.21115285
0.0389448;0.08369827;-0.25329727
0.10008895;0.19820862;-0.23701282
0.17002477;0.15856689;-0.12398526
0.25672293;0.10810351;-0.021063207
0.27998772;0.030232811;-0.0074755647
0.29098237;0.005436249;0.031519547
0.2327859;0.0043489994;0.025215639
0.18622872;0.0034791995;0.02017251
0.22183454;0.10903336;0.106763005
0.5696551;0.28097668;0.23228541
0.5744741;0.28103134;0.30457833
0.5228605;0.24982508;0.44366267
0.4221947;0.11861006;0.47680512
0.3338495;-0.11136195;0.3658191
0.34989208;-0.40158957;0.2926553
0.37522617;-0.6400216;0.30599922
0.34783718;-0.6870173;0.18854938
0.2993635;-0.57461387;0.1727145
0.31839705;-0.33469108;0.2131716
0.37346765;0.038497135;0.3892873
0.4597116;0.4307977;0.43017983
0.43183178;0.48838815;0.31914386
0.26577795;0.20321053;0.13969009
0.086059846;-0.068681575;-0.035122927
-0.011620874;-0.17994526;-0.17497334
-0.012421698;-0.24395621;-0.16497867
0.028343892;-0.12641497;0.07114206
-0.014043638;0.255118;0.33191365
-0.07842241;0.8478444;0.34053093
-0.15258168;1.2407756;0.09742474
-0.112690344;1.1582454;0.2185648
-0.015152274;0.91722137;0.48422682
0.060534433;0.89315206;0.44675645
0.12342755;1.0020217;0.47928017
0.11983579;1.1578673;0.56467414
0.11071238;1.3169188;0.5861143
0.1463824;1.3410351;0.68451643
0.16632468;1.307203;0.62573814
0.15180974;1.2738875;0.37246552
0.1386353;1.23161;0.30422243
0.15153323;1.2884129;0.30587792
0.17435159;1.1838554;0.36970234
0.21135627;0.9408343;0.50826186
0.2800225;0.8276674;0.5534845
0.2943305;0.79025894;0.4177876
0.26671442;0.51033217;0.3498551
0.32743403;0.13326573;0.18613407
0.33694723;-0.059012417;0.058282252
0.025807777;-0.30033493;0.2122508
-0.15747878;-0.53089297;0.20730065
0.025579479;-0.09346436;0.037715513
0.21265109;0.047103513;-0.02295259
0.040433366;-0.5498172;-0.0027370714
0.2807842;0.02889625;-0.24593966
0.53087735;0.70124197;-0.40925172
0.44032687;0.4359936;-0.18990138
0.29132402;-0.18245512;-0.3675461
0.25337172;-0.5803391;-0.5940369
0.40425986;-0.62364626;-0.6064795
0.5484079;-0.35204202;-0.5695586
0.5449763;-0.16600862;-0.49002188
0.39535606;-0.120306894;-0.4388925
0.40690985;0.58812946;-0.610489
0.49740288;1.2173786;-0.7165162
0.29010978;0.5082779;-0.25758797
0.19302534;0.028497295;-0.34982038
0.21067028;0.022797838;-0.3517313
0.24041122;0.19323827;-0.23451003
0.17045398;0.23896562;-0.27510804
0.123863176;0.20054749;-0.36071143
0.19909054;0.226063;-0.31356913
0.26239744;0.2527254;-0.23210531
0.18804295;0.12405532;-0.20130925
0.059809357;-0.08825575;-0.0922974
-0.0052775135;-0.1893546;0.032412082
0.02390299;-0.20148368;0.11655466
0.10662239;-0.20806195;0.20574373
0.122797914;-0.25082454;0.28647
0.12011333;-0.35690963;0.310426
0.10234066;-0.5355277;0.2889658
0.025622532;-0.63154715;0.26867265
-0.026376976;-0.67711276;0.2586881
-0.04922658;-0.7166902;0.2882005
-0.055006266;-0.66085213;0.2618104
-0.037755013;-0.5193067;0.3625733
-0.055204008;-0.20294538;0.44318366
-0.106663205;0.025143698;0.4014219
-0.14470556;0.020114958;0.35238755
-0.123576954;-0.13078304;0.21941003
-0.037924062;-0.27025142;0.07240302
0.00716075;-0.21932614;0.051672418
-0.066146396;-0.119210914;0.056962933
-0.14510462;-0.02349373;0.06432035
-0.1473337;0.10308002;0.07645628
-0.08974196;0.25121403;0.07679002
-0.0092935655;0.27909622;0.058307018
0.008190148;0.15140197;-0.018979385
-0.0028228818;0.030496575;-0.10893351
-0.039758306;0.0056472598;-0.12777181
-0.061494146;0.03889281;-0.067842446
0.011742185;0.10923924;-0.054273956
0.09220625;0.1405164;-0.10279416
0.098765;0.09991312;-0.035360333
0.029011998;0.07055549;0.021711735
0.0325846;0.1126944;0.054869387
0.057317678;0.22765552;0.09077051
0.027104143;0.2602494;0.060116407
-0.018941686;0.24257453;0.016843127
-0.05265335;0.28468463;0.0040995013
-0.060872678;0.33087268;-0.002970399
-0.06744815;0.32719815;0.05074868
-0.07739601;0.31488353;0.087473944
-0.12754181;0.16440682;0.11685415
-0.14734595;0.022150457;0.07785832
-0.10537676;-0.06352963;0.09353666
-0.051488906;-0.1414487;0.17482933
-0.014628626;-0.20690897;0.22111346
0.017984599;-0.17802717;0.24876577
0.03157518;-0.07679674;0.23338762
0.028385144;-0.04893739;0.2273351
-0.031979386;-0.17352492;0.21936807
-0.031833507;-0.27319494;0.13174446
0.018283194;-0.29980594;0.07727057
0.11931405;-0.26796976;0.09619145
0.22357625;-0.2425008;0.086328164
0.219486;-0.25337565;0.0065625305
0.1912138;-0.20582551;-0.010374975
0.19359604;-0.027160412;-0.02392498
0.13612683;0.11577167;-0.022264984
0.07452647;0.15199234;-0.024061987
0.009621171;0.12159387;-0.07549959
-0.011053063;0.10665009;-0.13227467
-0.0057174508;0.09157008;-0.14956973
-0.0014489605;0.010756061;-0.1446558
0.017590832;-0.01952015;-0.20009963
0.076572664;0.046883877;-0.23195471
0.03625813;0.12500711;-0.20118876
-0.07724349;0.23750569;-0.20782602
-0.13679479;0.33062956;-0.20688581
-0.12193584;0.37387863;-0.18425865
-0.06942367;0.42097792;-0.21928191
-0.055538934;0.40553233;-0.28792554
-0.09286865;0.31817585;-0.25846544
-0.14304492;0.2670407;-0.21302234
-0.12693593;0.20738254;-0.19854288
-0.09686125;0.115906045;-0.2057093
-0.0509265;0.014599833;-0.12394244
-0.0469912;0.024179867;-0.058528952
-0.09696796;0.084968895;0.03755184
-0.14476186;0.064850114;0.14879148
-0.17987199;-0.023119908;0.22215818
-0.1813976;-0.15599592;0.24647655
-0.17324308;-0.17792174;0.11905623
-0.12453196;-0.04233739;-0.014130013
-0.13868807;0.23488009;-0.167554
-0.23595046;0.62227905;-0.3340432
-0.33094788;1.0212607;-0.47348458
-0.3975708;1.3591961;-0.5756627
-0.47586912;1.5701693;-0.61053014
-0.6056953;1.5998855;-0.6540491
-0.71424377;1.5267833;-0.5669893
-0.83389497;1.2675204;-0.45671642
-0.9468035;0.7226101;-0.24662314
-1.0254116;-0.0765994;-0.15354851
-1.0711105;-1.081592;-0.07596381
-0.8568884;-0.8652736;-0.060771048
-0.6855107;-0.6922189;-0.048616838
-0.74020547;-1.7412751;0.16735654
-1.1012952;-1.8586451;0.8557602
-0.8542295;-0.82754105;0.8127332
-0.65086406;-0.33703285;0.82518655
-0.62213475;-0.9477513;0.95077425
-0.68151826;-1.864451;1.0293694
-0.6888669;-2.057186;0.9672455
-0.6161326;-1.6988736;0.7081714
-0.42786703;-1.049724;0.44466212
-0.24834831;0.0070958585;0.3963547
-0.13363957;1.4681767;0.30770877
-0.13757573;2.6573539;0.30554202
-0.23252152;3.0258832;0.6413086
-0.4983219;2.3441439;1.2442969
-0.90998566;0.65187764;1.6829375
-1.2272073;-1.0113103;1.5276
-1.3567659;-1.8871733;0.72208
-1.2713501;-2.1659887;-0.353586
-1.0936426;-2.139041;-1.0266188
-0.7124141;-2.1862328;-1.033795
-0.40743127;-2.1552362;-0.53641105
-0.13844502;-1.892939;-0.07287882
0.069712736;-1.9893512;-0.20517805
0.066707686;-2.891481;-0.34539244
-0.056790102;-3.9131846;-0.42631397
-0.2641821;-4.236798;-0.9848012
-0.37384567;-3.7894382;-1.7534659
-0.40532655;-3.4815507;-2.1840227
-0.30082372;-3.8789904;-1.9690932
0.17965353;-4.265692;-1.5158995
0.71950406;-3.9750538;-1.0439696
1.0634938;-2.505043;-0.6195507
1.2183732;-0.2165345;-0.57064056
1.2390296;1.6517724;-0.8377625
1.041004;2.565168;-1.1295849
0.7179106;2.8021343;-0.92085546
0.6547484;2.8229575;-0.62105936
0.9240429;3.083366;-0.8062225
1.026539;3.5416927;-0.963728
0.8634187;3.5489793;-0.8850449
0.6024537;2.9704335;-0.9564734
0.39016607;2.0075967;-0.80736625
0.298461;1.4092023;-0.6912055
0.20634691;1.264862;-0.6295269
0.11898378;1.2025145;-0.40987152
0.064718276;0.8276366;-0.4122722
-0.026741004;0.3371093;-0.5485678
-0.15928343;0.25718743;-0.7279167
-0.27483886;0.42137495;-0.8409271
-0.3730449;0.590225;-0.9844605
-0.50527185;0.70342994;-0.9445996
-0.70656127;0.643994;-0.77130467
-0.86993647;0.45894518;-0.7010281
-0.8568867;0.24840614;-0.756135
-0.90738434;-0.029400086;-0.63361895
-1.0282513;-0.32039508;-0.33658266
-0.9741635;-0.39381605;-0.17922705
-0.6512058;-0.08380284;-0.38078398
-0.64752716;0.30483273;-0.48652416
-0.9477092;0.5344912;-0.59413874
-1.1050423;0.31821793;-0.5499204
-1.0699714;-0.16730064;-0.32128397
-1.0012896;-0.7400905;0.03408611
-0.8854067;-1.1608224;0.3257064
-0.80051285;-1.2849079;0.3621276
-0.83416027;-1.2654264;0.23618646
-0.88607824;-1.1560911;0.03973042
-0.82448757;-0.88737285;-0.15210238
-0.6345901;-0.60989827;-0.108303
-0.43579707;-0.46291864;0.09714666
-0.17676264;-0.4515849;0.13709234
0.019527387;-0.5487679;0.1040098
0.10937191;-0.6890143;0.07363753
0.20937252;-0.6449615;-0.046558727
0.35656053;-0.2659692;-0.18265714
0.4289984;-0.21277533;-0.14036399
0.33538625;-0.33897027;-0.17166619
0.3136215;-0.35242623;-0.14499897
0.3805847;-0.48819098;0.0027019957
0.25759274;-0.5343028;0.15909518
0.20607421;-0.41494223;0.25364333
0.32579687;-0.18820378;0.20096155
0.290325;0.08068698;0.23186299
0.20726;0.15204959;0.23509976
0.2611205;-0.053360336;0.07323606
0.3120214;-0.16768827;-0.16348146
0.21680461;-0.009150614;-0.36824244
0.06875619;0.20517951;-0.50137496
-0.001245046;0.2141436;-0.62502575
0.008378963;0.08381488;-0.6015831
0.04732817;-0.076698095;-0.5347821
-0.038699962;-0.07385847;-0.26688817
-0.14033496;0.07841322;-0.0642918
-0.13414298;0.20023058;-0.12819125
-0.04637688;0.12893446;-0.4164202
-0.0964765;0.028147569;-0.5534487
-0.2537437;0.14126806;-0.5154152
-0.34205747;0.25051445;-0.32014462
-0.28458348;0.39416155;-0.038146958
-0.17297928;0.6340792;0.1534668
-0.12119592;0.7635134;0.3848828
-0.08914424;0.74831074;0.4074668
-0.01194039;0.7048986;0.26850274
0.21232268;0.6576688;0.47710687
0.16985816;0.5261351;0.3816855
0.13588652;0.42090806;0.3053484
0.5930842;0.35547647;0.31517717
1.2307174;0.34063116;0.73856753
0.8845739;0.51000494;0.6576509
0.86703414;0.44550395;0.8632301
1.0436273;0.43140316;1.2132403
1.2296284;0.60137254;1.3369985
1.376171;0.893598;1.4149113
1.422531;1.2367535;1.444429
1.3698608;1.5862777;1.1524183
1.3333886;1.6065222;0.83130956
1.2542108;1.3695928;0.93848515
1.1275874;1.1894242;1.3414131
1.0747262;1.2327894;1.6543806
1.0418122;1.4237314;1.7672544
1.052981;1.6389852;1.8138036
1.0673848;1.8018131;1.5854179
1.0367204;1.7820755;1.3433342
0.98250127;1.5131605;1.3559175
0.832876;1.3917783;1.4034839
0.61161333;1.6282665;1.3790371
0.12835316;2.4248788;1.1907297
-0.22700498;3.4199812;1.3432088
-0.29801023;3.8141098;1.855817
-0.09700193;3.2997255;2.2596536
0.24896096;2.3429053;2.238973
0.40854377;0.97276175;2.0786784
-0.12941499;-0.75909525;1.5629426
-0.103531994;-0.6072762;1.2503542
-1.2750131;-1.8782037;0.7877833
-2.3661041;-2.5322506;0.98022664
-2.7874146;-2.483613;1.1841813
-2.6486816;-2.5368903;1.034845
-2.2892578;-2.8576372;0.91537607
-1.9985938;-2.8548598;0.73855084
-1.70825;-2.090138;0.72209066
-1.3916;-1.0783603;0.7089225
-1.116405;-0.24081323;0.523388
-0.7009365;0.60891193;0.3562104
-0.26231173;1.0902545;0.028718336
0.09171313;1.1456411;-0.27702534
0.3108705;1.0087004;-0.42787027
0.43697765;0.7194603;-0.3797962
0.25505087;0.17713076;-0.516337
-0.103771806;-0.2911079;-0.8005696
-0.34864244;-0.39226133;-0.9717057
-0.33985144;-0.30130905;-0.99611455
-0.15781866;-0.21135974;-0.87814164
0.07999507;-0.11908779;-0.7400133
0.23743355;-0.10933273;-0.82326066
0.2985406;-0.2999662;-1.0523585
0.31695747;-0.47903544;-1.1700118
0.20981598;-0.49572837;-0.9547594
-0.034490965;-0.8215827;-0.5419326
-0.5197803;-1.5728911;0.766454
-1.2767618;-2.161438;2.325663
-1.6182843;-2.1791503;1.5480305
-0.5383775;-1.2714453;-0.09282558
1.3560168;0.06409378;-1.2430104
2.490282;0.488775;-1.8787833
2.5531633;0.23164502;-1.9155267
1.9354993;-0.11155898;-1.3355464
1.0753525;-0.32674718;-0.6403121
0.33938363;-0.41764775;-0.027874667
-0.059547782;-0.4247432;0.30270025
-0.1378726;-0.27104455;0.2609102
0.06782692;0.09878935;0.19622818
0.32437873;0.6977815;0.26948252
0.4891905;1.2707251;0.33433604
0.51391095;1.5150176;0.3299688
0.382369;1.3573266;0.28897506
0.0991081;0.9467988;0.24368005
-0.14659242;0.47775152;0.06994404
-0.32039893;0.035326228;-0.10029477
-0.36530352;-0.22486402;-0.18023582
-0.30396158;-0.29551622;-0.27543867
-0.22012238;-0.32391298;-0.32035092
-0.112816654;-0.34350538;-0.30003074
-0.03283145;-0.3873043;-0.23377459
-0.045405783;-0.39421844;-0.27451968
-0.066793375;-0.36224976;-0.22586574
-0.063200325;-0.28354982;-0.1681926
-0.035325885;-0.17996484;-0.109554075
-0.0013075843;-0.018971873;-0.025143258
0.07942268;0.109822504;0.036135394
0.16490534;0.190983;0.060158316
0.21805708;0.2059114;0.14812665
0.2971019;0.14285412;0.18100132
0.32767177;0.033033296;0.10730106
0.24109249;-0.07982336;0.023340845
0.17373337;-0.12323369;0.031172676
0.11213122;-0.098586954;0.012438142
0.08394326;-0.04449456;0.009950513
0.074869454;-0.02622065;0.07046041
0.055989314;-0.13972652;0.025118329
-0.0068687066;-0.39615622;-0.26740533
-0.10510434;-0.660675;-0.36392426
-0.034278784;-0.87854;-0.12238941
0.35167852;-1.165332;0.48333848
0.7698194;-1.3978906;1.1179208
0.6576524;-1.4433125;0.89433664
-0.58598745;-0.69527495;-0.6720307
-1.7113681;0.03128002;-0.23137456
-1.9815944;0.11877402;0.63365036
-1.5102756;-0.12998079;0.35067028
-0.78790796;-0.29460964;0.10553622
-0.42095137;0.1861873;0.19692898
-0.23597986;1.5551999;0.22004318
0.88191926;2.0925975;-0.06771545
1.3582698;1.0318904;-0.7041724
0.5159127;0.40363732;-0.6445879
-0.30328548;1.7838473;-0.4687953
0.70707864;2.4848905;-0.40003625
2.0651746;1.8988498;-0.413779
2.2888584;1.2550174;-0.6528982
0.47600865;-0.6241111;0.21518144
-0.51528686;0.5928986;0.90964514
-0.25329393;0.7961939;0.92771614
0.4771012;0.1447676;0.5609229
0.85043097;-0.14512342;0.2549883
0.67487603;-0.020786233;0.28524065
0.2414633;0.29587102;0.09694252
-0.052141853;0.7429468;-0.07244598
-0.03390098;1.25217;-0.051706783
0.16037922;1.6279079;-0.12261543
0.30095962;1.7925607;-0.22934234
0.33061144;1.8361969;-0.32722387
0.2277704;1.6527467;-0.3867791
0.079091325;1.3376269;-0.46567327
-0.025008189;0.92644924;-0.40691364
-0.1176628;0.4941379;-0.2849059
-0.17264587;-0.033742405;-0.002924719
-0.27014795;-0.8578533;0.46641022
-0.69663596;-1.7081577;0.5481282
-1.1162443;-2.104026;0.51350254
-1.2109642;-2.0457208;0.535802
-1.0968963;-1.7772017;0.47864163
-0.8087671;-1.4873863;0.4141633
-0.55482614;-1.239909;0.26883063
-0.4305797;-0.82005227;0.21506451
-0.36165124;-0.26541683;0.20330161
-0.29322726;0.18766655;0.23764129
-0.23067555;0.020445734;0.34011304
-0.49079043;-0.4602059;0.19084042
-0.7871636;-0.71503973;0.09017234
-0.98519963;-0.67203176;-0.10286213
-1.1412847;-0.4313754;-0.2510397
-1.0661528;-0.8701003;0.16166824
-0.6841722;-0.95545524;0.10433459
-0.022337768;-1.0362393;0.03971767
0.31416103;-0.97274137;-0.12447586
0.3185163;-0.3531931;-0.22458069
0.43137556;0.54244554;-0.26091456
0.6286942;0.74333143;-0.35248163
0.6635022;0.20404014;-0.6194853
0.578458;-0.12739289;-0.81433827
0.4342508;0.18246068;-0.6952206
0.4294319;0.71159357;-0.47492647
0.5810455;1.0036498;-0.43931618
0.46483642;0.80291986;-0.35145295
0.37186912;0.6423359;-0.28116235
0.55989766;0.79980624;-0.3468049
0.65856266;0.94922;-0.15244392
0.6187447;0.8015635;0.32179487
0.5160895;0.3912508;0.5136859
0.42234424;0.07862563;0.4859487
0.37049258;0.072275504;0.37000898
0.39795655;0.2515704;0.36475718
0.3316465;0.40906882;0.41055575
0.08924298;0.6475676;0.3409446
-0.20819546;0.60555404;0.61025566
-0.40015012;-0.12180676;0.7819545
-0.2531279;-0.3568204;0.7505636
0.07324078;-0.45733133;0.8442009
0.11029092;-0.6689901;0.7816107
0.076733716;-0.82269204;0.58153856
0.1628274;-0.63002867;0.25273088
0.22225411;-0.48839793;0.06468469
0.22565486;-0.51571834;-0.15450224
0.17857076;-0.44694966;-0.2861018
0.17742692;-0.21380973;-0.21013144
0.15522279;-0.052297786;-0.30560514
0.2237876;-0.051213227;-0.5007341
0.19621758;0.03246692;-0.6068373
0.12064594;0.18066104;-0.67921984
0.05257144;0.38359132;-0.76212585
0.0055337143;0.52874804;-0.8784507
-0.029948028;0.44331095;-0.80276054
-0.1331381;0.09527376;-0.66095847
-0.35734057;-0.33003098;-0.35376677
-0.72039396;-0.6952748;0.004486595
-1.0892057;-0.94371986;0.27233928
-1.3221458;-1.0737258;0.21162142
-1.286623;-0.8433557;-0.043202862
-0.97929835;-0.12155955;-0.42206228
-0.5943762;0.47306487;-0.5063998
-0.45675096;0.46126437;-0.30511987
-0.74196327;0.29869902;-0.12534589
-1.2107581;-0.1844783;0.14972329
-1.4186065;-0.51945764;0.18852863
-1.0614477;-0.42494112;0.2195729
-0.44603315;0.18817212;0.119408324
0.10098598;0.6911627;0.083026655
0.4776638;0.46699265;-0.052328672
0.5313498;0.037656624;-0.22311294
0.40164232;-0.1542497;-0.35661536
0.19162636;-0.07964976;-0.4071673
0.12205108;0.00815519;-0.35073382
0.27420336;0.08777415;-0.24621207
0.5162377;0.029594323;-0.018844647
0.4184589;0.06742546;-0.018200718
0.30664212;0.26331538;0.038564425
0.38515744;0.32471478;0.13085154
0.53742284;0.29570934;0.22343123
0.69243824;0.28344247;0.21624498
0.81039596;-0.07637103;0.29799598
0.62917614;-0.6298468;0.2571468
0.32345808;-0.92575246;0.049467433
0.1935321;-0.95935196;-0.15417606
0.1989663;-0.7299816;-0.29209083
0.26249334;-0.52148527;-0.34304768
0.25022906;-0.5796882;-0.24943814
0.2134645;-0.18875057;-0.2776755
0.20143566;1.0021245;-0.115890406
0.16114853;0.80169964;-0.09271233
0.07735632;1.2804222;0.12583014
-0.11038057;0.32746276;-0.008710889
-0.18986696;-0.5739673;0.3586563
-0.32415918;-0.05917383;0.84317505
-0.40307736;0.74484843;1.16204
-0.30136812;0.83494127;1.110882
-0.00945388;0.4226405;1.3762056
-0.16810998;-0.2697001;0.9384645
-0.48292547;-0.4376351;1.2757716
-1.0082154;-0.45635808;0.9518673
-1.4409473;-0.7182115;-0.18850619
-0.3160391;-0.32144415;-0.82580495
1.2175789;-0.19778033;-0.685644
1.157901;-0.66759926;-0.59851515
-0.220896;-0.8122044;-0.41631213
-0.8751543;0.09711147;0.4294503
-0.58137345;1.3323767;1.1623102
-0.21822375;2.2416825;1.3860981
0.028545998;2.4730337;1.1588786
0.38299304;1.9745206;0.56460285
0.78471476;1.1928978;-0.12956773
1.0183235;0.21759944;-0.65365416
0.9429547;-0.97904545;-1.0104233
0.5839536;-2.1629238;-1.1958387
0.15114729;-3.0022142;-1.1254209
-0.20818374;-3.0955212;-1.1065867
-0.30053136;-2.354542;-0.9571444
-0.20800321;-0.93675864;-0.96884054
0.06523805;0.33496812;-0.76882243
0.39867482;0.8929745;-0.64318293
0.54684514;0.9706296;-0.56142133
0.33984426;1.0983787;-0.22413708
-0.042187087;1.334953;0.07069034
-0.24449186;1.4523374;-0.07469773
-0.19364037;1.0493699;0.008991816
-0.19124041;0.103558406;-0.09280655
-0.2276017;-0.74371576;-0.099245235
-0.191847;-0.99184763;-0.02314619
-0.057383843;-0.8247281;0.13148305
0.030655427;-0.87853247;0.20518644
0.02452434;-0.70282596;0.16414915
0.019619472;-0.5622608;0.13131931
-0.09367942;-0.69355863;0.20505546
-0.14955291;-0.4360969;-0.17970563
-0.020032955;-0.24887753;-0.3000145
0.14100489;-0.16785201;-0.2212616
0.104991406;0.009468386;-0.13950929
-0.021084998;0.15757471;-0.09285743
0.004225752;-0.086440235;-0.04928594
0.010802477;-0.4097772;-0.051928755
0.052782606;-0.49344674;-0.091543004
0.25277296;-0.4228824;0.045515597
0.33249182;-0.4289309;-0.060462523
0.23337625;-0.46189472;-0.19212002
0.08904476;-0.23514079;-0.10369601
0.015767055;0.26501238;0.07641819
0.10460583;0.5276349;0.14863455
0.15634091;0.4689829;0.21265765
0.13464305;0.34081134;0.07637611
-0.026269939;0.31639907;0.06110089
-0.03253939;0.41874427;0.16763072
-0.02212526;0.5662454;0.09035457
-0.14211427;0.42487133;0.066033654
-0.19806641;0.19302206;-0.040923074
-0.11235938;0.46379265;-0.01398846
-0.22387189;1.0429091;0.32630923
-0.30956626;1.2687023;0.9985474
-0.20937176;0.63527435;1.1613379
-0.2440599;0.44884446;1.2290703
-0.18743542;1.4965756;1.2207563
0.23286416;2.2417917;1.014105
0.74166244;2.1783943;0.542534
0.8668651;1.4190826;-0.6847228
0.6114608;-0.21590577;-2.3571532
0.25547725;-1.8758496;-3.7732227
0.14886422;-3.7506797;-3.7107656
-0.33662152;-6.131794;-2.301425
-1.1982034;-7.549185;-1.756765
-1.2546566;-6.364348;-1.1491619
-1.0537252;-3.8914783;0.54004544
-1.3554802;-1.8944327;1.1726613
-1.3093841;-0.9342962;1.1318791
-0.5506323;-0.053686943;0.77737826
0.2977754;1.5008005;0.3656526
0.8222047;2.8443904;0.29564708
1.0253419;3.3817623;0.18026766
1.0290198;3.0585349;0.16921413
0.7791668;2.212453;-0.083378695
0.39750338;1.3512123;-0.39795294
0.097885504;0.85596985;-0.37773737
-0.03848847;0.62540084;-0.13968989
-0.14016578;0.6065707;-0.086751916
-0.21330449;0.81025654;0.01184847
-0.22454984;0.92008024;0.22822878
-0.14292113;0.9235642;0.39820802
-0.03425878;0.76385134;0.4591914
0.0014992281;0.4548311;0.45172814
-0.052706867;0.17948987;0.22388251
-0.18161862;-0.015783105;0.11348101
-0.2484199;-0.10950148;0.037659805
-0.19170466;-0.13135119;0.070752844
-0.112738736;-0.08008095;0.17222728
-0.044097237;0.12656024;0.2502818
0.050659712;0.40749818;0.41272545
0.17998089;0.52599853;0.43643036
0.2705472;0.41767386;0.2803943
0.32542214;0.33101407;0.44931543
0.42322835;0.15231127;0.80320233
0.254403;-0.08752599;0.23631188
0.1021552;-0.2762708;0.3890495
0.046958536;-0.036641635;0.3299896
0.011004329;0.4988117;0.13899168
0.05450659;0.6771743;-0.101306655
