-0.43656263;2.1763608;1.54947
-0.3336251;1.1379637;1.095826
-0.105962574;0.67287093;0.6016608
-0.03945756;0.28204674;-0.29367137
-0.33312854;-0.8540501;-0.6286871
-0.4297841;-1.8832401;-0.72169966
-0.16179602;-1.5878421;-0.8711097
0.3111882;-0.66714865;-0.6031378
0.69738805;-0.20090643;-0.16376023
0.97509795;-0.0107251415;0.3502418
0.95976585;0.11016989;0.40519345
0.6209377;-0.4040516;0.26790476
-0.09231236;-1.0388663;0.12682381
-0.6347874;-1.1365618;-0.08604095
-0.7234549;-0.65690565;-0.34383276
-0.5350139;-0.18333703;-0.2875662
-0.29051113;0.072080374;-0.13005297
-0.09959641;0.2451643;0.077207625
-0.07655213;0.28519395;0.1992661
-0.2737417;0.28128016;0.07816288
-0.42758712;0.27814913;0.031280305
-0.4123822;0.1772068;0.07502424
-0.35490575;-0.0019845623;0.36626938
-0.25501835;-0.21877515;0.5180155
-0.12042093;-0.42189512;0.43316242
-0.1268055;-0.3625161;0.40902993
-0.13191314;-0.0025128766;0.42722395
0.032750733;0.39642718;0.26052916
0.24495059;0.55620426;-0.029076675
0.29596046;0.46683842;-0.24201134
0.13989337;0.10003322;-0.15610908
0.0884772;-0.40747342;-0.14988726
0.24578176;-0.70097876;-0.2011598
0.3013129;-0.7748455;-0.39842784
0.24886283;-0.6909701;-0.4312423
0.20065276;-0.38480735;-0.18874381
0.06052221;0.31090412;-0.13224506
0.021855267;0.7830983;-0.14954604
0.20029671;0.39835364;-0.07588684
0.28367487;-0.3891296;0.020540532
0.3597524;-0.9417724;-0.32731757
0.26280192;-1.0901366;-0.49310407
0.29617903;-0.5103906;-0.57573324
0.37756822;0.13934377;-0.5043366
0.3129921;0.3974125;-0.06596928
0.14258116;0.31793;0.37847456
-0.03749757;0.41996902;0.48402965
-0.12999806;0.4531627;0.64347374
-0.19306095;0.28909266;0.689779
-0.16538626;0.16564913;0.6455732
-0.032309003;0.3918943;1.0352086
0.019465297;0.6072655;1.4281669
0.085884735;-0.039187644;1.1050335
0.04058279;-0.45791262;1.0215268
-0.05972127;0.22741991;1.0484715
0.053785484;-0.85087657;0.51377714
-0.1538466;-1.2228887;0.06102171
-0.03870229;0.740439;0.30506736
0.75966316;1.6032887;0.5003039
0.96398056;1.154506;0.20649311
0.5852469;-1.3404577;-0.028555507
0.14476004;-3.1192412;-0.3103444
-0.10294197;-2.7961743;-0.24827552
0.24420893;-1.66233;-0.19862042
0.71567965;-1.0503718;0.016103664
0.9975437;-1.5240865;0.37538293
0.86366;-2.405988;-0.46844366
0.831553;-2.8888528;-1.174755
0.9933674;-2.8376448;-1.6523039
1.4165689;-2.6294909;-2.1468432
1.9645051;-2.5598426;-2.5893495
2.505979;-2.5634992;-2.7246046
2.7297833;-2.5007994;-2.6046836
2.4088266;-2.1537645;-2.346247
1.7333113;-1.4980116;-2.0894976
1.080399;-0.9077842;-1.8184731
0.62681925;-0.6012274;-1.5641534
0.3452054;-0.37473193;-1.3669478
0.1386643;-0.07166053;-1.3982457
-0.064068556;0.14579657;-1.5029715
-0.26687986;0.28538725;-1.4398773
-0.4447539;0.5251848;-1.1159643
-0.5745531;0.90452284;-0.6630839
-0.69401747;1.3642433;-0.34140465
-0.833339;1.6773322;0.0018762787
-1.0541712;1.7090532;0.18587603
-1.162087;1.7406801;0.20807582
-1.0265446;1.7753565;0.44771066
-0.83061063;1.9218477;0.7206685
-0.7894885;1.836111;0.80465984
-0.89409083;1.3673263;0.63122785
-0.9527727;0.77218133;0.5393573
-0.9059681;0.3040732;0.8314858
-0.7278995;0.32763356;1.1995636
-0.5885696;0.35546622;1.187776
-0.5864807;0.11445111;0.8283457
-0.67855954;-0.30297035;0.5720516
-0.67409766;-0.23690754;0.9045163
-0.5861531;0.48820835;0.967363
-0.6345475;1.2425199;1.0832654
-0.7060755;1.4768283;1.0666124
-0.6304854;0.9631033;0.6751649
-0.4278258;-0.3345955;0.2588819
-0.34226066;-0.26767638;0.20710552
-0.2738085;-0.21414112;0.16568442
0.041890685;-1.2392817;-0.14870247
0.58820003;-2.4148629;0.36228803
0.52681005;-1.8662653;0.4429554
0.924573;-1.7070746;0.26061434
1.0302835;-1.8937848;-0.12275853
0.6617267;-1.1369028;-0.32633182
0.2012564;-0.55014724;-0.25481546
0.086005114;-0.6119928;-0.16947737
0.30942908;-0.46459424;0.042543106
0.4850433;-0.16542539;0.19340949
0.3786596;-0.03546531;0.15785259
0.14667769;0.32475275;0.08878207
-0.017032845;0.8926147;-0.007099344
0.10512372;0.84065425;-0.09942947
0.29972398;0.38658592;-0.10141858
0.2522792;-0.048543774;0.018865136
0.07682335;-0.08258502;0.16821711
-0.05729132;0.018306985;0.11894869
-0.095833056;-0.06816691;0.03890895
0.032708555;-0.14047103;-0.034497842
0.16054185;0.26106068;0.088026725
-0.09344152;0.63853604;0.3172964
-0.4528782;0.36707884;0.5038371
-0.67792755;0.12491307;0.5030697
-0.5642171;0.5757117;0.6774557
-0.37949866;0.4801006;0.7232146
-0.24734892;-0.14248201;0.41607168
-0.15725413;-0.46242312;0.045357343
-0.08517831;-0.35900098;-0.18871413
-0.040017646;-0.2215758;-0.2322213
0.07423589;-0.7725731;-0.21077704
0.4187637;-1.003996;-0.22487164
0.66626096;-0.5828843;-0.17677231
0.48925877;-0.18036994;-0.29141784
0.06640702;-0.088045955;-0.32063428
-0.106249385;0.23893824;-0.32838243
-0.14124951;0.6052131;-0.26270592
-0.2661246;0.59667045;-0.19766475
-0.43789968;0.5788989;-0.4675068
-0.44406974;1.3670254;-0.70213044
-0.2833808;2.805339;-0.43982935
-0.49857965;3.5505211;0.0137615185
-0.72698873;3.3951044;0.21725921
-0.34096596;2.773896;-0.18244264
-0.022772776;1.6659919;-0.9522041
0.15365678;1.021856;-1.3492633
-0.017699577;0.3331098;-1.3794106
-0.04853466;0.44148785;-1.1191535
0.24867228;0.9016278;-0.7109478
0.15831281;1.0697397;-0.5937582
-0.23584975;0.36829177;-0.67500657
-0.4183673;-0.4272416;-0.7462553
-0.33625633;-0.27694952;-0.9188792
-0.15963008;0.28547165;-1.0069784
-0.07770406;0.9408773;-1.1024576
-0.11841325;1.5073893;-1.3975911
-0.3525431;1.9777864;-1.1977605
-0.536722;2.272854;-0.88164586
-0.87781507;2.1870334;-0.7631292
-1.2928771;2.2840016;-0.5745658
-1.6178954;2.2928264;-0.18309017
-1.9892381;1.9905111;0.120715365
-2.0069773;2.3767838;0.42469728
-1.7587451;3.007677;0.5147578
-1.5353163;3.1811416;0.7211813
-1.3411437;2.9511633;0.83632
-1.112954;3.3796806;0.859681
-1.1470039;3.5099945;1.4689949
-0.9176031;2.8079956;1.1751958
-1.32002;1.9276465;1.9370316
-1.368516;2.0296173;2.3465004
-0.929969;2.3361938;2.0897002
-0.20413147;1.518955;1.1217602
0.5491948;0.540164;0.26928318
1.0959965;-0.6678688;0.04042654
1.2615628;-2.253045;-0.13328376
1.105344;-2.858686;0.852748
0.77099395;-2.8244488;2.5665734
0.45429516;-2.815809;3.0907588
0.21031113;-2.8932722;3.166357
-0.08663391;-3.2739928;2.6830857
-0.34688434;-3.8348193;1.2089684
-0.19900252;-3.3756678;0.7046748
0.17404993;-3.1411593;0.0074898144
0.9607243;-4.462537;-0.8502582
1.5037357;-5.063389;-0.80520654
1.2998636;-3.0570831;-1.1691653
0.83989084;-0.8752319;-1.9290822
0.80941266;-1.0736231;-1.9995158
0.51784265;-2.3622189;-2.3683627
0.4314616;-3.271611;-3.2321901
0.8764193;-2.8251011;-3.8935645
0.91988546;-2.2710185;-4.109383
0.46090835;-3.0840023;-3.8101625
0.31403917;-3.860952;-2.9676614
0.44341883;-3.2575114;-2.1389728
0.58286005;-2.5466342;-1.3471158
0.6116006;-1.4748074;-0.35425508
0.32365546;-0.10797087;0.80253345
-0.14107564;0.4964358;1.5029643
-0.38317302;1.0033987;1.7711214
-0.4690384;1.6378752;1.7387722
-0.66194946;1.9556127;1.8691427
-0.9029971;2.1100955;2.0359392
-1.0591164;2.4596584;2.0537512
-0.84729314;1.9677268;1.6430011
-0.6778345;1.5741814;1.3144008
-0.7414864;2.2320013;1.1702707
-1.269123;5.410601;3.4705915
-1.4631926;3.450356;2.9639733
-1.602976;1.8384097;2.2086785
-1.2792557;1.2832278;1.5356928
-0.83746713;1.2765822;0.8973043
-0.59731746;1.1618907;0.25534344
-0.58293205;0.8670126;-0.20822525
-0.64095503;0.9467351;-0.0853302
-0.8338578;1.357388;0.26923585
-0.97177374;1.5765355;0.27163866
-0.9532002;1.4299784;0.036060937
-0.8141227;0.9939827;-0.18990125
-0.4895794;0.47331116;-0.601921
-0.27838227;-0.26510108;-0.9815368
-0.35864332;-0.73395586;-1.2383544
-0.58378965;-0.7777897;-1.2313086
-0.6717192;-0.03473175;-1.1819218
-0.46862537;1.2972146;-0.94866246
-0.13583781;2.4346466;-0.03705498
0.16007976;2.6602173;0.24848102
0.117907554;2.0781739;-0.07934019
-0.1533302;1.0937891;-0.68847215
-0.27891415;0.45628127;-1.3726528
-0.11219383;0.25877503;-1.9731221
0.103994936;-0.10860498;-1.9378728
0.38163346;-0.536884;-1.5659232
0.60218173;-0.6795072;-1.1246135
0.5872142;-0.33423075;-0.49031585
0.3572713;0.2763654;-0.073502675
-0.18762045;0.76484233;0.14744785
-0.8461901;0.5868738;-0.060166713
-1.205077;0.025749085;-0.22625837
-0.86718667;-0.49502572;-0.5278817
0.26562566;-0.78039557;-0.86605537
1.5582037;-0.75244147;-0.7490943
2.2000785;-0.8644532;-0.26177543
1.8862348;-1.0259376;0.20932966
1.1281284;-0.84887505;0.10183872
0.73013943;-0.3291;-0.09977902
0.91741234;0.14296998;-0.24857321
1.1526799;-0.09812402;-0.89885855
1.1846439;-0.7253742;-1.5550244
1.1219338;-1.1927993;-2.1088634
1.1866096;-1.2167395;-2.3245907
1.2805377;-1.2233917;-2.1776412
1.0509926;-1.4896507;-2.1958728
0.7064191;-1.6057831;-2.4365323
0.5838853;-1.745564;-2.3992257
0.52648324;-1.9902012;-2.1029744
0.3571241;-2.260911;-1.7761295
-0.022113232;-2.8866584;-1.6068411
-0.5231593;-3.822022;-1.3542229
-1.1079806;-4.6373053;-0.6677533
-1.3115065;-5.0723443;0.08610987
-1.1449816;-5.401625;0.4746496
-0.7417177;-5.5150504;0.57688767
-0.6182643;-5.19329;0.3734608
-0.77797323;-4.9483824;-0.33876798
-1.0725739;-5.4774556;-0.48351437
-1.5338404;-6.1694646;-0.0059521277
-1.8887911;-6.335572;-0.30710545
-1.9125954;-7.130957;-0.77966875
-1.6160138;-8.517266;0.08993688
-1.114686;-8.863812;2.243434
-0.96206135;-7.5160503;4.095528
-1.2508991;-4.5753403;4.0670476
-1.0585318;-1.4102721;3.5880132
-0.2546379;1.0217823;2.7360356
0.6447272;3.067426;1.3013284
1.2454692;4.5976906;0.34418774
1.2760628;5.2156525;0.8034752
0.4536628;4.935022;1.8834051
-0.99644476;4.3792677;2.5504742
-2.4362183;3.215914;3.3810043
-3.2958496;1.8602313;3.1048033
-3.0960548;1.4631851;2.3088427
-2.0237188;1.689298;1.4470742
-0.80647504;2.1326885;0.75140935
0.27982;2.9874008;0.041752487
0.8722935;3.8211706;-0.850973
0.7993973;4.2131863;-0.8620284
0.005142834;3.579924;0.6853773
-1.4958857;1.8358144;2.1358018
-3.0185835;0.30302647;3.2773914
-4.0898666;-0.23570383;3.896913
-4.3406434;0.76768696;4.3550305
-3.5162647;2.3610246;4.1527743
-1.3942618;2.5169446;2.4097195
0.9033405;1.4854307;0.18402563
2.3132975;0.59771955;-1.4152795
2.585013;0.26567566;-2.6509736
2.0805104;0.015665526;-3.6207788
1.4425333;-0.35934258;-3.718498
1.1196517;-0.40934905;-3.1810484
1.1050963;-0.014979251;-2.4542139
1.1403271;0.4911416;-1.7727461
1.0903866;1.1022882;-1.3931968
0.9754343;1.5974556;-0.6395575
0.9397224;1.695152;-0.27727097
1.058028;1.254559;-0.76556677
1.1151724;0.27239728;-1.0687034
0.9843254;-0.29145718;-1.6299627
0.8358978;-0.56754076;-1.0539702
0.5984058;-0.4821576;0.77557385
0.5474746;-0.10760108;0.6360841
0.6286047;-0.14545585;-0.27550775
0.33413374;-0.4382397;-1.3391562
-0.2217555;-0.7724668;-2.7916374
-0.6274044;-1.4929734;-3.517685
-0.74879855;-2.1631286;-3.1008668
-0.4427888;-2.486753;-1.7072558
0.11920644;-2.6706524;-0.43689844
0.35005265;-2.967772;-0.47608125
0.042542126;-2.9179676;-1.1144588
-0.6409663;-2.634374;-1.0353171
-0.98152304;-2.4449992;-0.44153485
-0.99771845;-2.3809993;0.47020963
-0.83254975;-2.4047995;1.8652302
-0.4254148;-2.4738395;3.1953092
-0.077831835;-2.3478217;3.8281224
-0.04976547;-1.6657573;3.5812478
-0.90543735;-0.5513559;3.2712483
-1.8930999;0.5214153;3.0544987
-2.13323;0.9671322;3.243599
-1.9003339;1.0987058;2.113629
-1.8952671;2.1164646;0.2846533
-1.8099637;2.6119218;0.32772264
-1.322971;2.0520375;0.78092813
-0.5896268;2.238505;0.9934925
0.48767358;2.862679;1.6635439
1.8401389;2.6245182;2.049585
2.640861;1.2464895;2.320918
2.6455014;0.3440666;1.6442345
2.3617136;-0.4903717;0.27163762
2.3471835;-1.1547973;-0.7951899
2.569153;-1.2925879;-1.617402
2.940088;-1.2465703;-2.0814216
3.338008;-1.1972562;-2.3838873
3.480172;-1.326555;-2.8508599
3.2716374;-1.542494;-2.9494379
2.6626225;-1.0402452;-3.1470504
2.095723;-0.025946163;-2.9363902
1.609391;0.98549306;-2.7459872
1.3250127;1.9758945;-2.5717897
1.2381352;2.5057156;-2.3277442
1.1936332;2.5795724;-1.9996954
1.1392815;2.691783;-1.8028814
1.0208002;2.6096764;-1.6704301
0.90570265;2.172116;-1.2519691
0.7745621;1.9970679;-0.90782523
0.6321497;2.0585918;-0.9903227
0.56665725;1.9999985;-0.7391332
0.4142633;1.6734363;-0.524119
0.22516066;1.2465615;-0.53570145
0.16450351;0.8706867;-0.2504362
0.08316532;0.76842433;0.32230732
0.066532254;0.6147395;0.25784585
0.053225804;0.4917916;0.20627667
-0.029294357;0.9043708;0.39314634
0.575002;2.534434;1.4004545
0.7787516;2.1519613;1.2453637
0.8292513;1.5147332;0.9775409
0.65402603;0.73717713;0.68203276
0.40134582;0.3256792;0.46437618
0.23357666;0.04726212;0.21993846
0.35873634;-0.22625281;0.20407577
0.57761407;-0.18100224;0.36169812
0.65584123;0.031760707;0.3987335
0.727798;0.25665855;0.6502368
0.7041134;0.2420456;0.7701894
0.6414157;0.028792731;0.9130266
0.6256326;0.13006544;1.1022962
0.5880061;0.42045859;1.006837
0.56415486;0.6254294;0.8148446
0.65132385;0.5327654;0.5893757
0.7773091;0.064102925;0.28087553
0.8468473;-0.40965515;0.09970043
0.92747784;-0.5160054;-0.26086465
0.9451073;-0.83546054;-0.46806672
0.7654608;-1.1339934;-0.2869534
0.54674363;-1.2337573;0.026687296
0.32801992;-1.1541933;0.17447484
0.11241593;-0.79210466;0.39270487
-0.15694225;-0.24930872;0.3329139
-0.4193038;0.20211554;-0.42429388
-0.76356804;0.18981743;-0.9238101
-1.0139794;-0.099708565;-0.49217308
-0.9049336;-0.53757936;0.28126153
-0.61144686;-0.78318846;0.61250925
-0.48915747;-0.6265508;0.49000737
-0.16320097;-0.48561564;0.5107559
0.09756422;-0.18693;0.29297972
0.23117638;-0.093294;-0.024991222
0.3130661;-0.2449477;-0.257493
0.6410779;-0.35377067;-0.5372444
1.1753623;-0.387704;-0.27667052
1.4277898;-0.35391322;0.028663596
1.2172319;-0.4175056;0.094805874
0.9425355;-0.26525447;-0.0491553
0.9852784;0.13779643;0.17942576
0.93197274;0.6727371;0.6060406
0.6080782;1.2585022;0.9567075
0.44271255;1.4583642;1.280991
0.18542004;0.9635664;1.3060428
-0.17041397;0.35991564;0.86670923
-0.3050812;0.036370005;0.4746174
-0.20343994;-0.11309149;0.020318909
0.052873045;-0.1576607;-0.18061987
0.31729844;-0.18237856;-0.0663709
0.48508874;0.007222155;0.13752829
0.488071;0.32765272;0.17252262
0.3654568;0.32149717;0.0911431
0.31736544;0.047822744;0.15416448
0.34764236;0.2304457;0.042081583
0.35936388;0.41404405;-0.11320973
0.3062411;0.045297746;-0.20306778
0.069992885;-0.5856368;-0.5405792
-0.1627557;-1.1356969;-0.66996336
-0.18645455;-1.2710576;-0.4203457
-0.08666364;-0.66997105;-0.26752657
-0.031830914;0.37027317;-0.28902125
-0.25671473;0.96653104;-0.656217
-0.66474676;0.6810373;-0.9718486
-0.9567974;0.01982986;-0.63372886
-0.90606296;-0.15757361;-0.3507331
-0.44985035;0.23956612;-0.2837115
-0.034880284;0.68774664;-0.3238442
0.050220773;0.9541036;-0.56220037
0.021426618;1.0179703;-0.8153853
-0.0766087;0.79172003;-0.7632457
-0.17691197;0.339626;-0.2965341
-0.24152957;0.20685707;0.14089774
-0.16197366;0.36079815;0.2627182
-0.013953926;0.5605135;0.21642455
0.03883686;0.64567643;-0.033110358
0.027944488;0.5798224;0.042261712
-0.04951941;0.38143605;0.39943436
-0.10524053;0.13483635;0.9914225
-0.07169242;-0.45150593;2.033763
0.07702106;-0.45495474;0.6895104
0.32099184;0.31025496;-1.7702667
0.24429348;-0.3572648;-1.2537134
-0.18894021;0.3942663;-0.31547067
-0.6011522;1.640413;-0.08362654
-0.6746717;1.6283461;0.22059877
-0.6178624;1.7698643;0.30460402
-0.6380399;2.2416728;0.18430822
-0.5479319;2.2261508;0.21932156
-0.15397054;1.998108;0.15045725
0.40182355;1.8703614;-0.010884196
0.6027089;1.6384766;-0.052457355
0.3259171;1.3420314;-0.19509089
-0.17364134;1.061125;-0.4341977
-0.62953806;0.69108754;-0.5848582
-0.87550545;0.36849505;-0.73194903
-0.8347794;0.15104602;-0.78087175
-0.6959485;-0.107288174;-0.6684474
-0.6192588;-0.43583053;-0.5378829
-0.63290703;-0.6955394;-0.37718132
-0.5875756;-0.86424404;-0.08612006
-0.5356855;-1.0578015;0.31860396
-0.6347984;-1.1563975;0.49550816
-0.5078387;-0.92511797;0.39640653
-0.40627098;-0.74009436;0.31712523
-0.65939176;-0.9174661;0.30370018
-1.429076;-1.8843635;0.32108516
-1.4745108;-1.8160845;0.80686814
-1.6139836;-1.6559926;1.3048695
-1.8107182;-1.2193254;1.4532706
-1.865762;-0.8660853;1.6282414
-2.1533518;-1.6405245;1.6088432
-2.8939705;-3.2967947;1.4401995
-3.5526764;-4.6405606;1.4709096
-4.1312037;-5.6749487;1.1204777
-4.076838;-6.396209;1.3588822
-3.5333452;-6.104467;1.3871057
-2.5516763;-4.7960734;1.3284346
-1.416341;-3.324359;1.2877476
-0.5393228;-2.1657372;0.8489481
-0.12677073;-1.7450897;0.20415851
-0.1592291;-1.9210718;-0.099173196
-0.43363327;-1.8118575;-0.37933856
-0.5219066;-0.94323593;-0.65972084
-0.1612753;-0.11708874;-0.6121517
0.36629227;0.206329;-0.49597135
0.6977213;0.3025632;-0.33115208
0.78630203;0.38580057;-0.26804665
0.63841665;0.20864046;-0.26131234
0.3622958;-0.14558764;-0.20279986
0.03202415;-0.28522012;-0.17473988
-0.19313069;0.034323912;-0.16791691
-0.24044204;0.65245914;-0.16558354
-0.050166138;1.2719673;-0.11996682
0.2520546;1.7113239;-0.14597346
0.45633116;1.9378091;-0.20740376
0.53537744;2.0189972;-0.17842302
0.45173946;1.9714478;-0.1396134
0.27232906;1.8302833;-0.13044073
0.16005075;1.6579766;0.042522416
0.0592906;1.4826313;0.14339294
-0.10100502;1.25173;-0.09153565
-0.16205402;1.145134;0.08302148
-0.0046432135;1.1348572;0.28204218
0.07128543;1.2266358;-0.049366254
-0.08828416;1.1219336;0.604257
-0.22218983;1.5350469;1.3896556
-0.17306437;1.7999126;1.0679744
0.019361012;0.91180503;0.70437956
0.07955131;-0.11430599;0.36350366
0.0058285478;-0.5820698;-0.0091970675
-0.023462161;-0.66253084;-0.33860764
0.05779277;-0.5206497;-0.52713615
0.16654672;-0.31651974;-0.6123339
0.23323737;-0.14696579;-0.5617421
0.2319024;0.02305237;-0.4837687
0.18239692;0.071566895;-0.41201496
0.09435503;0.11662852;-0.23273696
-0.005765972;0.17455281;-0.09243957
-0.023362778;0.22714224;0.08854834
-0.020252721;0.3973388;0.22083868
-0.019327177;0.65537107;0.27667093
-0.018586742;0.8992968;0.16508675
0.042943105;1.0131874;0.1070694
0.062479485;0.8027375;0.11690552
0.020296087;0.532815;0.06852442
0.05373687;0.30281448;-0.07643047
0.172677;-0.08587342;-0.067394376
0.2647041;-0.44057372;-0.0164155
0.3742633;-0.611834;-0.031882398
0.4165981;-0.6394672;0.024494082
0.3770285;-0.55844873;0.038345266
0.26959154;-0.387384;-0.019323789
0.08129824;-0.2130322;-0.052959032
-0.13418016;-0.01730076;-0.067367226
-0.24640663;0.123659395;-0.122643776
-0.2658753;0.25205252;-0.24811502
-0.20176274;0.23914202;-0.23286702
-0.041097693;0.06943861;-0.0019186152
0.038215596;-0.1694491;-0.0077848923
-0.020208774;-0.2699343;-0.17810291
-0.07397952;-0.28782243;-0.19248234
-0.057621114;-0.29275796;-0.100860864
0.027340608;-0.27483135;-0.024438692
0.18202874;-0.22924009;-0.0070509533
0.30421674;-0.19276707;-0.04314076
0.3121234;-0.13546365;-0.018887611
0.27079245;-0.12399592;0.031764913
0.22054023;-0.16482174;0.11291193
0.16158843;-0.1787324;0.009079544
0.08473949;-0.11798591;-0.042736366
0.008416593;-0.04126373;-0.05606409
-0.037016727;-0.023635983;-0.12922627
-0.05461338;-0.031408787;-0.15025602
-0.053065706;-0.03137703;-0.010829815
-0.008077564;0.006148376;0.0069611478
0.008381699;0.054918703;-0.06318108
-0.03313839;0.04705996;-0.06929486
-0.07416696;0.056397967;-0.027310893
-0.06558357;0.06699338;0.0031512862
-0.011841856;0.0473447;0.005646029
0.0053702653;0.02850076;-0.045483176
0.041014962;-0.005324392;-0.064511545
-0.0015630303;-0.10113452;-0.064109236
-0.041875426;-0.23715761;-0.09191239
-0.06787534;-0.2959761;-0.15790491
-0.06211277;-0.23053087;-0.16069892
-0.0012527172;-0.1875497;-0.06605914
0.038841575;-0.09066476;2.7768646E-4
0.031073261;-0.072531804;2.2214917E-4
0.024858609;-0.058025446;1.7771934E-4
0.012074387;0.09420464;0.028267175
-0.01455924;0.3034887;0.12261374
-0.023366142;0.21466598;0.07309099
-0.013224164;0.12173278;-0.010277206
-0.027766831;0.028636223;-0.011346765
-0.051119715;-0.03959102;0.015922587
-0.013552022;-0.050422817;0.0064880704
0.015720883;-0.112213254;-0.038559545
-0.042892043;-0.124145605;-0.10272264
-0.059313636;-0.06494148;-0.05092811
-0.04588841;-0.058203187;-0.090742484
-0.057023227;-0.012187549;-0.125719
-0.0057748314;-0.0035000392;-0.022450192
0.08522388;-0.06842503;0.06328984
0.10880411;-0.060990024;0.031881876
0.062043287;-0.08629202;-0.0963695
-0.03474037;-0.17840862;-0.1364706
-0.1121673;-0.19897689;-0.06855148
-0.16082759;-0.10605651;-0.020466182
-0.111474566;0.018279789;-0.025747946
-0.052460905;0.12712383;-0.03309836
-0.026343726;0.21419907;0.098521315
-0.01169998;0.24323425;0.19756705
0.044546265;0.2039624;0.10492864
0.021574512;0.08816992;-0.016057087
0.01179086;-0.070089065;-0.09097067
-0.036661062;-0.09357125;-0.17590153
-0.016047599;0.050143;-0.025096228
0.14653692;0.0901144;0.16429801
0.2508233;0.10646652;0.097063415
0.23347113;0.07579821;0.03702573
0.1258394;-0.070611425;0.0014955847
-8.909774E-4;-0.20961414;-0.11755353
-0.020244032;-0.3051913;-0.15966782
0.020523524;-0.37227806;-0.05273426
0.13282508;-0.34157243;0.05781259
0.2289163;-0.17950796;0.13375007
0.23860179;0.05639364;0.12575006
0.09713144;0.23573992;0.10685005
-0.06604485;0.36671692;0.12610504
-0.15752338;0.38399854;0.14463402
-0.14554995;0.36032385;0.11258222
-0.072689965;0.39450908;0.083815776
0.02856678;0.32810727;0.08892763
0.06894717;0.16248581;0.0336421
0.0067202384;-0.0043863575;-0.019961322
-0.05790506;-0.13163409;-0.034719057
-0.0861678;-0.19905727;-0.049650244
-0.05409049;-0.18112081;-0.039720196
0.01063386;-0.10114665;-0.022401158
0.056163337;-0.0059173214;-0.046045925
0.031649422;0.023391142;-0.02121174
0.0042257863;0.040587913;0.014280608
-0.009900621;0.019970331;0.005174486
-0.021201747;-0.052773736;-0.020860411
-0.036492646;-0.09221899;-0.02293833
0.016899632;-0.08002519;0.009774337
0.06351971;-0.05464515;-0.020305531
0.081284516;-0.06559112;-0.019369425
0.07284011;-0.0680979;-0.01237054
0.05045959;-0.06697832;-0.009896432
0.023180172;-0.09733266;0.013957854
-0.008018363;-0.07786612;0.008041284
-0.01578969;-0.0060428986;-0.009191973
0.011586998;0.038915683;0.03327142
0.053800847;0.096757546;0.051617138
0.05788443;0.18053104;0.07879371
0.031463794;0.15067483;0.06615997
-0.045922715;0.12991486;0.056052975
-0.06720692;0.15080689;0.06046738
-0.059234288;0.13002051;0.045248903
-0.04191868;0.06651641;0.033074122
-0.035878696;0.056338128;0.0452093
-0.026359206;0.045070503;0.023667438
-0.040618613;0.048556402;-0.02794105
-0.09186989;0.06072012;-0.02547784
-0.16880842;0.070451096;-0.04225727
-0.20223422;0.07198588;-0.05568082
-0.13288113;0.041963704;-0.028919654
-0.054742407;-0.010179038;-0.035635725
-0.021137675;-0.05501823;-0.081633575
-0.041128892;-0.056514584;-0.065306865
-0.060246862;-0.04521167;-0.00849549
-0.05600999;-0.026794335;0.005703608
-0.04246424;-0.005810467;0.029562887
-0.036315143;0.035976626;0.07990031
0.011572885;0.044406302;0.045170248
0.014727058;-0.03634996;-0.026363803
-0.039780855;-0.11032997;-0.09609104
-0.07948093;-0.12576397;-0.08624783
-0.0940535;-0.14436118;-0.022123266
-0.039305296;-0.14361395;-0.023948614
-0.035350487;-0.08676615;-0.03165889
-0.03921789;-0.028787924;-0.03470211
-0.024343062;-0.013655339;-0.0090116905
-0.0327557;-0.007799271;-0.041584354
-0.01839206;0.021885583;-0.027017482
-0.006901148;0.0050084665;0.022136014
-0.030520918;0.06025677;0.014583812
-0.018947985;0.13570541;0.01791705
-0.008908387;0.08356433;0.02995864
0.01396704;0.026226468;-0.02915809
-0.012263868;-0.019643826;-0.023326471
-0.019186094;-0.059465062;0.012588823
0.017463624;-0.06944705;0.013196059
0.027252149;-0.02743264;-0.023818154
0.01789547;0.04055389;0.0028204776
0.027597625;0.07931811;0.017881382
0.04473435;0.04157949;0.014305105
0.00922498;-0.03236141;-0.091680914
-4.3251563E-4;-0.085264124;-0.092094734
0.0035602376;-0.1369613;-0.011175786
0.00675444;-0.11269404;0.022309372
-0.011783948;-0.021405233;-0.007152503
-0.04223966;0.023500813;-0.024472002
-0.069729224;0.03130065;-0.019577602
-0.05109588;-0.015584479;-0.015662082
-0.003376705;-0.068717584;-2.966522E-5
0.046517387;-0.06747407;-0.046898734
0.027838908;-0.022729253;-0.059393987
0.026177377;0.022441598;-0.03501519
-0.01890185;0.06482828;-0.02801215
-2.7772872E-4;0.08936262;0.06509028
0.114621565;0.049615096;0.12707223
0.144041;-0.022807922;0.06415778
0.090232804;-0.049496338;-0.03304878
-0.0028137576;-0.03959707;-0.03581402
-0.056157257;-0.034802657;-0.06615122
-0.006644555;-0.027842125;-0.021670973
0.09624685;-0.0597737;0.013913221
0.18637249;-0.01969396;-0.060744423
0.164723;-0.037630167;-0.0017205386
0.11068464;-0.13322914;-0.0013764309
0.08620396;-0.13783331;0.011398856
0.13458817;-0.09464165;0.09349409
0.13423304;0.0024116833;0.077920265
0.123011425;0.108179346;0.059211213
0.11325289;0.13029347;0.06611897
0.12107106;-0.045765217;0.056020178
0.096856855;-0.036612175;0.04481614
0.06654798;-0.26366475;0.11085291
-0.052230366;-0.28280678;0.01993233
-0.16287804;-0.076245435;-0.16217914
-0.20061493;0.101503655;-0.2797433
-0.1300232;0.07807792;0.11370535
0.2233252;-0.12816267;0.30033928
0.46616015;-0.37440512;0.18402143
0.34636563;-0.1745241;0.17846714
0.13881125;-0.008369283;0.067773715
0.14933024;-0.2629454;0.80421895
0.13899545;-0.007231341;1.0558752
0.33463386;0.5442149;0.6634501
-0.03463666;0.79787195;-0.14423989
-1.0870843;0.80392253;-0.3966419
-1.70248;0.40563804;-0.04856353
-1.4291714;0.13388543;-0.082600825
-0.47458717;-0.46476665;-0.33483067
-0.49060723;-0.49681333;-0.6897395
-0.3924858;-0.39745066;-0.5517916
-0.31398863;-0.31796053;-0.4414333
-2.1433785;3.1229753;1.4499784
1.3852973;-5.4414635;-1.9337673
0.36605033;-1.7844208;-1.8063889
-0.67122227;0.71621335;0.19863892
-0.5322903;1.0917207;1.2432861
0.36791778;0.22650155;1.0446289
0.7771467;-1.1000488;0.72945315
0.45296738;-1.670664;0.43356252
0.054561395;-1.3927813;0.4156
-0.039163385;-0.77672493;0.56998
0.10460679;0.05049503;0.812234
0.32743543;0.69664603;0.9935372
0.49163586;0.7541918;1.0448297
0.45658994;0.35960346;0.8921138
0.33870944;-0.17169224;0.55744106
0.31237382;-0.7529788;0.27720284
0.29833654;-1.096133;-0.05948773
0.28085673;-0.8644064;-0.32259017
0.47702914;-0.36027515;-0.54557216
0.9046702;0.01802989;-0.8489577
1.602447;-0.1730761;-0.8916662
2.1473873;-0.83846086;-0.8914579
2.206191;-1.2145187;-0.89754134
1.8493279;-1.577865;-0.9117831
1.1771185;-1.649792;-0.56380147
0.7362261;-0.8823336;0.13958383
0.5858559;0.18788314;0.34916705
0.6179035;0.7565565;0.21058366
0.70682275;0.6489952;0.08096692
0.667802;0.31294617;-0.11647646
0.56861657;0.38785693;-0.28380617
0.39083076;0.73841053;-0.39266995
0.24000835;1.2376034;-0.32976094
0.15919419;1.9213327;-0.37630877
0.2609491;2.5308163;-0.601047
0.5962593;2.899653;-0.9558376
1.0566949;2.8962848;-1.3459201
1.385981;2.3248403;-1.4517361
1.5103472;1.7223723;-1.4301388
1.5270278;1.3153979;-1.5597361
1.2497473;0.5445058;-1.2852888
0.7654228;0.14029212;-0.7063561
0.45296323;0.4450462;-0.41508487
0.3436206;0.58259946;-0.3664429
0.15927146;0.45201707;-0.25877932
0.008667176;0.66630113;-0.19764845
0.07880874;0.94710344;-0.026868764
0.150547;0.8951827;0.27225497
0.036062595;0.9083337;0.205304
-0.13677493;0.7626045;0.13299319
-0.35160744;0.28195855;-0.14048044
-0.81878597;-0.28537065;-0.19363436
-0.48002875;-0.66423404;0.12946752
-0.09808551;-1.0579497;0.21294901
0.1512191;-1.1401098;0.1453592
0.52253777;-0.73396283;0.47253737
0.5336552;-0.48092026;0.7374049
0.31129918;-0.4597362;0.4524239
0.03341434;-0.836539;-0.23181087
-0.21858102;-1.5098562;-0.8604487
-0.32798982;-1.92976;-0.91960895
-0.18270436;-1.9156829;-0.60131216
0.11321151;-1.5700463;-0.16542473
0.58431923;-0.8497871;0.21141021
0.97058034;-0.09545467;0.52537817
0.8170893;0.26426128;0.8296775
0.20992143;0.22078401;0.86061704
-0.31956285;-0.09212279;0.5509936
-0.4525253;-0.37369823;0.1907949
-0.22452022;-0.36458358;-0.07861408
0.07350882;-0.16354187;-0.12226626
0.24318206;-0.09958349;-0.225938
0.40079564;0.054708205;-0.3526254
0.48938653;0.25626656;-0.40710032
0.37275922;0.26438826;-0.29443026
0.38258237;0.2833856;-0.1730442
0.4498159;0.5579585;-0.113435365
0.4629777;1.0932418;0.10300171
0.41100717;1.541781;0.14177637
0.30693075;1.3099872;-0.014703908
0.2174196;0.5417398;-0.068013124
0.30518568;-0.19160816;-0.1512855
0.46289855;-0.7282865;-0.3616534
0.46719384;-0.9638792;-0.38619772
0.32688007;-0.96797836;-0.23395817
0.17712905;-0.8025077;0.14720845
0.17295325;-0.27013117;0.34589177
0.1602376;0.34014508;0.41421342
-0.087434925;0.48149106;0.39699572
-0.32619795;0.32894284;0.15197158
-0.25470835;0.28502926;-0.09404773
-0.03189168;0.35927343;-0.3314882
0.10573666;0.29054374;-0.25894055
0.15958932;0.344935;-0.08527744
0.09642146;0.36032298;0.16615304
-0.18536283;0.1570084;0.31729743
-0.37641525;-0.011893285;0.29133794
-0.3948822;-0.14701463;0.30807036
-0.28153077;-0.2019867;0.41520628
-0.009599617;-0.23971437;0.30404004
0.2641953;-0.3230215;0.18073203
0.34573126;-0.27091718;0.01958562
0.151585;-0.16048375;-0.09058151
-0.116232;0.0028629971;-0.025590204
-0.0929856;0.0022903979;-0.020472163
-0.07438848;0.0018323183;-0.01637773
-0.16888578;0.11084086;0.10564782
-0.056983627;-0.14882731;0.39389324
-0.1518369;0.04656315;0.3776146
-0.27771953;0.2935005;0.22396669
-0.3096756;0.28167543;0.054173347
-0.2227405;0.06596533;-0.06603632
-0.0938174;-0.06597774;0.003420941
-0.075053915;-0.05590719;0.11523675
-0.17879313;-0.06972575;0.2140644
-0.3649095;0.0535944;0.30875152
-0.5044276;0.19912551;0.2563762
-0.6316671;0.21555042;0.23635097
-0.70845866;0.25056532;0.21095578
-0.79957944;0.27545226;0.30313963
-0.7521635;0.18598682;0.4206367
-0.50173086;0.15816446;0.37400937
-0.029509671;0.22028156;-0.06329251
0.23107976;0.20122525;-0.03813401
-0.06513619;-0.0671448;0.10699279
-0.530234;-0.45371583;0.10121924
-0.78199965;-0.6317227;-0.028399613
-0.8849747;-0.55850315;-0.09771969
-0.8751673;-0.4280525;-0.06255075
-0.67044634;-0.286192;0.115584396
-0.33010706;-0.3539536;0.16746752
-0.07033565;-0.4550379;-0.047275987
-0.11095602;-0.5640303;-0.34719577
-0.5168898;-0.70122427;-0.67150664
-0.86507434;-0.7641044;-0.8965803
-0.93737197;-0.5612835;-0.82976425
-0.7608351;-0.18965182;-0.6106864
-0.5899181;0.15140355;-0.3791741
-0.43755946;0.20237283;0.0122857075
-0.22895381;-0.11935173;0.10982857
-0.10660055;-0.77360636;-0.29026213
-0.15246794;-1.3845102;-0.6259597
-0.21025561;-1.7638581;-0.9570178
-0.19867323;-1.6860864;-1.3343642
-0.086282335;-0.94886917;-1.1409289
-0.07683837;0.25340465;-1.0049306
-0.1817832;1.3964738;-0.8695695
-0.31573907;1.870304;-0.5315931
-0.39243498;1.6118681;-0.23308697
-0.43269798;0.59261954;-0.14271957
-0.46881464;-0.80715436;-0.31261316
-0.5184111;-1.8300985;-0.29852802
-0.5373851;-2.214079;0.04867758
-0.5219003;-1.583763;0.16706707
-0.39447334;-0.27951044;-0.15072136
-0.24663337;0.87326664;-0.50182706
-0.13050982;1.2736133;-0.16396166
-0.123548485;1.2095157;0.39070567
-0.20587003;1.1738626;0.82506454
-0.09575072;1.085965;1.1069267
0.18570411;0.42814702;1.5542912
0.1907508;-0.8481074;1.584058
-0.32044625;-2.581611;1.0766214
-0.78291947;-4.515289;0.41129714
-1.1200856;-5.374731;-0.17721228
-1.0937247;-4.6747847;-0.12301983
-0.728886;-3.0085778;0.23908414
-0.007132262;-1.1193622;0.76001734
0.75269264;0.39201018;1.0173888
1.2029353;1.2323581;0.95141107
1.2154733;1.5296365;0.62050384
0.9090974;1.4987092;0.12765309
0.76555914;1.6802174;-0.13850252
0.12572858;1.0629239;-0.37955204
-0.18418276;0.7753391;-0.3786416
-0.16297121;0.6015213;-0.2216633
-0.26416603;0.48746705;-0.055455636
-0.3359422;0.6149736;-0.003739508
-0.38926157;0.7482289;0.22825839
-0.43206355;0.9423331;0.61385673
-0.4471157;1.1007415;0.8098354
-0.436257;1.0212182;0.7384933
-0.45047045;0.78884953;0.46579465
-0.45607948;0.6029546;0.2882607
-0.47404328;0.5979887;0.17748357
-0.58392215;0.725266;0.051361855
-0.6245596;0.9614628;-0.027660517
-0.55277264;1.1441702;-0.025253413
-0.4078431;1.1684612;-0.07332773
-0.25361824;1.134769;-0.13678719
-0.17047273;1.1328151;-0.17505474
-0.13637818;0.90625215;-0.1400438
-0.14933692;0.9000017;-0.15578504
-0.19212578;0.86375135;-0.27775303
-0.17870063;0.7472511;-0.23782742
-0.228898;0.47280088;-0.05276194
-0.5378059;-0.3030093;0.49841544
-0.77399474;-1.5799074;1.3393574
-0.83794576;-3.054551;2.0214858
-1.0359817;-4.0748906;1.9796888
-1.1162853;-2.9724126;0.746251
-0.6414657;-0.05293009;-0.6529992
0.20010866;2.079531;-0.95677435
0.89993066;2.5698748;-0.8341695
1.1332258;2.0152748;-0.5735856
0.90072125;1.2715949;-0.45886847
0.36042076;0.81415087;-0.43584478
0.13560224;0.8731957;-0.33617583
0.46238804;0.9579316;0.037309337
0.96159136;0.55697024;0.60797244
1.2709515;-0.1825488;0.89262795
1.1468394;-0.61166406;0.5766024
0.66669023;-0.53308123;0.1269069
0.21362562;-0.376465;-0.014099477
-0.106638566;-0.319922;-0.23627958
-0.33804524;-0.19343759;-0.35152367
-0.45442057;-0.054750074;-0.35309392
-0.5568958;0.02807494;-0.39185014
-0.6502042;0.025584953;-0.32598013
-0.7154758;0.020467963;-0.24828409
-0.7239432;0.08199937;-0.19237727
-0.699467;0.1937245;-0.09765182
-0.61347985;0.3393546;-0.018746456
-0.52125263;0.38398367;-0.030622164
-0.4935646;0.26343694;-0.17762274
-0.4120392;-0.045500446;-0.2514732
-0.24838136;-0.27390036;-0.013678548
-0.12917383;-0.13474528;0.04843216
-0.050995316;0.15470377;-0.07375427
-0.008765004;0.33313802;-0.06837842
8.004967E-4;0.18838541;-0.10157774
0.012359147;-0.12741667;-0.07813719
0.038793568;-0.27693334;0.012490251
0.08415985;-0.23717166;0.0287422
0.105609134;-0.014737334;0.15736876
0.13058105;0.18508513;0.28527
0.1411836;0.1918181;0.14384101
0.081696875;-0.08092052;-0.016177194
-0.004954999;-0.28973642;0.071433246
-0.06568275;-0.10366413;0.3852716
-0.1056712;0.5108187;0.50509226
-0.09234946;1.108655;0.42282382
0.08315168;1.5650489;0.59450907
0.27902135;1.8801641;0.76310724
0.45681083;1.8072563;0.6292358
0.59318304;1.5254925;0.6346386
0.74642146;0.67195654;0.5577109
0.6815121;-0.63430977;0.089918725
0.40145972;-1.6168228;-0.39369002
0.09148027;-2.0403333;-0.768077
-0.12564391;-1.9228916;-0.7925866
-0.26535887;-1.3289382;-0.4559443
-0.38494334;-0.51627564;-0.10850543
-0.4860797;0.1713545;0.26319566
-0.47636375;0.6933336;0.5230565
-0.287341;0.89216685;0.17469522
-0.057997797;0.5731085;-0.20086883
