0.3310279;0.6313041;-0.58404905
0.33982232;0.54410577;-0.5734892
0.27342033;0.4368471;-0.46504137
0.17303315;0.31979018;-0.3032831
0.075145274;0.20895714;-0.08637648
0.031209968;0.051540714;0.062148817
0.02145235;-0.14470492;0.10596906
-0.023072496;-0.32045144;0.059775244
-0.108301744;-0.38448617;-0.020929806
-0.10617264;-0.3560264;0.14575616
-0.10368812;-0.38169613;0.32285494
-0.17670049;-0.5678569;0.20828395
-0.1991729;-0.65428555;0.029127153
-0.103869565;-0.50780344;-0.026698278
-0.05965815;-0.29530525;0.016141377
-0.0024140223;-0.2143692;-0.0620869
0.0097875325;-0.24024536;-0.08716952
-0.082013726;-0.24063379;-0.12598561
-0.18826723;-0.18313202;-0.10078849
-0.15452003;-0.123068124;-0.10563079
-0.09705353;-0.050016996;-0.19075464
0.016888428;0.030298904;-0.19010371
0.12601075;0.077364124;-0.16458297
0.14690234;0.1056413;-0.16291638
0.06752188;0.14232554;-0.1303331
0.0258925;0.22792293;-0.09176648
0.014464;0.26515085;-0.023413183
0.028758701;0.26524568;1.9453606E-5
0.03863196;0.22938403;0.07501556
0.011374318;0.16163224;0.16001245
-0.051838044;0.11836828;0.18425997
-0.11803294;0.08688213;0.19740796
-0.1483326;0.061693203;0.107926376
-0.12804107;0.09466706;0.0800911
-0.06962036;0.13198365;0.02657288
-0.0041337907;0.15089943;-0.047491696
0.021692967;0.14259453;-0.08174336
0.0017293739;0.13751313;-0.18414469
-0.011897751;0.116260506;-0.20356575
-0.0017057006;0.049258403;-0.1566026
-0.03417706;-0.040280778;-0.06903208
-0.0999979;-0.14784962;0.019774336
-0.16827957;-0.1870297;0.16581947
-0.18852991;-0.17462376;0.20140557
-0.15238643;-0.09751151;0.21112446
-0.01644039;0.0032407946;0.15639956
0.2509102;0.19009264;0.06261966
0.4686969;0.40832412;-0.049904276
0.6105044;0.5125968;-0.03367342
0.62629414;0.45851493;0.041811265
0.48384783;0.22774944;0.07719901
0.25875795;0.005637055;0.08675921
0.1361079;-0.15799035;0.11315737
-0.011426169;-0.22795479;0.1842759
-0.25445345;-0.33705133;0.3661707
-0.6309065;-0.46495357;0.5304366
-0.9656627;-0.62040037;0.6180993
-1.1740927;-0.6806953;0.4694794
-1.3189616;-0.3914312;0.49433354
-1.4551693;-0.31001997;0.6767168
-1.475073;-0.744891;0.69137347
-1.2706834;-0.78653777;0.57184875
-1.3102967;-0.038605228;0.43872902
-1.2169874;0.54411584;0.3697332
-0.94546485;0.63216764;0.10828657
-0.5344969;1.0932342;-0.63837075
0.059902478;1.1597435;-0.5356966
0.4401095;0.6067011;-0.5223073
0.42708758;-0.008389129;-1.0615958
0.21354507;-0.108273804;-1.5055267
0.098961055;-0.17255655;-1.5919213
0.076043844;-0.18492024;-1.8485371
0.062397577;0.18018882;-1.9475796
0.04523056;0.55040103;-1.5205637
-0.07006555;0.7114146;-1.1070759
0.13613506;0.6746004;-0.9575358
1.143283;0.50530535;-0.90665364
1.9747827;0.3175255;-0.7253229
1.8343183;0.023551665;-0.4708833
1.0461656;-0.47803366;-0.17670666
0.15685436;-1.063677;-0.028865324
-0.29092276;-1.408754;-0.04184226
-0.2764882;-1.2801282;-0.1584738
0.07099693;-0.9053526;-0.18302904
0.4013288;-0.38365707;-0.44017324
0.72496927;0.08994934;-0.47088858
0.989741;0.26883447;-0.3985859
1.1211873;0.10881758;-0.4063687
1.0845964;0.030804064;-0.52197
1.097511;0.07308075;-0.33632597
1.0002745;0.011589601;-0.35968578
0.9095946;0.06708418;-0.4283736
0.90189445;0.13960485;-0.3270739
0.9418281;0.016371375;-0.23665911
0.9925249;-0.3025279;-0.06120229
0.9323012;-0.8920223;0.12916316
0.68021595;-1.4729929;0.07833053
0.4777665;-1.7346443;0.22516443
0.33221322;-1.7533405;0.48638153
0.28295806;-1.5276723;0.63910526
0.36230394;-1.1190128;0.6987842
0.5523432;-0.7702103;0.74340236
0.768437;-0.56616825;0.9197219
0.82724965;-0.6498096;1.0982774
0.6524247;-1.1542227;1.128622
0.18131477;-1.6515031;0.8591476
-0.26822945;-1.5649525;0.5185681
-0.37552106;-0.958212;0.27735448
-0.16213559;-0.06344461;0.14375857
0.034354027;0.8086193;0.005631858
0.58060825;1.4937705;-0.13924451
1.2488616;1.5981413;0.11047939
1.3412768;0.8472631;0.6227585
0.84489644;-0.44406453;0.7857068
-0.07720787;-1.6958766;0.59106547
-0.93442255;-2.2567012;0.06035236
-1.0576943;-2.149111;-0.16421811
-0.6219367;-2.0942888;-0.4032495
-0.17411184;-2.125431;-0.8757246
0.15524177;-2.0753448;-1.2099546
0.24138092;-1.7352759;-1.1992137
0.13997974;-1.3319707;-0.934371
-0.2270787;-1.0155766;-0.7724968
-0.56135046;-0.44371125;-0.67737246
-0.7553304;0.076280996;-0.49814793
-0.81481117;0.3547748;-0.35789335
-0.8069271;0.89006984;-0.4738147
-0.77171355;1.7495558;-0.58217674
-0.6576052;2.3308947;-0.5657414
-0.65264666;2.2959657;-0.2619681
-0.8302716;1.5555226;0.046675503
-1.2158287;0.7194181;0.14046541
-1.8207098;0.31928447;0.25612232
-2.257349;0.19917758;0.27677286
-2.3496292;0.41246706;0.18391828
-1.9500159;0.64872366;0.106509626
-1.0865753;0.9471039;-0.055417296
-0.4848852;1.5576831;-0.18495883
-0.13478315;1.6992716;-0.13234207
-0.08126401;1.2156672;-0.21212366
-0.47438622;0.8350338;-0.39469892
-0.86544645;0.755527;-0.40013415
-0.76110715;0.6731716;-0.39198232
-0.18701074;0.3416623;-0.16983585
0.3832039;-0.22042017;0.11100632
0.27531314;-1.1482111;0.28880507
-0.9359995;-1.9654438;0.42166904
-2.225362;-1.8536052;0.49046025
-2.4959147;-0.7828841;0.4642432
-1.8092318;0.18619272;0.29326954
-0.8692604;0.54270416;0.08149064
-0.3266583;0.69041336;-0.11293249
-0.33007666;0.8179557;-0.23409599
-0.49843633;1.0387396;-0.3404018
-0.6393741;1.2309916;-0.19732143
-0.76462424;1.0816683;0.16089286
-0.6741994;0.39345965;0.5287143
-0.34560952;-0.2883573;0.8073464
0.07663739;-0.67131084;0.9865022
0.2144349;-0.75579864;1.0735767
0.09342293;-0.59213895;0.7807364
0.16536334;-0.27058613;0.2527141
0.53541565;0.13040608;-0.25095373
1.086145;0.46994987;-0.557013
1.3267286;0.4072099;-0.6643604
1.1957579;0.16326791;-0.5689883
0.83004373;0.0056143324;-0.29269063
0.43747252;0.088866465;0.006472484
0.2296655;0.0023431727;0.17080298
0.1946699;-0.05125046;0.2303924
0.29167342;-0.14725037;0.45618892
0.35677624;-0.2896753;0.38995114
0.544796;-0.33174023;0.3713359
0.6858368;-0.19664219;0.33144373
0.70179445;-0.10106375;0.28390497
0.73018557;-0.158976;0.19274898
0.7591484;-0.1646808;0.13544919
0.7229437;-0.12861964;0.04898435
0.67601126;-0.05914571;-0.11081252
0.53065276;-0.07231657;-0.23865002
0.3979597;-0.076603256;-0.37217
0.31836775;-0.017532606;-0.48523602
0.2375067;-0.004651084;-0.49131382
0.10406787;0.024404133;-0.47117606
-0.043308206;0.044523306;-0.38631582
-0.14558406;0.06374364;-0.23092768
-0.23365475;-0.005255084;-0.09724214
-0.3244238;-0.10107907;-0.04341871
-0.43453905;-0.25898826;-0.009734967
-0.48513123;-0.3915656;0.010962026
-0.43497998;-0.4820025;-0.03498038
-0.2870465;-0.476227;-0.0654843
-0.13588719;-0.40910658;-0.077387445
-0.011834753;-0.31791028;-0.055659954
0.045219697;-0.23870322;-0.12265296
0.09867576;-0.18158758;-0.23249736
0.23050311;-0.026520059;-0.1922479
0.39846498;0.08815895;-0.20067331
0.4047095;0.111152165;-0.15116365
0.3534551;0.12017173;-0.089680925
0.30776408;0.16488738;0.028255261
0.22277376;0.1350349;0.05385421
0.1422815;0.12365293;0.071208365
0.13570021;0.18329734;0.116341695
0.13824767;0.17788787;0.10244835
0.14653563;0.107935295;0.028833684
0.090666;0.061348237;-0.023808053
0.0647203;0.017828591;-0.07217144
0.08380749;-0.054487128;-0.107737154
0.086577244;-0.1248397;-0.11118972
0.082543045;-0.14049676;-0.09832678
-0.040996812;-0.13427241;-0.07866142
-0.16404745;-0.12929292;-0.056679137
-0.29998797;-0.09405934;-0.020343311
-0.44155288;-0.075247474;0.0118503515
-0.5173048;-0.08832298;0.018855281
-0.57165635;-0.07690838;-0.006790775
-0.56513757;-0.024026707;-0.06480762
-0.49742255;0.12765363;-0.104971096
-0.31043804;0.2614979;-0.19960187
-0.20928794;0.109198324;-0.3190565
-0.22680534;-0.06889134;-0.4802452
-0.3236318;-0.16761307;-0.6216962
-0.40578043;-0.27471545;-0.60673195
-0.43243682;-0.33852237;-0.45413554
-0.39126197;-0.3551929;-0.34768343
-0.43644708;-0.24977931;-0.26564676
-0.48822016;-0.08107345;-0.1000174
-0.46245113;0.08826624;0.20748608
-0.4418359;0.15498799;0.46911386
-0.48784372;0.3364904;0.7659161
-0.652775;0.6941923;1.0033579
-0.68159497;0.95535386;1.0495613
-0.61715096;1.0424081;1.067774
-0.5343458;1.0745515;0.88546926
-0.40560162;0.9783912;0.6333754
-0.2682313;0.7764629;0.44732532
-0.18021004;0.53054535;0.20161025
-0.07541803;0.33068627;-0.023086803
0.04904057;0.114549026;-0.12784444
0.12048246;-0.12711078;-0.20540056
0.16513596;-0.26418862;-0.22682044
0.16023377;-0.4988509;-0.28770635
0.056312017;-0.5615807;-0.34891507
0.041924614;-0.35863957;-0.32913208
0.1741647;-0.13066167;-0.26018065
0.33308175;-0.09827933;-0.29876953
0.3914654;-0.13174847;-0.35776561
0.3600473;-0.01789877;-0.2987125
0.27553785;0.298181;-0.148345
0.18293029;0.5604198;-0.040550996
0.15571924;0.49521083;0.045684204
0.09020038;0.29929367;0.11779736
0.037785307;0.23318493;0.1567379
0.055228245;0.29592294;0.23789032
0.078557596;0.32111335;0.30281225
0.106596075;0.30376568;0.3297498
0.08840186;0.33988756;0.32629985
0.06447149;0.32816005;0.39228988
0.026577191;0.31877804;0.3794569
0.046261754;0.38314742;0.38794053
0.018259402;0.37839293;0.3697274
-0.032267477;0.20896435;0.23015693
-0.03831398;-0.12657852;-0.059624456
-0.061901186;-0.42626283;-0.26332456
-0.08389595;-0.5597603;-0.37940964
-0.05149176;-0.6634332;-0.48790273
-0.034943406;-0.71512157;-0.54657215
-0.068579726;-0.68772227;-0.60600775
-0.12673879;-0.6064278;-0.6191812
-0.14826602;-0.51639223;-0.59534496
-0.16548783;-0.4412388;-0.554401
-0.17614025;-0.36861604;-0.44664577
-0.2377872;-0.24801783;-0.38231662
-0.27772975;-0.12653926;-0.2777283
-0.2565588;-0.04498141;-0.15343264
-0.21462205;0.010889873;-0.016496107
-0.20919764;0.030586898;0.11492811
-0.17985812;-0.0067804814;0.21381749
-0.21576148;-0.13667439;0.296054
-0.2632342;-0.2562145;0.3712182
-0.25433734;-0.3330966;0.40322456
-0.22846988;-0.29460227;0.40382963
-0.1984009;-0.20755683;0.3168137
-0.058720727;-0.18479547;0.14720097
0.13114841;-0.12908638;-9.892221E-4
0.15179373;0.018605905;-0.11641638
0.11830999;0.14925972;-0.2306331
0.213398;0.25378278;-0.34700647
0.2425934;0.3217762;-0.35573018
0.13782471;0.41992098;-0.26270914
0.02900977;0.4703118;-0.17266732
0.023207817;0.37624943;-0.13813385
0.024816254;0.47912455;-0.104257084
0.010478003;0.45204964;-0.077155665
-0.025992598;0.2803897;-0.058599535
-0.07704408;0.14618677;-0.034379628
-0.099135265;0.079449415;0.0037462984
-0.14180821;-0.011440471;0.052997038
-0.17907158;-0.10602738;0.08302263
-0.22763225;-0.1660719;0.1070431
-0.19773081;-0.26410753;0.11063448
-0.19568464;-0.33316103;0.12600759
-0.16279772;-0.3884038;0.13830607
-0.18023817;-0.52009803;0.17626986
-0.19419053;-0.6410784;0.20351589
-0.23035243;-0.60348773;0.1690627
-0.17803195;-0.5327902;0.12900017
-0.045550555;-0.31998217;0.13132513
0.029184556;-0.07473573;0.08318511
0.12647265;0.17771141;0.08529808
0.21367812;0.37966913;0.024488468
0.21781749;0.6099853;0.053965773
0.243004;0.75673825;-5.773805E-4
0.2819032;0.7147656;-0.028586904
0.25052255;0.7093125;-0.09786952
0.25354305;0.62369996;-0.09079562
0.27783445;0.539585;-0.19138649
0.22226755;0.491043;-0.1687342
0.17156404;0.4084594;-0.15998736
0.11225123;0.34551752;-0.052989885
0.08355098;0.21078901;0.076358095
0.063715786;-0.006368792;0.13921148
0.02909763;-0.14884503;0.15199418
0.08890311;-0.27845103;0.15909535
0.15549748;-0.36963582;0.13977627
0.233773;-0.33945864;0.12432102
0.20889339;-0.36219192;0.14320682
0.08586471;-0.51162857;0.13331546
0.07181677;-0.59680283;0.12540236
0.19807841;-0.73681724;3.218896E-4
0.25846273;-1.0925788;-0.19349249
0.26770768;-1.467813;-0.345419
0.20166615;-1.4742504;-0.3794602
0.16914542;-1.0481503;-0.31294316
0.25719133;-0.38852027;-0.22535452
0.36825308;0.23918377;-0.21778361
0.50710243;0.644472;-0.2054769
0.596307;0.8687026;-0.20813152
0.55048305;0.9605871;-0.14150521
0.36382395;1.0372196;0.03054583
0.18793416;1.0891508;0.14318666
0.15190983;1.0681956;0.19892433
0.25590286;0.9014315;0.26538947
0.2515973;0.62739515;0.22481157
0.16690284;0.33629113;0.12984926
0.13977227;0.09090792;0.08825441
0.25713032;-0.29602367;-0.038771477
0.39945427;-1.0961939;-0.20601718
0.3117509;-1.8425802;-0.37418875
0.11033822;-2.011564;-0.305601
-0.028916923;-1.8155013;-0.2038558
0.004991461;-1.577401;-0.19120964
0.11961817;-1.1494209;-0.1842177
0.13319454;-0.66953665;-0.18174917
0.039368127;-0.14812933;-0.20789933
-0.031005498;0.47524655;-0.11631947
0.0501956;0.8301972;-0.036805574
0.17140648;0.7235328;-0.11069446
0.21368769;0.43195122;-0.12918057
0.11001265;0.15181097;-0.07834446
-0.05573988;-0.09417622;-0.07517556
-0.16334191;-0.38471597;-0.06326545
-0.17754853;-0.5327728;-0.11623736
-0.11547632;-0.5387182;-0.21173988
-0.042381056;-0.43097457;-0.24751692
0.027032655;-0.35102966;-0.25738853
0.096626125;-0.31207374;-0.21216083
0.0960509;-0.287159;-0.072853655
2.782197E-4;-0.5797272;0.054217074
-0.21852742;-0.83253175;-0.03787634
-0.42794693;-0.6410254;-0.10217607
-0.36892006;-0.25032032;-0.12549086
-0.09357354;0.08099374;-0.23476769
0.21264116;0.358545;-0.31906414
0.42636293;0.624336;-0.31150132
0.62390286;0.75571877;-0.25232604
0.7655285;0.80145;-0.24561085
0.8483603;0.79741;-0.12461367
0.812282;0.619178;-0.02156594
0.69435686;0.43596742;0.13274725
0.6242355;0.20814894;0.14994779
0.71540403;-0.0022308517;0.03558324
0.9611904;-0.008034681;0.21284159
1.0637522;-0.003302745;0.24527328
0.8778053;0.022357805;0.31496862
0.39978147;0.17413624;0.4519749
-0.16279201;0.295559;0.8303299
-0.54351485;0.077072196;1.0173889
-0.5957494;-0.100842245;0.81391114
-0.51331824;-0.1056738;0.66362894
-0.48174837;-0.031414036;0.68715316
-0.48461744;0.22799377;0.4715975
-0.39706895;0.41677;0.37415302
-0.23953016;0.505291;0.14307241
-0.06506163;0.4542328;-0.079292074
0.0745132;0.17901126;-0.26030865
0.095548056;-0.16616601;-0.46762192
0.0139384465;-0.3141828;-0.53972256
-0.14978674;-0.29509625;-0.55365306
-0.2698294;-0.13607699;-0.5366724
-0.279926;0.025513407;-0.51996297
-0.21925332;0.15478572;-0.42222035
-0.22852765;0.16445358;-0.24090128
-0.24844712;0.14093786;-0.10834602
-0.3456327;-0.012249709;0.06644818
-0.52025616;-0.016049767;0.17503354
-0.5490174;-0.034714814;0.14627683
-0.40171394;-0.13089685;0.16389647
-0.25730866;-0.10471748;0.043617174
-0.12772192;-0.046273984;-0.03073126
-0.066240035;0.019230813;-0.05896001
-0.09830453;0.09350965;-0.047168005
-0.12864362;0.17480771;0.10601559
-0.1576024;0.24922118;0.25043747
-0.15576942;0.24000195;0.44722497
-0.19961554;0.15137655;0.610905
-0.25187993;0.17735124;0.723099
-0.24681644;0.145006;0.7066042
-0.19745316;0.0660048;0.56528336
-0.22358753;-0.015946165;0.40535167
-0.27105752;-0.006506931;0.18990634
-0.2777835;0.12604445;-0.054324925
-0.2237893;0.26021057;-0.19345994
-0.23684394;0.23629345;-0.27351794
-0.21603766;0.04840976;-0.36881435
-0.17126763;-0.02064719;-0.5044265
-0.1463891;-0.07901775;-0.5660412
-0.23742378;-0.1413392;-0.712208
-0.27431402;-0.09119636;-0.8760164
-0.16163872;-0.14795709;-0.8726881
0.016001524;-0.23086567;-0.71065044
-0.01688628;-0.40969253;-0.47164539
-0.15413402;-0.45275402;-0.16169131
-0.30924472;-0.24032822;0.10502196
-0.36145827;0.12648742;0.27151757
-0.2922916;0.31056494;0.37658906
-0.2182083;0.36720195;0.36377123
-0.21519163;0.36251155;0.316017
-0.23152831;0.31813425;0.30906358
-0.21959765;0.2326324;0.2566259
-0.22255312;0.18610592;0.1896757
-0.22179249;0.048884735;0.03924056
-0.08055899;-0.117142215;0.04076745
0.1105528;-0.09996377;0.06698896
0.23062974;-0.011221016;0.12234116
0.2079413;-0.105851814;0.26037294
0.047603037;-0.04093145;0.22704835
-0.31816757;0.14850484;0.109763674
-0.51390904;-0.006196128;0.022185942
-0.43925226;-0.1330819;-0.22287625
-0.34515178;0.015409478;-0.31267598
-0.15424643;0.093577586;-0.3188908
0.06097785;-0.047012933;-0.35823762
0.12065728;-0.18136035;-0.2865901
0.049650826;-0.2700883;-0.21052209
-0.029029341;-0.35982063;-0.09966767
-0.17009847;-0.4097315;-0.07035913
-0.28295377;-0.4309102;-0.16878732
-0.22636302;-0.32597816;-0.24440485
-0.04671542;-0.073282525;-0.22989888
0.21887766;0.23199898;-0.22454411
0.5063521;0.48872417;-0.22963528
0.6785192;0.65347934;-0.25558323
0.7928154;0.69465846;-0.10759158
0.8623773;0.3901018;0.11392674
0.6399018;-0.037918575;0.12864138
0.20567146;-0.42095986;0.38728812
-0.24171282;-0.9148929;0.6067055
-0.62930775;-1.3944143;0.6322394
-0.95969623;-1.6217815;0.49329153
-0.98650694;-1.5536752;0.5071332
-0.65170556;-1.6866901;0.41820657
-0.30573946;-1.8681021;0.10331526
-0.17896657;-1.8319817;-0.082972795
-0.21192326;-1.6280854;-0.26012823
-0.27891362;-1.1462183;-0.3206026
-0.29188088;-0.6669746;-0.012732072
-0.2772547;-0.1398297;0.21793935
0.037571236;0.33813626;0.38372648
0.72849447;0.770509;0.37573117
1.4812331;1.1226572;0.48808494
1.9232677;1.2168758;0.40921795
2.1018953;1.0922506;0.22112437
2.1467507;0.6925505;0.4675245
1.9185724;0.5165404;0.40214458
1.5960884;0.5007323;0.36546567
1.330484;0.025585847;0.76424754
1.1237134;-0.52328134;1.0738981
0.98515844;-0.74362504;1.3091184
0.922105;-0.35740006;1.3347948
0.8927622;0.56407994;1.0678358
0.85971755;1.716889;0.7292686
0.8467584;2.5266361;0.5146649
0.9164692;2.830684;0.23673193
1.0761441;2.783297;-0.17936446
1.0179466;2.4453878;-0.69974154
0.78779477;2.0844352;-1.0285432
0.5419545;1.7331731;-1.0790846
0.4109074;1.2584136;-1.0788927
0.4068509;0.5411058;-0.86623913
0.24110572;-0.22024035;-0.9523663
-0.040709168;-0.36369228;-1.174393
-0.11303609;0.109046176;-1.0738895
0.12988363;0.53098696;-0.87161154
0.4257819;0.5747895;-0.84728926
0.68281305;0.51920664;-0.6184564
0.8306254;0.3372403;-0.2635151
0.71293783;-0.06145775;-0.3451871
0.58441275;-0.5616662;-0.34177467
0.5456552;-1.1087079;-0.07341974
0.44589916;-1.5088414;0.06313921
0.23796934;-1.428948;-0.05573863
0.13881297;-1.0994085;-0.2477159
0.22980037;-0.7107768;-0.22317272
0.3619653;-0.11549643;-0.21603818
0.41769725;0.62322783;-0.21970554
0.3997828;1.1829573;-0.15388943
0.30732623;1.5244908;-0.17623655
0.17398599;1.3649051;-0.06598924
-0.14831121;0.6434866;-0.02779139
-0.706149;-0.2258357;-0.090983115
-1.3039817;-0.8650436;0.04596351
-1.7591033;-1.2107848;0.25552082
-1.8743725;-1.3436279;0.43879163
-1.6965683;-1.3374023;0.69790834
-1.4990516;-1.0230469;0.5802016
-1.3312725;-0.75281245;0.3641613
-1.224393;-0.69287497;0.31945404
-1.2240456;-0.49804997;0.28681326
-1.2229865;-0.13593999;0.32320058
-1.3283892;0.200623;0.21481048
-1.4283364;0.4104984;0.19059838
-1.4411066;0.5158987;0.024353705
-1.2497603;0.34709397;-0.039892036
-0.9154332;0.049550187;-0.010038628
-0.75422156;-0.23223485;0.1575941
-0.85493976;-0.24828789;0.22607528
-0.9714518;-0.095505305;0.3496102
-0.87247396;0.10172076;0.48906317
-0.56829166;0.3438766;0.45375055
-0.19682083;0.5188513;0.28800043
0.15035585;0.43383104;0.23352535
0.30778468;0.21893983;0.25244528
0.22122774;0.18765186;0.41445622
-0.01208031;0.3001215;0.55031496
-0.09403925;0.30572218;0.602752
0.081018604;0.13520275;0.6072016
0.23200238;0.0331622;0.35451126
0.23716441;0.054654762;0.20235902
0.16316903;0.20934881;0.23063721
0.21022272;0.37060404;0.29075977
0.43692818;0.38398322;0.35135782
0.64016753;0.2634366;0.38108626
0.5926028;0.03262427;0.432994
0.23267597;-0.027025582;0.3963952
-0.17323422;0.053379536;0.35461617
-0.32764986;0.20207863;0.2649429
-0.2558699;0.3366629;0.08695434
-0.11563342;0.39433032;-0.049186524
-0.062819235;0.23108926;-0.13934922
-0.18150538;0.07237141;-0.21147938
-0.42176682;0.123522125;-0.4410585
-0.53585094;0.0863177;-0.5247218
-0.51774323;-0.16844584;0.0052225594
-0.6470071;-0.29413167;0.047928046
-0.6832307;-0.35718033;0.19771744
-0.41689706;-0.07011927;0.17692395
-0.11320514;0.39077958;0.23841415
0.05006089;0.31887367;-0.10614367
0.2650487;-0.25115106;-0.28803992
0.44641396;-0.45717084;-0.43668196
0.4133812;-0.13136168;-0.33684555
0.33070493;0.07928565;-0.088226445
0.42706394;-0.074071474;0.10129384
0.60258865;-0.4998822;0.44041008
0.37425843;-0.7874057;0.7773281
0.033781745;-0.8017996;1.0281124
-0.037037104;-0.34456468;0.89748996
-0.021817185;0.5587233;0.661742
0.24192125;1.0563536;0.48564357
0.499787;1.3263329;0.33226487
0.70217335;1.3938788;-0.19668812
0.7164262;1.255728;-0.5948505
0.5426722;1.14052;-0.5008804
0.284919;0.68897843;-0.3507043
0.0099664545;-0.21287975;-0.33056346
-0.25140184;-1.0015538;-0.20507576
-0.49330896;-1.123118;-0.06718561
-0.4977722;-0.91724443;-0.24437349
-0.31696773;-0.58692056;-0.5298738
-0.10669919;-0.46016145;-0.555149
-0.07442185;-0.44937915;-0.32224423
-0.12672499;-0.24075332;-0.05154538
0.06268252;0.09177235;0.2150137
0.384521;0.26091787;0.38138595
0.55761683;0.4337343;0.36135876
0.64140594;0.5969874;0.445337
0.6435935;0.68384;0.5125196
0.67346853;0.65957195;0.5537657
0.67510295;0.45578256;0.43051255
0.559223;0.13337606;0.25066003
0.38253465;-0.18704915;0.13177803
0.18884023;-0.37151432;-0.038327575
-0.0036153235;-0.39408645;-0.14941207
-0.14507976;-0.31839415;-0.14452964
-0.18715756;-0.29534033;-0.19687372
-0.19894479;-0.28002226;-0.23874897
-0.21696834;-0.2708928;-0.20349918
-0.25951216;-0.35421425;-0.30654934
-0.29198474;-0.3958714;-0.42648947
-0.22030655;-0.31044713;-0.32244158
-0.12624523;-0.3139827;-0.20170327
-0.029902434;-0.30743617;-0.13948761
0.014359303;-0.30532393;-0.19284008
-0.019762559;-0.21925914;-0.20739707
-0.011903796;0.0027176875;-0.11591766
0.035008214;0.12717415;-0.055234127
0.05847532;0.15798932;-0.012937301
0.100686505;0.17951645;0.07402516
0.17039296;0.115488164;0.07484513
0.17615812;-0.010734468;0.009876102
0.15108274;-0.11483757;0.026650881
0.13570994;-0.17624506;0.0025707055
0.16013046;-0.16599604;0.020806564
0.18591687;-0.089046836;0.04164525
0.17920224;0.03188753;0.0614412
0.20508054;0.11301003;0.08977796
0.15390818;0.16540802;0.05307237
0.0739078;0.20107642;0.08308289
-0.0064987624;0.21398613;0.06959131
-0.09348026;0.2024389;0.027548052
-0.17400296;0.19320112;0.015788442
-0.14154612;0.1139359;-0.031119246
-0.0897994;-0.00572628;-0.084270395
-0.08355826;-0.15770602;-0.045541316
-0.055127863;-0.23866482;-0.048933055
-0.06128979;-0.14093186;-0.042271443
-0.08575058;-0.0064954846;-0.040067155
-0.07797547;0.05730361;-0.019553723
-0.050661623;0.04271789;0.05623202
0.0071269525;0.07792431;0.051235616
0.042420313;0.12171445;0.06911349
0.06987375;0.10362156;0.055290796
0.090274;0.051647246;0.07548264
0.1050317;0.010067798;0.06663611
0.06293161;0.08617924;0.025183886
0.04487654;0.11269339;0.06702211
0.02808873;0.10890471;0.041117687
0.020127235;0.12149877;0.05789415
0.0028205374;0.10032402;0.04006532
-0.02274357;0.020884212;-0.036697745
-0.063507356;0.01983237;-0.023108196
-0.12580588;0.040865894;-0.049736556
-0.13892595;-0.001682283;-0.039789245
-0.13223451;-0.07947083;-0.06933139
-0.11906886;-0.10420166;-0.064840116
-0.10306759;-0.13961133;-0.051872093
-0.09417282;-0.13668907;-0.050872676
-0.046432007;-0.10622625;-0.03444814
0.023791894;-0.084981;-0.030683512
0.07293977;-0.0742348;-0.01829681
0.10600806;-0.07501284;-0.017762447
0.13480645;-0.09126027;0.04829004
0.1383139;-0.17300822;0.016757034
0.14502613;-0.17278157;-0.020969372
0.17773965;-0.06010026;0.039474502
0.17109798;-0.0043302076;0.0378296
0.16344088;0.049660835;0.04588868
0.15028395;0.052228667;0.042960946
0.05460216;0.07928293;0.028118756
-0.05553702;0.088426344;0.050620005
-0.15771087;0.18324108;-0.018878996
-0.13788745;0.29971787;0.044271804
-0.0735912;0.23977429;0.054167442
-0.058872964;0.14181943;-4.160461E-4
-0.06662962;0.10720555;-0.022207838
-0.053303696;0.048264436;0.01660873
-0.048111707;-0.070763454;-0.07421301
-0.051770616;-0.15661076;-0.12499541
-0.033603992;-0.17841361;-0.13749634
-0.013601944;-0.19273089;-0.116247065
-0.010881555;-0.23230971;-0.08362265
0.027232256;-0.22647277;-0.09814812
0.053035803;-0.19055322;-0.0847685
0.055709895;-0.14619257;-0.052189797
0.042224165;-0.13257906;-0.048001837
0.043935582;-0.07481325;-0.0071514705
0.048429716;-0.031725597;0.031778824
0.061400022;-0.025380477;0.044173058
0.022557518;0.020320619;0.016588448
-0.031953987;0.1287565;0.038270757
-0.029469438;0.2467552;0.033741605
-0.042325553;0.22865416;0.036368284
-0.06276669;0.17667332;-0.008405372
-0.10802585;0.13196366;-0.0785993
-0.14735818;0.099320926;-0.06600444
-0.10616779;0.13883175;0.028446449
0.056472015;0.06731539;0.15713216
0.3654901;-0.12427268;0.30695572
0.59629834;-0.10566815;0.38306457
0.47703868;-0.08453452;0.30645168
0.44295907;0.09799738;0.29516134
0.35436726;0.07839791;0.23612906
0.0975563;-0.124781676;0.28890327
-0.086408086;-0.41857535;0.2811226
-0.23397022;-0.6223603;0.2998981
-0.20826992;-0.64788824;0.28991845
-0.05724094;-0.8276856;0.38193476
-0.40204275;-0.87464845;-0.6694522
-2.0177279;0.31590623;-2.8418117
-2.7985573;-0.54415;-1.2203244
-2.8638458;-3.519695;-0.97938454
-2.6067016;-3.828256;-1.4647576
-1.8009864;-1.9751048;-1.3280561
-0.6939141;-1.7988338;-1.8686949
-0.31138128;-2.7640672;-1.5637059
0.025894979;-2.3675036;-1.3947147
0.24884099;-2.231503;-1.2751467
0.1990728;-1.3539523;-1.1060549
0.27957073;-0.37066188;-0.85046893
0.37678158;-0.3590295;-0.7100626
0.30611277;-0.5872236;-0.36023763
0.21676521;-0.30727887;-0.033502594
0.37341216;0.1166769;0.004447924
0.7315422;0.44959152;-0.024566662
1.1352338;0.8971732;-0.01965333
1.5472496;1.3802385;-0.056347664
1.9538152;1.3729409;-0.19507813
2.1336088;1.1233526;-0.267
2.2640648;1.1174321;-0.2714125
2.3362517;0.9626957;-0.132755
2.295564;0.61390656;0.028170997
2.145826;0.42862526;0.0787868
1.9932234;0.28040022;-0.13072056
1.8992662;0.21182017;-0.23270145
1.8366005;0.50695616;-0.50022364
1.6677179;0.8243149;-0.67049146
1.7201118;1.284452;-0.17233065
1.9104644;1.7244365;-0.15817702
2.0002465;1.4139242;-0.2296666
1.8970722;0.6873894;0.18970421
1.5801578;0.35303652;0.57207584
1.3203763;0.4043042;0.4389107
1.350051;0.6734434;0.35425356
1.5706658;1.0106297;0.40215284
1.7315327;0.91475374;0.53734726
1.600851;0.413053;0.7517528
1.0463059;-0.0633076;0.8795273
0.33704472;0.13997892;0.7442468
0.019635769;0.54323316;0.5516474
0.1907086;0.7564615;0.41944295
0.5650669;1.0770442;0.25742936
0.6614285;1.5460104;0.03094349
0.4603928;2.1227458;-0.22524521
0.13393925;2.808353;-0.117696166
-0.0365986;3.5197291;-4.0693238E-4
-0.026153881;3.5032833;0.034049455
-0.030298105;2.5688376;0.17411457
-0.30236349;1.0958904;0.32991666
-0.5575158;0.020852948;0.32330832
-0.53351265;-0.30831763;0.24302165
-0.44243512;-0.026341613;-0.036832675
-0.41332307;0.4898642;-0.33884114
-0.44940847;0.63876635;-0.57107294
-0.43452677;0.48054436;-0.81154585
-0.21324642;0.28990424;-0.6961117
-0.045597136;0.11317338;-0.28345183
-0.2052277;-0.15399255;0.08573853
-0.31730717;-0.27319404;0.30609083
-0.19134574;-0.15683648;0.43237266
0.040673412;-0.08328168;0.33652312
0.19191372;0.0036871533;0.31921852
0.15040599;0.20998098;0.0709998
0.1328248;0.5398598;0.041174844
0.16875982;1.0615753;0.37356487
0.26938286;1.2322681;0.3707269
0.4530063;0.9493887;0.37783152
0.62490505;0.35746017;0.3741402
0.687424;-0.32262564;0.28993717
0.7530642;-0.7963818;0.17257474
0.6805764;-0.97929287;-0.07444021
0.5850861;-0.85687184;-0.17517717
0.5930689;-0.7354975;-0.43076673
0.6588301;-0.8462105;-0.6602384
0.7458141;-1.2019683;-0.4375657
0.8216513;-1.0975122;-0.40005258
0.832321;-0.47957227;-0.39191705
0.5658568;0.010092194;-0.11978364
0.17768545;0.11432376;0.026048085
0.07964836;0.068021506;0.03646347
0.19496869;0.1294172;-0.055204224
0.14972495;0.26759627;-0.14728838
0.12602995;0.43673325;-0.20845571
0.088323966;0.3665741;-0.27301458
-0.041840825;0.16669679;-0.35278666
-0.039722662;0.26695117;-0.43535432
0.0057218717;0.5854359;-0.41703346
-0.120422505;1.2361223;-0.11800177
-0.190088;1.9406556;0.15247358
-0.1395704;1.7033057;0.20322888
-0.13665631;0.84213674;0.1063331
-0.096825056;0.2487094;-0.08055852
-0.083710045;0.11283471;0.0074281814
-0.15446803;-0.06676348;-0.012807455
-0.12982443;-0.59677017;-0.14462097
-0.072609544;-0.77116615;-0.39382178
0.016912365;-0.6700579;-0.6900574
0.044779893;-0.5610463;-0.6786084
0.10457391;-0.36289957;-0.42413676
0.15865913;-0.31531966;-0.3424344
0.2394273;-0.45303696;-0.06613502
0.20404184;-0.46399206;0.20802948
0.056983475;-0.6040062;0.22579859
-0.02316322;-0.9894549;0.04470137
-0.031030577;-1.0150014;-0.039238904
0.12517554;-0.63700116;-0.10326612
0.32514042;-0.3236634;-0.009175398
0.38511235;-0.41518074;0.14109719
0.28308988;-0.7649571;0.21912774
0.1889719;-0.9729032;0.2909272
-0.048822477;-0.95957255;0.25149176
-0.20780799;-1.045783;0.019943405
-0.14749639;-1.1616265;-0.084045276
-0.08049711;-0.67617613;-0.0016112204
-0.058147687;-0.06281591;0.08308602
0.03473185;0.14349727;0.17271882
-0.08471452;-8.271834E-4;0.30692506
-0.2927716;-0.56941175;0.46429005
-0.3404673;-1.0086544;0.530807
-0.39424884;-0.8506735;0.39027062
-0.37477407;-0.47428882;0.1278415
-0.26856926;-0.0075560515;-0.1414768
-0.2273554;0.5064552;-0.30068144
-0.20688432;0.46453914;-0.42492014
-0.22175746;0.1997563;-0.38524863
-0.17740597;-0.04331996;-0.3566364
0.029950228;-0.22528097;-0.29937163
0.17083518;-0.28022477;-0.22074729
0.21166815;-0.16167982;-0.31097284
0.08183452;-0.16371885;-0.44409075
-0.06890739;-0.2934751;-0.5146476
-0.12387591;-0.7535301;-0.6414056
0.0040242723;-1.1965741;-0.68187445
0.18446942;-1.0728842;-0.3720621
0.12257554;-0.2145574;-0.024212163
-0.0019395726;0.6064791;0.11813027
-0.032801658;0.6976833;0.10544172
-0.07936633;0.23939662;-0.089084126
-0.17286806;-0.1678577;-0.1759548
-0.26329446;-0.21553616;-0.17201383
-0.22626056;-0.16305393;-0.11104857
-0.13413344;-0.039818145;0.028348641
-0.08855676;0.17127049;0.14924142
-0.13022041;0.2620164;0.19908063
-0.19167632;0.20961311;0.245202
-0.18459105;0.114565484;0.2899116
-0.11954785;0.06977739;0.2913043
-0.020638278;0.09644691;0.27991843
-0.016510623;0.23340753;0.35987225
-0.056958497;0.527351;0.4503978
-0.0986918;0.7765683;0.5540682
-0.22270344;0.9337547;0.5713796
-0.46566275;1.0360662;0.37897867
-0.6444052;1.147603;-0.13119206
-0.7592742;1.6626136;0.41692135
-0.8761693;1.1308721;1.571037
-0.7290605;0.6468852;0.45995465
-0.74574834;0.35032067;0.08046373
-1.0559736;0.40838155;0.439371
-0.882279;0.6462365;0.45774677
-0.52457315;0.23808295;0.62869745
-0.24778353;-0.39234614;0.94045794
-0.004476826;-0.46856442;0.9273664
-0.0035814608;0.007960964;0.8825181
-0.41224018;0.31730628;0.73413944
-0.9297921;0.27259502;0.37481156
-1.1750838;0.34463853;0.40297425
-0.94944197;0.55461705;0.4973794
-0.2845536;0.4038499;0.56352854
0.26298213;-0.3816076;0.62582284
0.23851071;-1.0162235;0.31628326
0.03768357;-0.88797885;0.0905266
-0.15735315;-0.5056956;0.078671284
-0.3290075;-0.17330647;0.14106202
-0.378831;-0.04177017;0.025349623
-0.60306484;-0.27872863;-0.2484703
-0.82776433;-0.6214204;0.019973759
-0.966899;-0.61432385;0.409729
-0.7750817;-0.17427157;0.5777832
-0.26694036;-0.10660475;0.6528516
0.03332272;-0.2446588;0.56290627
0.045408178;-0.32385203;0.344075
-0.06367346;-0.49814412;-0.009114999
-0.119688764;-1.0297652;-0.113542
-0.333251;-2.2988122;-0.1470836
-0.94316334;-3.3359249;-0.3489169
-1.5045307;-3.1062398;-0.1478835
-1.7356558;-1.6537418;-0.1339318
-1.3603996;0.5520065;-0.43527043
-0.46566343;2.2744176;-0.76384133
0.29621926;2.2398467;-0.74857306
0.0682254;-0.03624767;-0.44885847
-1.2286228;-2.8852482;-0.16846177
-2.76532;-4.4706984;0.19335558
-3.9794436;-4.376559;0.57030946
-4.1038675;-2.694997;0.8843726
-2.8705938;-0.48724765;0.99499804
-0.8558501;0.8258269;1.0022484
0.7930543;0.82316154;0.88929874
1.28542;-0.01334579;0.548939
0.5955235;-1.1794267;-0.0077237957
-0.49447966;-1.9997913;-0.48430404
-0.9065212;-2.024833;-0.66869324
-0.6049045;-1.5573665;-0.63182956
0.15357642;-0.9021431;-0.5742137
1.1494725;-0.059214517;-0.15624593
1.2718729;0.90262836;-0.97187173
0.6134822;1.6096027;-0.4681224
-0.19660437;2.4064322;0.6630021
-0.45025226;2.1095207;0.7772767
-0.10746743;0.4782416;0.19369633
0.20113544;-0.68615675;-0.38566792
0.18395522;-0.5614254;-0.53040934
-0.069242075;0.30710968;-0.33370247
-0.19328429;0.98318774;-0.16071199
-0.041346177;1.1271752;-0.22231959
0.23664962;0.97049016;-0.18410566
0.47657555;0.6576421;0.26209047
0.09791084;-0.1207613;0.65029734
-0.39608538;-1.202859;1.0171129
-0.7442121;-2.0622873;1.3574404
-0.9774009;-1.8935798;0.8359523
-0.8772332;-0.74611384;-0.0781132
-0.44319284;0.79060894;-0.77499056
0.043883238;1.9668622;-1.1043675
0.43745035;2.1109898;-1.120994
0.45699152;1.5387918;-1.1374202
0.24528071;0.8966584;-1.0349362
-0.012369175;0.36107674;-0.6341989
-0.09427034;0.01386139;0.41764086
-0.20744753;0.4048391;1.0622377
-0.18314552;1.1957463;1.1622902
0.11598358;0.812847;1.4610821
0.22833374;0.96902764;1.0876157
0.4123545;1.6095971;0.8263426
0.5060555;2.0954902;0.60482407
0.34156314;2.2154546;0.6338592
0.30977395;2.1911137;0.07583739
0.603912;0.287266;0.23566991
0.4831296;-1.1233122;0.63228595
0.52054757;-0.8111498;0.14332874
0.62317634;-1.1395448;-0.28221202
0.596002;-1.8460108;-0.022644604
0.60531723;-1.3018087;-0.4056157
0.41159752;-0.48519695;-0.47449255
0.12810615;-0.18190756;-0.24834403
0.01830523;-0.17052604;-0.17680024
-0.07344175;-0.19579583;-0.13831519
-0.19090672;-0.11601167;-0.051277146
-0.36529863;-0.0053093364;-0.09102172
-0.44165295;0.10512753;-0.11656737
-0.416213;0.15285203;-0.055753898
-0.34859538;0.10978162;-0.06960312
-0.40895444;0.10970029;-0.18693249
-0.49552292;0.19088523;-0.137046
-0.47688708;0.2902082;-0.1158868
-0.37369716;0.28216654;-0.12395944
-0.22473899;0.21635824;-0.15541755
-0.120416194;0.1480866;-0.08683404
-0.040473577;0.009094275;-0.022592232
0.07074614;-0.06147458;-0.030573785
0.1907766;-0.008554664;0.016165972
0.21766034;-0.013093731;-0.005817223
0.17412828;-0.08859999;0.007846221
0.12777919;-0.120879985;-0.028098023
0.106129594;-0.02170399;0.018146582
0.071427114;0.07638681;0.073892266
0.049524505;0.13610944;0.10911381
0.041572727;0.099512555;0.11541605
0.017828494;0.076485045;0.07045784
-0.01815908;0.054938037;-0.0092587285
-0.062183514;0.006450429;-0.041781984
-0.08255931;-0.029214656;-0.07405058
-0.09260995;0.032878276;-0.08424047
-0.09166609;0.13880262;-0.048642375
-0.033098493;0.19541709;-0.0389139
0.044614956;0.23758368;-0.04363112
0.14467634;0.21506694;-0.18177989
0.2574403;0.20330355;-0.22667392
0.42040536;0.16264284;-0.28758913
0.8090782;-0.060510725;-0.1519463
1.1757782;-0.7577836;0.38781795
1.0554663;-1.5249768;0.47900435
0.6967168;-1.8262315;0.3019535
0.29174843;-1.6047351;0.5728128
-0.14199188;-0.88378817;0.99575025
-0.5137888;0.21796948;0.9091002
-0.74814045;1.1087506;0.46478015
-0.8127701;1.4307505;0.08432412
