0.060883414;-0.1348593;-0.08179941
0.035230167;-0.16726243;-0.062314525
-0.025429146;-0.18068495;-0.0029766206
-0.047149956;-0.19767296;0.010118703
-0.0031984816;-0.19251336;-0.0075300373
0.014628715;-0.1508857;-0.03727403
0.042367034;-0.051958557;-0.086069226
0.045417067;0.024058156;-0.09073038
0.019048495;0.037996523;-0.047584303
-0.026851047;-0.010227781;0.0056825574
-0.011910525;-0.0050572245;0.017046046
0.019182518;-0.01654578;0.041761838
0.022963202;-0.041361623;0.02715947
-0.016102096;-0.0393393;0.021727575
-0.05497152;0.02790356;0.03613206
-0.066975266;0.14419785;0.041405648
-0.06888783;0.19348328;0.01749952
-0.05318155;0.17041162;0.023374615
-0.004263991;0.0769543;0.043699693
-0.018743224;-0.022811562;0.066209756
-0.032230906;-0.04012425;0.062342804
0.004879337;0.0241506;0.074874245
0.028805813;0.15682048;0.0755244
0.044040743;0.19108139;0.041669514
0.040994313;0.1934901;0.036460612
0.025178263;0.16416709;-0.00833151
0.02199808;0.121958666;-0.019165209
-0.005350755;0.103816934;0.015917834
-0.015755214;0.09242855;0.043984268
-0.014508467;0.11144284;0.091437414
-0.013511071;0.14227927;0.05752493
0.0025212215;0.15757342;0.058519945
-0.01707482;0.12605873;0.07494096
-0.046228215;0.13209699;0.056827765
-0.044624172;0.1650526;0.039212212
-0.056768674;0.19766708;0.05636977
-0.07412588;0.17375866;0.07322081
-0.06121568;0.117131926;0.09920165
-0.008751902;0.05620554;0.066861324
0.037017033;0.019964432;0.059739057
-0.018237935;-0.021528454;0.085291244
-0.07203664;-0.076597765;0.080732994
-0.080602944;-0.1425282;0.0833364
-0.07405267;-0.18589757;0.04166912
-0.05543354;-0.17996806;0.014585295
-0.07115347;-0.16272445;0.030418236
-0.05116106;-0.13330455;0.055584587
-0.035167128;-0.11289364;0.04446767
-0.0032557733;-0.10281491;-0.0019258634
0.014619502;-0.057251934;-0.05154069
0.007874801;0.0041984543;-0.047482554
-0.0071034795;0.08773376;-0.006736042
-0.024847822;0.12331201;0.007111166
-0.01411654;0.020524608;-0.07556107
-0.036195576;-0.1398303;-0.13544886
0.0016831883;-0.17748925;-0.23648408
0.06261364;-0.1638664;-0.22043727
0.11521542;-0.16546813;0.001775187
0.11702585;-0.069874495;0.073295146
-0.032734297;0.0941004;0.11176112
-0.08747894;0.081530325;0.2644089
-0.23458277;-0.09727574;0.42402712
-0.31793964;0.06905441;0.045471694
-0.0666564;0.12086853;-0.21049765
0.22426276;-0.15643018;0.028476885
0.2904942;-0.18451914;0.1852815
0.30895784;0.14300968;0.15447521
0.41161942;0.26128274;0.17983016
0.29687366;0.062151197;0.23136413
0.0059559545;-0.11902904;0.16009131
-0.2193075;-0.15772323;0.015573044
-0.13522384;-0.21055359;-0.13754156
0.10819056;-0.31844288;-0.24753325
0.37190402;-0.2516293;-0.2355266
0.51783574;-0.095053434;-0.24467129
0.56934667;0.14895725;-0.35823703
0.5953211;0.3097908;-0.49283963
0.60203815;0.35408264;-0.6192717
0.61991173;0.29576612;-0.76416737
0.6279607;-0.07588711;-0.7457089
0.5984623;-0.56383467;-0.5340671
0.52486354;-0.86356777;-0.36162868
0.51832837;-0.6752292;-0.26430294
0.5287252;-0.15893336;-0.20206736
0.54641765;0.20097831;-0.21477889
0.55432165;0.17328265;-0.2436981
0.5184573;-0.03012388;-0.3074585
0.38820332;-0.29909912;-0.3740918
0.17150016;-0.55177927;-0.36802343
0.059075136;-0.62267345;-0.35691875
0.1753851;-0.48876375;-0.366785
0.3528081;-0.287886;-0.368428
0.44005898;-0.020933794;-0.3666174
0.36923468;0.052002963;-0.3432939
0.22038774;-0.13964763;-0.28088513
0.13881019;-0.4179681;-0.3028331
0.111048155;-0.3343745;-0.24226649
0.081026025;-0.44874957;-0.3688132
0.11013332;-0.24337468;-0.46380055
0.16623166;-0.010324735;-0.5179154
0.17204782;-0.027009787;-0.5362074
0.17357576;-0.17473283;-0.63209087
0.12011061;-0.36791125;-0.6150477
0.019525986;-0.516204;-0.46391317
0.031245789;-0.43171322;-0.35863054
0.07968413;-0.26412058;-0.3775294
0.1606223;-0.19567145;-0.38014853
0.19256034;-0.20966217;-0.43224382
0.110298276;-0.33022973;-0.39892006
-0.03207388;-0.42668378;-0.37226105
-0.1178466;-0.46009701;-0.34312135
-0.09896478;-0.4868276;-0.3041846
-0.12760933;-0.3457121;-0.42459765
-0.12396246;-0.09531968;-0.68030316
-0.04135747;-0.076255746;-0.7036175
0.0044140248;-0.2985046;-0.5800815
-0.03865628;-0.57630366;-0.51250273
-0.08405002;-0.7672929;-0.43812716
-0.08599002;-0.72633433;-0.36300173
-0.08754201;-0.63106745;-0.29352638
-0.07784611;-0.648604;-0.3082586
-0.02633939;-0.64388317;-0.3731694
0.071115986;-0.62135655;-0.418848
0.06470529;-0.44083524;-0.4100784
0.0033267324;-0.19016819;-0.34993774
0.008911386;-0.020884555;-0.2924502
-0.022558391;0.052042358;-0.28083515
0.016328286;0.22288388;-0.2762306
0.18493763;0.39705712;-0.03817199
0.3917001;0.53639567;0.1428999
0.43992257;0.42286655;0.25025743
0.38475057;0.18829323;0.29708093
0.19530046;0.1881346;0.27360225
0.06717786;0.39425766;0.3157568
0.06467979;0.78415614;0.38854295
0.12830633;1.1710749;0.38895935
0.18858257;1.3306099;0.41897997
0.17742856;1.201988;0.40549648
0.15913033;1.0678403;0.4072097
0.124179274;1.0167723;0.40076774
0.08840592;0.8477928;0.2924892
0.044162236;0.54385924;0.12149136
-0.0021702119;0.3069624;-0.04811941
-0.03454867;0.11119493;-0.16818303
-0.10888894;-0.07041906;-0.20485893
-0.15117365;-0.23133525;-0.12169964
-0.13656391;-0.4350682;-0.0036097108
-0.16237614;-0.6761795;0.05023723
-0.2439634;-1.0159436;-0.106685214
-0.4170457;-1.362755;-0.32284817
-0.53051156;-1.4777039;-0.50046605
-0.39628425;-1.3384131;-0.5878728
-0.12327741;-1.3269805;-0.5999858
0.16075307;-1.5115844;-0.5362386
0.29266495;-1.5092676;-0.45399088
0.19038196;-1.244914;-0.35069272
0.010118072;-0.90843123;-0.23055416
-0.24971804;-0.45799497;-0.09225584
-0.42633694;-0.02264598;-0.033179667
-0.40825704;0.21313322;0.112518765
-0.34066814;0.24550657;0.23064001
-0.1319095;0.32140526;0.27044952
0.092909895;0.41337422;0.32729712
0.17276542;0.5931994;0.4259002
0.12727483;0.8308095;0.51415765
0.18775736;1.0833976;0.4800761
0.3330184;1.204218;0.42937338
0.46016473;1.2977495;0.37787372
0.44938177;1.4631996;0.29761147
0.43763041;1.5799346;0.15371418
0.36416683;1.4858227;-0.0020286574
0.23820847;1.2542832;-0.123497926
0.15150428;0.9971765;-0.10348584
-0.024109082;0.6696162;-0.092163675
-0.25366226;0.273193;-0.07998094
-0.30292982;0.00292939;-0.10304725
-0.28453135;-0.2476565;-0.1886878
-0.2870001;-0.6075002;-0.33688775
-0.30928758;-1.0203751;-0.3538852
-0.31149256;-1.3663001;-0.13935815
-0.21950655;-1.4992901;-0.064611524
-0.028730232;-1.5744321;-0.15012673
0.109828316;-1.6095457;-0.32635137
0.16442515;-1.3438865;-0.5579561
0.119040124;-0.9063592;-0.6760524
0.048357096;-0.58758736;-0.68068564
-0.059751824;-0.6450699;-0.661736
-0.21030146;-0.9910559;-0.5348576
-0.34636617;-1.3053447;-0.3552298
-0.34584293;-1.3442758;-0.2740276
-0.22354935;-1.0379206;-0.23719083
-0.092901975;-0.5365865;-0.17959641
6.784182E-4;-0.07926921;0.013354122
0.07554273;0.22408463;0.17865205
0.06980919;0.3730177;0.24604663
0.08865985;0.60466415;0.37183732
0.11311538;1.0649813;0.42090735
0.2186173;1.4707351;0.33985087
0.36708134;1.5890881;0.31875572
0.4827276;1.5650204;0.24406706
0.55493206;1.6301414;0.18431614
0.56894565;1.872863;0.15839042
0.57390654;2.1014154;0.13608734
0.5466252;2.1436324;0.15886986
0.41855016;1.7961559;0.117720895
0.20046514;1.2025497;0.07855172
0.07755961;0.6557898;0.014403873
0.052672688;0.3090068;-0.030664401
0.03276315;0.015955456;-0.13234402
-0.037851978;-0.21536064;-0.23868772
-0.07715658;-0.48791352;-0.35188767
-0.09922527;-0.7903308;-0.41119763
-0.11375521;-1.1072646;-0.37505186
-0.16444167;-1.3420618;-0.37504148
-0.15967834;-1.6236494;-0.49143943
-0.12149267;-1.7364194;-0.6845578
-0.11750664;-1.5266356;-0.7519431
-0.12213031;-1.0900584;-0.6015545
-0.14926675;-0.82204676;-0.45272797
-0.22097589;-1.0388874;-0.30515113
-0.2955307;-1.4998599;-0.18474591
-0.35048708;-1.6748879;-0.14545298
-0.38820216;-1.3649104;-0.13745613
-0.38868672;-0.81692827;-0.1615274
-0.29063687;-0.27229264;-0.14250317
-0.16688451;0.075915895;-0.11595566
-0.021007605;0.17948271;-0.12557703
0.11756892;0.21233617;-8.522486E-4
0.23780513;0.28861895;0.2024432
0.2933691;0.44964516;0.42836082
0.2925078;0.6284661;0.5528449
0.22150622;0.7902729;0.5633697
0.16001748;0.9884683;0.6053832
0.15926398;1.2657746;0.6561816
0.2195987;1.5626197;0.71713275
0.26630396;1.7469708;0.7033937
0.31304315;1.7319516;0.62052745
0.27699703;1.5793113;0.44485947
0.14659762;1.382199;0.2699501
0.017278098;1.0620092;0.12689757
-0.026802521;0.6746074;0.026518052
4.3298295E-4;0.4271859;0.008714442
0.014408886;0.22924873;0.042909052
-0.01972289;-0.05410102;0.031202244
-0.07671581;-0.47453082;-0.043788206
-0.10668515;-0.9796246;-0.11940557
-0.11347312;-1.3649497;-0.20489945
-0.067341;-1.3982098;-0.4147008
0.030502204;-1.2873179;-0.6247294
-0.04122324;-1.2298542;-0.566971
-0.17204109;-1.1901335;-0.32701433
-0.29700786;-1.2458568;-0.1889552
-0.3110438;-1.3154354;-0.09569541
-0.23164754;-1.2398483;-0.03280633
-0.17594303;-0.8481286;-0.123901315
-0.09856693;-0.29725292;-0.23505855
0.00864646;0.14344767;-0.23335934
0.050667167;0.39600813;-0.18668747
0.026471235;0.4230565;-0.002474978
0.014926988;0.3821952;0.22458252
0.05100409;0.36825615;0.40075976
0.10017827;0.41960493;0.47060782
0.10826762;0.52943397;0.43742374
0.094426595;0.67354715;0.4327515
0.081791274;0.83883774;0.4102637
0.07949552;0.9929452;0.35946095
0.124533914;1.0412312;0.25319377
0.13243963;0.97673494;0.12755501
0.073139206;0.89388794;0.01766901
0.017886365;0.80261034;-0.06086479
-0.012253408;0.65146327;-0.07837933
0.019884774;0.4649206;-0.011140966
0.08622032;0.2563115;-0.049537774
0.12835126;0.0519242;-0.12869272
0.102681;-0.17408565;-0.21232918
-0.011605197;-0.5705185;-0.3847071
-0.15147166;-1.0126648;-0.53901565
-0.06648982;-1.1101319;-0.5234
0.13743314;-1.0068555;-0.37106377
0.13650902;-0.91798437;-0.21638228
-0.15641779;-0.9218875;-0.10982457
-0.5095092;-1.03751;-0.17223465
-0.6747949;-1.130008;-0.23310022
-0.5617109;-1.1290064;-0.22085518
-0.29936874;-0.91570514;-0.25949663
0.013630019;-0.6388141;-0.33181608
0.251529;-0.34230128;-0.3552966
0.3668482;-0.0050910227;-0.22876853
0.38097855;0.41467717;-9.835752E-4
0.42509535;0.91299176;0.13124439
0.45257628;1.3741434;0.250308
0.34487352;1.6743147;0.34946516
0.13996132;1.7332017;0.39675963
-0.0036559424;1.5865614;0.3877202
-0.12948726;1.3348742;0.29455116
-0.1895273;1.0741493;0.32626593
-0.26724684;0.84369445;0.36413774
-0.32317248;0.57808053;0.3366227
-0.355413;0.21246445;0.36617315
-0.3296429;-0.24565345;0.30856353
-0.2527768;-0.62777275;0.09528832
-0.16315894;-1.0709682;-0.23236309
-0.10083966;-1.4567746;-0.55151546
-0.021296725;-1.6279197;-0.7037124
0.07671262;-1.5148357;-0.6762512
0.1363701;-1.1681186;-0.6343603
0.13097107;-0.75949484;-0.59342575
0.07040186;-0.4388459;-0.44036558
-0.049928512;-0.3073267;-0.3120581
-0.16494282;-0.47086138;-0.24964648
-0.25539175;-0.6766891;-0.17120156
-0.3121259;-0.7038513;-0.010789371
-0.3247007;-0.55058104;0.15621226
-0.31757307;-0.3592148;0.2265323
-0.25405845;-0.081121854;0.1679446
-0.20949677;0.028852517;0.29294944
-0.095722415;0.004332014;0.56951576
0.018734569;0.09721561;0.68373764
0.14311266;0.18402249;0.7329276
0.15511513;0.153468;0.7441546
0.075654596;0.19152439;0.80313617
-0.10041382;0.46571952;0.84719646
-0.18189356;0.9475756;0.74025714
-0.07207735;1.3205605;0.6234557
0.13140063;1.4845734;0.58157706
0.2394955;1.4220337;0.68713665
0.1822214;1.281377;0.86845934
-0.012035381;1.3719766;1.0291425
-0.13775331;1.7225813;1.220189
-0.105515145;2.11244;1.4542762
-0.0031621149;2.533702;1.5696709
0.07715781;2.8800867;1.6369867
0.052351248;2.8946943;1.6189644
-0.07374401;2.5032554;1.5014216
-0.2277452;2.0619793;1.4230123
-0.43532115;1.6823959;1.2571598
-0.60606945;1.1849793;1.0682278
-0.7317305;0.69017094;1.0827073
-0.8556969;0.28182423;1.2286658
-0.79705757;-0.22141561;1.2829326
-0.63452107;-0.8802575;1.2638462
-0.63144493;-1.279206;1.1985769
-0.61843723;-1.1921148;1.0526115
-0.5232654;-0.9193168;0.8545892
-0.4588467;-0.71045345;0.68367136
-0.42645237;-0.59336275;0.5281871
-0.35834938;-0.51531523;0.41629967
-0.269492;-0.44662717;0.27053973
-0.17535923;-0.35105175;0.11018179
-0.09614676;-0.1714664;-0.08060457
-0.019495532;-0.021548113;-0.20198365
0.09338795;0.03276151;-0.17408693
0.16494474;0.026209207;-0.19551954
0.21789329;0.09284236;-0.31891564
0.24150214;0.19614889;-0.3801325
0.2197642;0.19441912;-0.372856
0.11253011;0.09616029;-0.3795348
0.05564909;0.020678233;-0.37237784
0.046081774;-0.09283242;-0.31665227
0.05405292;-0.16801593;-0.29082182
0.09714858;-0.20941274;-0.30140746
0.12771887;-0.20190519;-0.33175096
0.1365501;-0.18964915;-0.29040077
0.13970883;-0.24859433;-0.24169561
0.11957956;-0.31137547;-0.2089815
0.1417574;-0.27410036;-0.21093519
0.18059342;-0.1661553;-0.22812316
0.15931849;-0.08604924;-0.16374852
0.10636104;-0.100089386;-0.17474882
0.07805758;-0.09257151;-0.17417406
0.052289814;-0.11155721;-0.15183924
0.0285506;-0.14862077;-0.0808464
0.02518423;-0.1626466;-0.027177116
0.044366136;-0.07699229;-0.0123666935
0.03549291;0.007156167;0.024481645
-0.0036369236;-0.0067750663;0.069585316
-0.05290954;-0.049170054;0.07754325
-0.06185888;-0.029961042;0.1276596
-0.0854246;-0.0052188337;0.12712768
-0.08787093;0.017699933;0.13920215
-0.074203;0.042284947;0.20511171
-0.11639365;-0.006797043;0.22033937
-0.15248992;-0.033562634;0.2262715
-0.13136694;-0.0018501075;0.34351718
-0.16446854;0.057894915;0.43731377
-0.20110609;0.121315934;0.443601
-0.14682236;0.22830275;0.37988082
-0.11198915;0.2857672;0.28515464
-0.06849757;0.33798876;0.16562371
-0.036048055;0.439141;0.08874897
0.03444281;0.6325628;0.008499178
0.100210495;0.77011275;-0.061950658
0.20282465;0.7895277;-0.06831053
0.2981972;0.6831847;-0.11089842
0.283089;0.52936023;-0.18246874
0.22647122;0.42348817;-0.145975
0.12570822;0.32941553;-0.15427999
0.04509783;0.32759494;-0.12967399
0.11264076;0.43238845;-0.1537392
0.25808135;0.50372326;-0.19174136
0.27990258;0.43891612;-0.25339308
0.16064082;0.24644539;-0.34021446
0.030856406;0.12684381;-0.28154656
0.024685126;0.08272505;-0.23461226
0.09396685;-0.03850746;-0.1501898
0.14782973;-0.21674347;-0.08577684
0.07295129;-0.4046448;-0.065496475
-0.049451474;-0.6174658;-0.08052218
-0.09893618;-0.7814727;-0.15816775
-0.12836769;-0.93455315;-0.0827842
-0.2066004;-1.0663925;0.024397643
-0.26293656;-1.093739;0.18201812
-0.22753675;-0.9999912;0.2581145
-0.12265441;-0.831243;0.2127416
-0.07468603;-0.6868694;0.15769328
-0.12537383;-0.6088705;0.08865462
-0.19404906;-0.5745964;0.0646737
-0.23727049;-0.54717714;0.07048896
-0.2132539;-0.44086668;0.10014117
-0.14013436;-0.27456835;0.061362933
-0.083201244;-0.032154683;-0.007159654
0.0021890053;0.17427625;-0.024477724
0.0845637;0.31129602;-0.12583219
0.10202596;0.3927868;-0.15066575
0.08943327;0.42360443;-0.15178259
0.08482787;0.48575854;-0.10267608
0.10770604;0.56048185;-0.14151587
0.14007108;0.5890105;-0.10383769
0.13705687;0.5649584;-0.04869515
0.11902049;0.5550917;-0.04833112
0.030372646;0.47844836;-0.023039896
-0.031170635;0.3546337;0.009693082
-0.06946776;0.21495695;0.051504467
-0.107136704;0.11571556;0.078703575
-0.08570936;0.06132245;0.08796286
-0.07247374;-0.02281704;0.08912028
-0.065791495;-0.13075364;0.09629623
-0.06357069;-0.17335291;0.13328698
-0.121950306;-0.17305732;0.11287959
-0.15849775;-0.23532087;0.14030367
-0.19789195;-0.23513168;0.12474293
-0.19464168;-0.22873035;0.15604435
-0.14790085;-0.2767343;0.14358547
-0.12222692;-0.25263742;0.14611839
-0.08840654;-0.21773493;0.1356447
-0.053147107;-0.18981296;0.0147657655
-0.050330184;-0.12997536;-0.05693739
-0.05745165;-0.15085529;-0.10804991
-0.02486757;-0.18005922;-0.10518993
0.019949695;-0.15029739;-0.077901945
0.09486601;-0.045237906;-0.13732155
0.08292405;-0.011190326;0.046392757
0.16087049;0.022297738;0.0996142
0.122446395;0.1584632;-0.06405864
0.027644616;0.17677055;-0.17624691
0.08852194;0.10079144;-0.19099753
0.10363005;0.049383152;-0.12154802
0.048529044;0.08013152;-0.103488415
0.025541985;0.12660521;-0.10154074
0.035277337;0.12940918;-0.12185758
0.06650312;0.03165234;-0.08186107
0.032108746;-0.08405313;-0.034238856
-0.057906754;-0.1453675;0.0038589155
-0.108044155;-0.128794;0.09058713
-0.06377907;-0.1092852;0.1412197
0.0067892424;-0.07180316;0.18172577
-0.0039436063;0.005057471;0.24538061
-0.037529886;0.054045975;0.2588045
-0.07455516;0.06198678;0.3007936
-0.12058163;0.002714425;0.36563486
-0.100371554;0.01154654;0.3800079
-0.10334411;0.09986223;0.27900633
-0.019784668;0.2548898;0.14195505
0.12010977;0.41328683;0.088564046
0.12890032;0.49000445;0.07085124
0.13749525;0.44825357;0.06293099
0.1178087;0.41485286;0.012844791
0.050496962;0.45063227;-0.052224167
0.038053818;0.49488083;-0.29177934
0.3734118;0.5943422;-0.50842345
0.7573232;0.6942237;-0.49423876
0.9527336;0.680379;-0.514141
1.0449994;0.43649068;-0.3675628
1.112562;-0.39143246;-0.03155025
1.0603621;-1.9037709;0.3497598
0.7420397;-3.7542667;0.76105785
0.25613174;-5.2596636;0.97134626
-0.043532114;-5.851481;0.85832703
0.015174308;-5.4749346;0.4366616
0.5012019;-4.398698;0.105579294
1.1681491;-2.9939582;-0.07178657
1.6188942;-1.5889165;-0.26367927
1.4607404;-0.3648832;-0.5046934
0.90609235;0.54559344;-0.7600047
0.52799886;1.2052248;-0.9705038
0.5286491;1.6766798;-1.082653
0.6885443;1.8600938;-1.0567474
1.1352104;1.3818251;-1.0578979
0.93004334;0.91796005;-1.5275683
0.22528467;0.55311805;-1.6783047
-0.21977226;0.39874443;-1.7582687
-0.6226928;0.68149555;-1.869115
-0.8465918;1.2264464;-1.910917
-0.8147734;1.8717822;-1.908421
-0.6236937;2.4693007;-1.9392369
-0.45051748;2.7191906;-1.902952
-0.435414;2.5909774;-1.7028303
-0.5014562;2.247782;-1.436483
-0.55272746;1.9029131;-1.2030927
-0.51093197;1.508268;-1.0234116
-0.41499558;1.2034894;-0.8687293
-0.29762146;1.0721664;-0.6738897
-0.26465967;1.0124207;-0.32661176
-0.26172772;1.011499;-0.20191441
-0.23594469;0.97169924;-0.272469
0.05499425;1.0367343;-0.32735023
0.5299329;1.2543875;-0.30563018
0.94582134;1.25976;-0.19841039
1.100407;0.8374955;0.27174044
1.0990757;0.4590589;0.8267673
0.9980105;0.33912212;1.2520388
0.84215844;0.5025477;1.5406936
0.6862267;0.38016316;1.3263049
0.5364814;-0.18493196;1.0766689
0.5198101;-0.7995081;0.9738351
0.5345981;-1.0302315;0.9196931
0.50580347;-0.7304352;1.0170045
0.38901776;-0.35466063;1.0792286
0.18621422;-0.21029101;0.9446329
-0.013528624;-0.25104532;0.6338313
0.004802101;-0.44302374;-0.033559963
1.4444667;-0.716919;-0.71903545
3.9180734;-1.3922852;-0.06429088
3.9469588;-1.4607031;0.5704423
0.45131695;-0.79668754;0.10947884
-2.6264465;-0.15922502;0.29383308
-3.1870947;0.59137;0.42256644
-1.9824883;0.794971;0.022428166
-0.38286558;0.3562893;-0.32580748
0.73120755;-0.18840607;-0.663771
1.0849661;-0.70072484;-0.98882926
0.94609785;-0.9980799;-1.1785635
0.52250326;-1.179714;-1.3662882
0.24300261;-0.8281461;-0.9695931
0.46315208;-0.2281419;-0.836612
0.37989667;-0.43563852;-0.4036646
0.11641733;-0.49538583;0.009880837
0.033758868;-0.48693365;0.32352966
0.0801321;-0.67392194;0.34632373
0.22973068;-0.86413753;0.036433987
0.34628454;-0.77256006;-0.17085281
0.35827762;-0.39304802;-0.31168225
0.1834971;-0.06131342;-0.2493458
-0.09070232;0.22594926;-0.029164137
-0.42881185;0.25575942;0.06573119
-0.6492995;-0.16414247;-0.027102549
-0.64131457;-0.600064;-0.17168204
-0.39117667;-0.6644262;-0.16547063
-0.21294133;-0.42216593;-0.060501505
-0.23910306;-0.35960776;0.014098796
-0.38503245;-0.6251862;-0.110595964
-0.37677595;-0.89077395;-0.31816426
-0.16392078;-0.8063692;-0.4889064
0.106363386;-0.50759536;-0.5880001
0.2819657;-0.15295127;-0.5625876
0.24744757;0.24951398;-0.5078826
0.0073330523;0.47773618;-0.44614983
-0.21288356;0.42281395;-0.44285735
-0.20780684;0.31325117;-0.42147338
-0.07562048;0.09435093;-0.52858496
0.114503615;0.019230742;-0.4345867
0.24785289;0.18413459;-0.20548187
0.16390732;0.17855768;-0.30266675
0.0030008524;0.08347114;-0.40853965
0.055525683;0.13552691;-0.44948795
0.20067054;0.07717153;-0.5259966
0.28866145;0.07423723;-0.5051723
0.32155415;0.09688978;-0.31976283
0.21036832;0.07438682;-0.19252902
-0.022330344;0.009509458;-0.13683572
-0.18036428;0.016982567;-0.050093573
-0.14741643;0.013586054;-0.1377311
0.010191863;0.010868843;-0.10080989
0.06752849;0.005570074;-0.14939791
0.08214779;-0.00804394;-0.24959645
0.034468234;-0.028310152;-0.30123967
0.027574588;0.033601876;-0.22380424
0.04393467;0.1612565;-0.096621506
0.09452274;0.3227552;-0.07378158
0.10061819;0.42695415;-0.0012127657
0.011744551;0.30718833;-0.081438966
-0.04997936;0.13950066;-0.2624168
0.013141513;0.06785053;-0.26364437
0.09488821;0.029280424;-0.27419674
0.21653557;0.07967434;-0.25763866
0.21385345;0.16998947;-0.19829842
0.11795776;0.023491578;-0.13949811
0.11936621;0.04066826;-0.13073911
0.13611796;0.06065961;-0.25019675
0.024519375;-0.1295973;-0.34183222
0.0852405;-0.19117785;-0.30410543
0.2056924;-0.17169228;-0.285423
0.12705392;-0.14047882;-0.13450296
-0.067106865;-0.11550806;-0.07887312
-0.14431049;-0.04865645;-0.15119053
-0.04669839;-0.054550156;-0.16685086
0.10014129;-0.053015128;-0.037777565
0.15198803;0.0919629;-0.011087532
0.06846542;0.2516953;0.02751303
-0.05772766;0.22010626;0.010523608
-0.10243213;0.09796;-0.0030709815
-0.1413207;-0.024756996;0.032018922
-0.08493156;-0.057305597;0.0045458023
0.01642975;0.14478052;0.0533925
0.0756438;0.11894942;0.05804603
0.08551504;-0.042340465;-0.055040225
0.03403703;-0.0057473728;-0.15319966
-0.035270374;0.020402102;-0.055518713
-0.0657163;0.06632168;0.05133698
-0.10569804;-0.050067656;0.11187037
-0.25643343;-0.63067913;0.15658614
-0.16139674;-0.2951683;0.10417516
0.4333826;1.4763653;-0.29957002
0.32795608;0.5529673;-0.08653102
0.059239868;-0.03887617;-0.0041125133
-0.058858108;0.20639907;0.073296905
-0.08771148;0.29324424;0.1754344
-0.07016919;-0.015404599;0.19200768
0.006364649;-0.33107367;0.21884051
-0.032408282;-0.46798393;0.20183022
-0.10092662;-0.44313717;0.105800115
-0.1026163;-0.28888473;-0.047391158
-0.15396804;-0.15923278;-0.11447542
-0.18254943;-0.036761224;-0.21413894
-0.14603955;-0.029408978;-0.17131114
-0.11370663;-0.17352718;-0.10257626
-0.10034031;-0.46382174;0.05387649
0.07597775;-0.4741824;0.11780822
0.1889072;-0.40434593;0.10381689
0.06987576;-0.41410172;0.13471366
-0.07847439;-0.3312814;0.13081782
-0.2534045;-0.2650251;-0.008334033
-0.2995986;-0.19014509;0.010520274
-0.22717889;-0.28336608;0.08878731
-0.11299311;-0.5923179;0.18782672
0.07210551;-0.6613543;0.24401139
0.1701844;-0.41658342;0.18388098
0.051772527;-0.15514174;0.013120408
-0.17108198;0.1602616;-0.094972424
-0.10874058;0.54070926;-0.17168106
0.025507534;0.72006744;-0.16986439
0.09853103;0.91667897;-0.0631376
0.07569982;0.9645932;-0.017892892
-0.011315143;0.6779245;-0.22306676
0.006572886;0.33921462;-0.26843143
0.13963331;0.1994967;-0.06159573
0.22733165;0.09084736;0.06368728
0.24124032;0.035177886;0.19841076
0.08049225;0.12189231;0.31556454
-0.085606195;0.19438885;0.3157329
-0.21848495;0.19301108;0.51313317
-0.18416296;0.21065886;0.5960534
-0.04420537;0.2341521;0.6510615
-0.079114296;0.23419668;0.6895992
-0.19454144;0.043607336;0.67824185
-0.22750816;-0.25261414;0.42540598
-0.21950652;-0.5020913;-0.017487714
-0.12873022;-0.67667305;0.118041076
-0.12798417;-1.0413384;0.3952141
-0.27426234;-1.5893208;0.72945255
-0.24128488;-1.8527066;1.1179371
-0.2211529;-1.7509153;1.2240372
-0.34879732;-1.1569822;1.1432922
-0.49466285;-0.28183576;1.1021338
-0.61760527;0.41203138;1.0238945
-0.46908423;0.7327501;0.8222406
-0.23464239;1.1487001;0.47029248
-0.1220889;1.18146;0.11373399
-0.09142113;0.95766807;-0.12932532
-0.0825119;1.2005094;-0.36596024
-0.11600952;1.7541575;0.1197318
-0.067807615;2.8892636;0.56453544
0.15825391;3.8254733;0.67350334
0.35160312;3.7650661;0.6606777
0.3437825;3.0925217;0.23635465
0.259401;2.1521423;-0.17341629
0.1575208;1.3639014;-0.44185802
0.03851664;0.6426836;-0.67223644
-0.078561686;0.028990632;-0.81903917
-0.12222435;-0.41586998;-1.0028876
-0.12590449;-0.7280085;-1.4093413
-0.24134858;-1.2886568;-1.9606762
-0.41182888;-2.2528005;-2.5064316
-0.4169631;-3.0366154;-2.6988952
-0.19607048;-3.4792924;-2.5239599
-0.08185638;-3.908434;-2.5332305
-0.1748601;-4.232997;-2.7265844
-0.30238807;-4.1426477;-2.2062676
-0.57003546;-3.4703681;-1.4759516
-0.7060284;-1.9200445;-0.9495112
-0.5866977;-0.5485356;-0.615859
-0.46310815;0.07992152;-1.3754996
-0.42673653;0.088937216;-2.3128998
-0.44451421;-0.63510025;-2.9503198
-0.38373637;-1.5080801;-3.4977558
-0.1538641;-1.8939642;-3.2919548
0.26753372;-1.6526713;-2.4773138
0.64215195;-0.7971371;-1.5943509
0.6387216;0.28104037;-1.0004808
0.33285227;1.0310823;-0.22225963
0.006906811;1.4498658;0.6003173
-0.15072455;1.7473927;1.3677539
-0.11432964;2.1197891;1.772328
-0.03208871;2.1864562;2.0116124
0.08682903;1.961665;2.2389774
0.24446322;1.788082;2.206807
0.43619558;1.5179657;2.232633
0.5895815;1.2268724;2.3665752
0.58729017;1.018998;2.500096
0.46983212;0.9839484;2.4290807
0.4227407;1.1215338;2.1576202
0.40069258;1.081602;1.6630101
0.51742905;0.8090316;1.1465214
0.5358182;0.6691003;1.018682
0.2286546;0.7040302;1.1157268
-0.07332633;0.7757242;1.1738315
-0.18366106;0.74557936;1.1921902
-0.24067885;0.55583847;0.88812715
-0.29879308;0.107170776;0.07515014
-0.33278447;-0.7205134;-1.0025752
-0.31935257;-1.6795357;-1.9087008
-0.27423206;-2.2530036;-2.3738356
-0.22563565;-2.289903;-2.6615684
-0.10863352;-1.8069223;-2.6730049
-0.06503181;-1.1767879;-2.5196538
-0.15515044;-1.0164303;-2.434473
-0.20224535;-1.3506442;-2.3007035
-0.1711713;-1.6055154;-1.9811878
-0.05881203;-1.3469123;-1.3099502
0.068575375;-0.65877986;-0.54483515
0.1611103;0.016726132;-0.020243136
0.14451323;0.45088091;0.38380548
0.12186059;0.6107047;0.77735686
0.10686348;0.6510638;1.0718855
0.01986578;0.736476;1.3231335
-0.021607377;0.9641808;1.5022568
-0.032910902;1.1275947;1.5064929
0.02679628;1.1552007;1.3989443
0.16206202;1.1804106;1.1629055
0.18277462;1.1224535;1.0412619
0.1493447;0.9510878;0.98613447
0.12260076;0.79524523;0.84281385
0.1605806;0.5424462;0.6687823
0.15971449;0.22458194;0.56705713
0.096521586;0.06716555;0.4427082
0.03659227;0.01623244;0.3158853
0.016773816;-0.058889046;0.16052073
0.022794053;-0.11586124;0.04404159
0.005735242;-0.198939;-0.079610474
0.042088192;-0.19977619;-0.18790713
0.06492055;-0.20982096;-0.27141947
0.08943644;-0.28035676;-0.39916682
0.030924154;-0.3461604;-0.55683345
-0.09713568;-0.35505334;-0.69077927
-0.11208354;-0.39654267;-0.6729359
-0.06466683;-0.43910912;-0.6180362
-0.039233465;-0.3669123;-0.638179
-0.043886773;-0.35915485;-0.5871057
-0.056984417;-0.44669887;-0.5884346
-0.033087533;-0.4948591;-0.61606014
-0.013970028;-0.5021373;-0.5303481
-0.0018010222;-0.3204598;-0.3680285
-0.0014408177;-0.11886786;-0.1975478
0.017597346;-0.10134429;-0.11585073
0.020327877;-0.04982543;-0.103618085
0.022512302;0.035139658;-0.006331969
-0.006990159;0.12811172;0.048059426
-0.04621713;0.22436439;0.05094754
-0.024473703;0.23886651;0.12982053
0.03042104;0.2629682;0.19604392
0.05558683;0.31662455;0.23808514
0.0038444647;0.34392464;0.22015561
-0.021924429;0.3282647;0.21518698
-0.011289543;0.2813618;0.1752746
0.028468367;0.24383943;0.12928218
0.044649694;0.12944654;0.13623823
0.035719756;0.03793223;0.108990595
0.025450803;-0.013404217;0.12312997
0.057860643;-0.010723373;0.13444148
0.052538514;0.0664213;0.121615686
0.013905811;0.04688704;0.13948004
0.004874649;-0.049990367;0.16314654
-0.0023502808;-0.055617295;0.15082973
-0.0050052246;0.027381165;0.16128878
0.0116208205;0.09690493;0.10090603
0.015546656;0.09002394;0.05416232
0.028062325;0.059519157;0.015204857
0.03494986;-0.030509675;0.0106013855
0.043584887;-0.10565774;0.04910611
0.09736791;-0.040776193;0.13615988
0.13726933;0.023629047;0.23236541
0.100440465;0.072028235;0.21245483
0.06160237;0.11074759;0.18871386
0.052406896;0.05109807;0.1728461
0.05130052;-0.027871542;0.08046437
0.019165413;-0.07229723;0.062809
-0.02216767;-0.08596279;0.086184695
0.0041408646;-0.06252023;0.04394776
0.03143769;-0.0062661837;0.008595707
0.065775156;-0.011262947;0.047501564
0.046370123;0.025364643;0.08018875
0.0558461;-0.004708286;0.086026005
0.069676876;-0.022516629;0.0891333
0.040116504;0.003861697;0.12755664
0.016468203;0.05621436;0.17313907
0.013174562;0.15434648;0.1767925
-0.030085351;0.17035219;0.15471525
-0.014693281;0.17065676;0.06674095
0.0038703757;0.1302754;-0.02629474
0.0155963;0.08234532;-0.058535792
0.01560204;0.037751257;-0.059328634
0.031231632;-0.044798996;-0.039650407
-0.0031396942;-0.1014642;-0.041095324
-0.043136757;-0.065546356;-0.014126261
-0.025134405;-0.07118709;0.026198993
0.004892477;0.014925332;0.036584195
0.0101639815;0.071315266;-0.0051076454
0.008131185;-0.008572788;-0.011898616
-0.012245052;-0.06935823;0.007668607
-0.009796042;-0.08048658;0.0030098855
-0.017211834;-0.05813927;-0.0022795915
-0.045019466;-0.10276141;-0.0018236733
-0.032890573;-0.20095913;0.05244731
-0.013812459;-0.18264231;0.1161766
-0.026674967;-0.058613844;0.15466003
-0.058839973;-0.0031410751;0.16357177
-0.05332198;-0.00876286;0.14804491
-0.027032584;-0.09138529;0.20671718
-0.046626065;-0.12623324;0.054436248
-0.031050853;-0.22911158;-0.008013502
-0.08109068;-0.40203926;-0.17437956
-0.06487255;-0.48413143;-0.33325365
0.019976962;-0.5185551;-0.41347793
0.04410657;-0.6085941;-0.5760948
-0.008464743;-0.7056253;-0.7483759
-0.063021794;-0.83950025;-0.96432567
-0.11291744;-0.9403502;-1.1589606
-0.14345895;-1.0210302;-1.3209184
-0.042892158;-1.0293242;-1.1004847
0.034436274;-0.7484593;-0.4960128
0.046299018;-0.29876745;-0.14056024
0.090164214;-0.026513947;0.1625518
0.094006374;0.24753883;0.44722894
0.015830098;0.58553106;0.62340814
-0.009210922;0.87467486;0.9112265
0.011381262;1.1528649;1.2008562
0.07785501;1.4222919;1.3059975
0.162284;1.5409585;1.3221418
0.2017022;1.5890168;1.3850571
0.23011176;1.6962135;1.4182996
0.29346442;1.7475958;1.4083701
0.45664653;1.6980766;1.3011101
0.5996922;1.5397112;1.4102241
0.6485038;1.4833316;1.5785699
0.53130305;1.4569777;1.3987935
0.29379243;1.2468321;1.329191
0.38815895;1.0974658;1.679759
0.48552716;1.2310976;1.5219322
0.44467172;1.213003;1.5300457
0.23386237;1.1110275;1.4802866
0.0964649;0.85444695;1.2154793
0.09592192;0.59449506;0.9536334
0.08611254;0.44122106;0.6660318
0.009515028;0.25610185;0.37032542
-0.14863798;0.06425648;0.11657282
-0.16266038;-0.27984482;-0.34580424
-0.1145033;-0.7160634;-0.5672684
-0.15097764;-0.99785066;-0.8272522
-0.2707821;-1.4389056;-1.5520362
-0.33225068;-2.2542493;-2.2451446
-0.25330055;-3.2002745;-2.7609594
-0.16826545;-3.8789697;-2.9126737
-0.24086235;-3.7781758;-2.5567014
-0.6145649;-2.9412906;-2.2469237
-0.8197769;-2.0342824;-2.0959764
-0.5683215;-1.464926;-1.9111562
-0.41715723;-1.3906908;-1.7804874
-0.38685077;-1.6313026;-1.690015
-0.10948062;-2.130042;-1.427012
0.14054051;-2.1540337;-0.79785955
0.17180741;-1.2294769;-0.11328766
0.059320923;0.04766845;0.63436985
-0.0025432624;1.1068847;1.2199959
0.01046539;1.7917578;1.5853717
0.04274731;2.2521563;1.7641958
0.118572846;2.54235;1.7980754
0.14798328;2.762005;1.7083822
0.17463662;2.684604;1.6407292
0.2865843;2.4070582;1.7493021
0.36676744;2.1725216;1.9010042
0.43716395;2.0442672;2.073147
0.45285615;2.010414;2.0850801
0.37165993;1.9411435;1.7883767
0.36920294;1.6341648;1.5619513
0.45161235;1.2276443;1.4198736
0.46128988;0.996178;1.1905863
0.27840692;1.0438174;1.0805941
0.044600524;1.263179;0.99728775
-0.06431958;1.3769494;0.7572052
-0.117080666;0.87734073;0.099514164
-0.14991453;-0.2996899;-0.80945116
-0.08243162;-1.6944394;-1.8549829
-0.1065703;-2.9368014;-2.7382832
-0.06650624;-3.9088163;-3.3148453
0.196795;-4.358303;-2.9581263
0.20743601;-3.5741425;-1.9243134
-0.3840512;-1.6218139;-0.9761695
-0.77599096;-0.09745113;-0.41531062
-0.5707928;-0.0560859;-0.7955297
-0.4660092;-1.4667437;-1.6582989
-0.47593236;-2.948395;-1.873514
-0.4213709;-2.989966;-1.6003737
-0.19959672;-1.8232228;-0.989674
-0.006552373;-0.29607823;-0.10423919
0.1010081;1.0881374;0.8275462
0.09643148;1.9392599;1.5385994
0.042770185;2.148283;1.8320514
0.06859115;1.8717513;1.9121255
0.051747918;1.4755261;1.9867316
-0.0086016655;1.2272959;1.9206353
-0.028756332;1.0693367;1.6990082
-0.029255066;0.99609435;1.5420191
0.042220946;0.96562546;1.2554903
0.20565176;0.9006254;0.90126723
0.2926464;0.7705003;0.62882626
0.3028671;0.6570253;0.40774852
0.2016687;0.4162452;0.030105071
0.08320996;-0.023253841;-0.39779094
-0.017807031;-0.48110306;-0.67604524
0.004504374;-0.6755075;-0.6345862
0.1411035;-0.81540596;-0.45805958
0.2347578;-1.0273248;-0.35277578
0.32218122;-1.1124848;-0.16190813
0.320245;-0.97123784;-0.001401509
0.271821;-0.65824026;0.037160043
0.1487068;-0.23596723;0.14300929
0.009590436;0.18622622;0.29800117
-0.16420265;0.495856;0.3844947
-0.22823712;0.75293475;0.59978324
-0.08258969;1.0742228;0.7298266
0.112053245;1.2843783;0.5963613
0.2177676;1.2775027;0.6005265
0.102339074;1.165752;0.7366712
6.2126014E-4;1.1044767;0.82214946
-0.03387799;1.0523313;0.91865706
0.013522606;0.83561504;0.90992564
0.08581808;0.51849204;0.82950306
0.06240447;0.23041864;0.7417274
-0.0032014255;0.11245991;0.6808819
-0.027561141;0.26496792;0.5947056
-0.0032989122;0.5713493;0.67888945
0.03486087;0.96957946;0.7681115
0.1091387;1.3694136;0.61761427
0.17168596;1.3986559;0.4972164
0.14672376;0.9548622;0.4102731
0.18925402;0.39045227;0.23759349
0.2826532;-0.032950696;0.1463248
0.23237257;-0.34667307;0.12018484
0.12964806;-0.29296345;0.111772865
0.04434344;-0.024995757;0.1612933
-0.005150245;0.3940659;0.23215963
0.033379804;0.6949402;0.3076027
0.070453845;0.77001464;0.18983217
0.15323807;0.5081992;0.07061573
0.15696546;0.059684392;0.10649259
0.06932237;-0.12568998;0.07894407
-0.019542105;-0.2489895;0.16940525
-0.11563368;-0.3054416;0.2573992
-0.18938194;-0.23654078;0.28404436
-0.09525556;-0.13610762;0.22098549
0.07379556;-0.051073596;0.13303839
0.15278645;-0.0017963762;0.08768071
0.17535415;0.1641879;0.05139457
0.12778333;0.4126003;0.12549065
0.03660166;0.58164275;0.14414252
-0.020718673;0.5325017;-3.109795E-4
-0.016574938;0.19006386;-0.084623784
0.0023650492;-0.10732391;-0.11769903
0.06751704;0.023515873;-0.06290922
0.107138634;0.3516252;-0.012827377
0.1482109;0.6742689;-0.029011901
0.16856873;0.7464464;0.02679048
0.09735498;0.6065321;-0.009817617
0.059133984;0.4664757;-0.057854094
4.321868E-4;0.41693056;-0.08378328
0.028470749;0.5155757;-0.08890162
0.0977766;0.57339805;-0.2648713
0.19697128;0.5657497;-0.34002203
0.22007702;0.5729123;-0.26264262
0.08856162;0.6614548;-0.1319891
