-0.0066208425;0.07681826;0.01240858
-0.006859174;0.033329606;0.009926863
-0.003924839;-0.017086314;0.007941491
0.010922628;-0.05429405;0.025103193
0.015769353;-0.06218524;-0.004917446
0.022771733;-0.052873194;-0.022683958
0.0010298858;-0.053236052;-0.018147165
0.0047301585;-0.025401343;-0.0020177322
0.003784127;0.0078039253;0.010885814
-0.02587895;0.02968064;0.008708651
-0.019140659;0.037807014;-0.011783079
-0.020781277;0.05055811;0.0030735368
-0.0049062716;0.015446488;-0.0037911704
0.005449983;-0.023580309;0.0094670635
0.013734986;-0.043864246;-0.01117635
-0.004637011;-0.025716398;-0.015191079
-0.003709609;-0.0018231185;0.012847137
0.025938563;0.028229006;0.010277709
0.01293835;0.041333202;-0.016777832
-0.00449307;0.039316565;-0.019672265
-0.0035944558;0.0048907506;-0.015737813
-0.012250565;-0.0195249;0.00615975
-0.0066754515;-0.04843242;0.0174278
-0.010809111;-0.059058435;-0.00480776
-0.008647289;-0.047246747;-0.003846208
-0.0108240815;-0.0534224;0.0031730335
0.008528235;-5.504191E-4;-0.009961573
0.005260088;0.032372165;-0.0017192586
0.00811432;0.06964773;0.011124593
0.017428957;0.057280686;-0.0036003254
0.010818165;0.030199548;-0.015380261
0.004748282;0.013222138;0.0064457916
0.009267376;-0.012859789;0.017656634
-0.0019610994;-0.030600332;0.0078753065
-0.01328763;-0.038542766;0.0063002454
-0.0028176038;-0.024584211;0.0050401962
0.009464667;0.0068951305;-0.008467843
0.010696733;-0.0038588957;-0.006774274
0.0015261369;-0.0015246165;8.305805E-4
0.01840841;0.009717807;0.013164464
-0.006367022;0.021836745;0.010531572
-0.022281118;0.0034068963;0.008425257
-0.013918645;-0.016024483;-0.012009794
-0.009572416;-0.006569586;-0.015857836
-0.0021891824;0.005681831;-0.012686268
-0.003313846;0.029545465;-0.0038990146
-0.0010885767;0.009573872;0.009380789
0.0014728886;0.024846597;-0.0049953694
-0.0011654391;0.023002278;-0.0039962954
0.0029738988;-0.006598178;0.0030529636
0.006285369;-0.013091042;0.014942371
-0.012159205;-0.033910334;0.0057038967
-0.021446114;-0.030253267;0.0045631174
0.003936859;7.9738646E-4;-0.0025995062
0.014868237;-0.0056120907;0.004170395
0.02361334;0.0033228274;-0.002913684
0.007171922;0.004220762;-0.008580947
0.0135500375;0.02525161;0.011885243
-8.787201E-4;0.015513788;0.015758194
-0.025702976;-0.00633897;0.006356555
-0.014312381;-0.009758676;0.005085244
0.0033938454;0.009380559;-0.020931805
0.0050588264;-0.004995553;-0.022995444
-0.01939044;-0.025871443;0.006603645
-0.015512351;0.0043028463;-0.019717084
0.014933869;0.034692276;-0.009523667
0.021322096;0.038691323;0.011131066
0.0053389263;-0.0018594427;0.008904853
-0.005103859;-0.020237554;0.0071238824
-0.009551837;0.015059956;0.018199107
0.00720228;-4.5203464E-4;0.027059285
0.008105574;-0.019111628;-0.0033525722
-0.0075780405;-0.021539303;-0.0026820577
-0.015437433;-0.023481442;-0.008395646
-6.31196E-4;-0.017222654;-0.012966517
0.020588793;0.033096876;-0.016623214
0.024283534;0.026477503;-0.007048571
-1.0442237E-4;0.019619502;6.111433E-4
-0.003989788;0.012570601;-0.012011086
-0.020379331;-0.002443519;-0.015858868
-0.024115965;-0.0019548154;-0.018937094
0.0057072286;0.004686148;0.028600324
0.004565783;0.008436418;0.02288026
0.009902626;0.016124135;0.018304208
-0.002234149;-0.0011631923;0.014643366
-0.0056935693;-0.019680554;-0.007035307
0.0056013945;-0.012619443;0.0068717543
0.008387365;-0.013220554;-0.025752597
-0.0073526073;-0.029326444;-0.020602077
0.004274164;-0.012523655;0.002268338
0.0073255813;0.010293576;0.0080646705
0.011329215;0.04573486;0.012701737
-0.008124128;0.058462888;-0.0023386108
-0.0025930523;0.02645781;0.016879112
0.005738058;0.003978749;0.03850329
0.0061529465;0.010995499;-0.019197369
-0.016171392;-0.0052661006;0.003392105
-0.018405864;-0.030775381;-0.003536316
-0.009255941;-0.06680781;-0.009079053
0.009782746;-0.051883742;-0.013513242
0.0039199474;-8.819949E-4;-0.017060595
0.005479708;-0.0069555957;-0.013648475
0.0020400165;0.050685525;-0.00466878
0.017257012;0.05148592;-0.003735024
0.02318061;0.031813733;0.02201198
0.022450738;0.022325987;0.0051095844
-0.0086019095;6.7329034E-4;-0.0021623324
-0.030319028;-0.030711368;-0.0017298658
-0.024255222;-0.035506595;0.011116107
-0.017060427;-0.020592775;0.0026428858
0.016820408;-0.0039742202;-0.004135691
0.030643826;0.0030706238;-0.003308553
0.0073275613;0.010268999;-0.021396842
0.005862049;0.012902699;0.001632526
-0.007029111;0.03063466;0.0013060209
-0.009529538;0.012007727;0.0135448165
-0.005279881;-0.002893818;0.029585853
-0.012036405;0.008622445;0.023668682
-0.017441623;-0.010289543;-0.018565053
0.009484201;-0.020731635;-0.008602043
0.009149861;-0.021272808;0.011868365
0.0018511387;-0.010768246;-0.021755308
-0.010237839;0.0085729025;-0.017404245
-0.0042840214;0.011545822;0.011076603
0.008291533;0.024861658;-0.0036387176
-0.0035230236;0.010514326;0.0033390261
0.014369081;-0.0150260385;0.0026712208
0.027120264;0.03641667;-0.004113023
-9.600381E-4;0.015070835;0.009209582
0.0031382195;-0.0145058315;0.0011176651
0.0056355754;-0.0069171656;-0.011605868
-0.01033529;-0.014908733;-0.021784695
-0.014518231;-0.041614488;0.0138222445
0.011822915;-0.027041588;0.023557795
0.014927082;-0.007570771;0.0063462364
-0.0052458346;-0.018556617;-0.0011730108
-0.0135716675;0.011717207;-0.0071884086
-0.014763584;0.024998765;-0.012000727
-0.006342117;0.034061514;0.009149418
0.0011763062;0.03037421;0.013569535
-0.002965205;0.038361866;-0.0016443721
-0.015653415;0.0103769945;-0.020065498
-0.007053981;0.0051765954;0.008947602
0.006075565;-0.045858722;0.0071580815
0.023610452;-0.05699948;0.011976466
0.014982112;-0.03622458;-0.0029188278
0.010423189;-0.0133546665;-0.008585062
-0.011192699;0.011191267;0.00563195
-0.015985409;0.035515513;-0.0017444398
-0.007319577;0.033099912;-0.020145552
0.009769338;0.04679243;0.008883558
0.0015654707;0.045246445;0.025856847
0.014533627;0.014322154;0.020685477
-0.0016543488;5.2022346E-4;-0.020951618
-0.001323479;4.1617875E-4;-0.016761294
-0.008871283;-0.016854556;-0.025909036
0.0069654733;-0.030671146;0.0042727715
-0.0061463714;-0.026099417;0.028418217
0.002895403;-0.033379532;0.0039845738
-0.011746177;-0.017328627;-0.009312341
-0.014865692;-0.0013629012;-0.007449873
-1.7380367E-4;0.0067221792;-0.012209898
0.0076734573;0.028815243;-0.0035179185
0.0022325157;0.023052195;0.022185665
0.015067263;0.026254255;0.005248532
0.01205381;0.022565905;-0.0020511744
0.019018048;-0.008509777;0.01085906
-0.0019730616;-0.016182821;0.008687248
-0.0031409492;-0.014508757;0.0069497987
-0.0048565096;-0.0069195055;-6.90161E-4
-0.026541458;-0.030535605;-0.013052129
-0.027483165;-0.024428483;0.008308297
-8.927828E-4;0.017957212;0.019146638
0.011004523;-0.01532173;0.01531731
9.91119E-4;-0.013819884;-0.006496152
0.008605395;0.024881594;-0.030196922
-0.008740684;0.043342773;-0.0054075373
-0.003086297;0.02061172;0.02067397
0.022530962;0.008676875;0.0040391763
0.02818102;0.0053790007;0.009481341
0.018638566;-0.0206968;0.0138350725
-0.0061828974;-0.02436994;-0.0076819416
-0.0127588175;-0.0038709517;-0.031145554
-0.027394554;0.018778238;8.355724E-5
-0.018009393;0.03533509;0.006316846
0.016061235;0.028268073;-0.0011965233
0.030036489;0.003864458;-9.572187E-4
0.012310441;0.0030915665;-0.007015775
-0.015151648;-0.019401746;-0.00561262
-0.004308818;-0.029583897;-0.004490096
0.0059279455;-0.05179212;-0.009842076
0.0016173564;-0.036746193;-0.0016236614
0.008325135;-0.018459456;0.029951071
0.0011913581;0.057107437;0.017710857
-0.016234413;0.048810948;0.007918686
-0.024706282;0.039048757;0.012584948
-0.023671275;0.024989007;-0.021182042
-0.01112452;0.019991206;-0.016945632
-0.0010871157;-0.010569535;0.0051934933
-0.0032134426;-0.02720563;0.016654795
0.024772996;-0.045202002;-0.0054261643
0.025287148;-0.053349104;-0.010590931
0.0069484673;-0.036429282;-0.002222745
-0.0116287265;0.013044074;-0.014278196
-0.009302981;0.03856026;-0.011422557
-0.0019736346;0.021473208;0.0033619546
0.008577342;0.042178567;0.015189564
0.004518124;0.027492853;0.012151651
0.002051999;-0.004568218;0.0034713207
-0.015545901;-0.016154574;-0.009722943
0.014125779;-0.016048659;0.0047216453
0.0019256235;-0.030026427;0.016277317
0.012477999;-0.003708642;-0.011978147
-9.551009E-4;0.011095586;-0.022082517
-7.640808E-4;-4.9853086E-4;-0.011416014
0.004857485;-0.009773824;0.0033671886
-0.003926512;0.0046809404;0.0089437505
-0.02032871;0.0037447521;-0.005344999
-0.010794218;0.015495801;0.0019740006
0.001520876;-0.0063533587;0.0015792005
0.010591701;0.0011673131;0.0012633604
-0.02590164;9.3385053E-4;-0.0052393116
0.008184939;-0.01956542;-0.0104414495
0.0065479507;-0.007839835;0.01664684
-0.010386639;-0.05002187;0.032067474
0.0010656886;-0.025954995;6.539779E-4
0.016477551;0.026111005;-0.04322682
0.01865079;0.058388803;0.0029185459
-0.0038293675;0.04046104;0.014834837
0.002405256;0.002681334;0.01811787
-0.0035445453;-0.008792433;-0.023005705
-0.016116885;-0.007033946;-0.024654564
0.001950241;-0.015002157;-0.01972365
0.014841443;-0.032314226;-0.009528921
-0.0029705956;-0.05553888;0.011126864
0.0030922734;-0.028806105;-0.009848509
0.014192569;0.022267617;0.004621193
0.003541555;0.041251592;0.016196955
0.006739494;0.054876275;4.5756326E-4
0.021016596;0.04546352;0.012866051
-0.015999224;0.044183318;0.01029284
-0.028424378;0.019721653;0.0019842724
-0.009458253;-0.020160178;-0.010912582
2.458974E-4;-0.03956564;-0.014980066
0.006446718;-0.055090014;0.025515947
0.023907375;-0.062822014;0.001662758
0.03084465;-0.039320108;-0.023669794
0.01530072;0.010731413;-0.018935835
-0.012759425;0.04608513;-0.002648668
-0.02973879;0.057180606;0.035381064
-0.025353532;0.037931982;0.028304853
-0.005439075;0.013158087;0.003893882
-4.450102E-4;-0.0066610305;0.015615106
-0.0019185082;-0.024078824;-0.0125079155
-0.0038785564;-0.05207556;-0.016256332
0.010178405;-0.046347946;-0.019255066
0.014392724;-0.023015859;-0.0091540525
-0.004110821;0.025337314;0.017676758
0.004523843;0.02808235;-0.004608594
-0.0018496754;0.024028381;-0.016186874
0.0039890097;0.0145352045;0.0183005
0.0070974575;0.019440664;0.0083904
-0.017759534;-0.0016349691;4.6232E-4
-0.019676376;-0.0091204755;0.006619856
-1.1610163E-4;-0.01198388;0.024045885
0.0038133687;-0.011149604;-0.012013292
0.008519445;-0.0057946835;-0.022110634
0.020096807;-0.007760747;-0.011438507
-0.005016305;0.0047289026;0.009599195
-0.013388044;0.013158122;-0.017320644
-0.0068041855;0.0042764978;0.0048934845
0.011744152;-0.016891303;-0.008585213
0.009395322;-0.013513042;-0.00686817
0.023141257;-0.029560434;-0.005494536
0.0067942557;-0.0048983465;0.0143543715
-0.007845845;0.046081323;0.011483497
-0.020339176;0.03686506;-0.009563202
-0.017833842;0.029492047;0.017349439
-0.0025483228;0.012656137;0.013879551
0.008898842;0.00856241;-0.01389636
-0.021005927;-0.016587572;0.0013829123
3.8275868E-4;-0.03983256;0.0011063298
0.0018687069;-0.047491048;-0.017864937
0.0077449656;-0.042680338;-0.026791949
0.011664722;-0.01851927;-0.0026835592
0.003863028;0.008622085;0.0041031525
-0.0031595777;0.03814767;0.009532522
-1.8391211E-4;0.030518133;0.0076260176
0.0068841204;0.038477007;0.012350814
0.0023822961;0.033906605;0.009880652
-0.009812913;0.014625285;0.026654521
-0.0062878304;-0.008612272;0.015073617
-0.005030264;-0.045952316;-0.025441106
0.009257038;-0.049261853;-0.0141028855
0.011311881;-0.03472198;-0.017532308
-0.0018879953;-0.027777586;0.010974154
-0.034322895;0.0012154306;0.008779323
-0.019645818;0.049409844;-0.017976541
0.0053770966;0.07546537;0.023118766
0.033207927;0.0744348;0.018495014
0.0109413415;0.03767284;-0.0039539896
-0.020153176;-0.018299228;0.0030868084
-0.012216291;-0.04588938;-0.0037805531
0.007414467;-0.052336507;-0.021774443
0.019212823;-0.029369205;0.001330446
0.023182759;-0.029745365;0.007314357
-0.010360043;-0.030046292;0.012101485
-0.016100535;-0.0052870326;0.015931189
-0.0066304277;0.019207874;-0.02475505
-0.017023092;0.0606788;-0.02605404
-0.015180973;0.06104304;0.0041567683
-0.0012072788;0.011334431;0.0095754145
0.006846677;-0.008119955;0.0076603317
0.0054773414;-0.028370963;0.012378265
-0.0034306268;-0.03363427;-0.015097388
0.018349249;-0.039407417;-0.0058279103
0.022491898;-0.039338432;0.0015876719
0.01799352;-0.039283246;0.0012701375
-4.4893473E-4;-0.015801597;0.0010161101
-3.591478E-4;0.04048372;-0.024187112
-0.029193569;0.058949478;-0.0068496894
-0.021792354;0.07215958;0.01952025
-0.0041526337;0.059290167;0.015616199
-9.783569E-4;0.025557132;0.006242959
-7.826855E-4;-0.002991794;0.0049943672
-0.020157399;-0.039893433;-0.033504505
0.008874081;-0.05535225;-0.001803605
0.020380516;-0.0739693;0.023557115
0.018648162;-0.045112938;-0.018654307
-0.0022689705;0.002972149;-0.008673445
-0.013533927;0.04456522;0.018061243
-0.01863964;0.048152175;0.008198995
0.017900787;0.04320924;0.006559196
0.01822688;0.04550489;0.011497357
0.0028627538;0.025466414;0.021697884
7.2770304E-4;0.004748131;-0.0076416917
-0.005667838;-0.029013995;-0.024863353
0.0032782299;-0.0669612;-0.0011406827
0.014341334;-0.06763145;-9.125462E-4
0.026316818;-0.038480166;-0.006980037
-4.0296272E-5;-0.0135966325;-0.02433403
-0.024250988;0.023497693;0.011782777
-0.02721329;0.06254815;0.01567622
-0.025676882;0.050038524;4.0976865E-5
0.013833495;0.018155819;0.0062827817
0.012629296;-0.0042253444;-0.0012237749
-0.0031778135;-0.0065052756;-0.0134790195
-0.011917251;-0.01614172;-0.010783216
0.024841199;-0.033225875;-0.0023765727
0.02924796;-0.0390807;0.004348742
0.027304618;-0.04845206;-0.0090210065
-0.006281306;-0.021574149;-0.019716805
-0.015181295;0.032740682;-0.009523444
-0.042613786;0.044942547;0.0048812446
-0.020809779;0.042204037;0.022654995
-0.012741573;0.021263229;0.011873997
0.010900492;0.034198083;0.015749197
0.012626643;0.032045968;0.006349358
-0.0055236854;-0.008738227;-0.013670513
0.007299802;-0.036678083;-0.004686411
0.009746091;-0.062154964;0.008750871
0.034359373;-0.06222397;-0.017999303
0.0181125;-0.038841676;-0.026899442
-0.0042600012;1.766578E-4;-0.002769554
-0.015126751;0.037641328;0.010284357
-0.008195151;0.06136306;0.026977485
-0.03389987;0.04752795;0.015331988
-0.0060261465;0.04114736;0.006015591
-0.0024771672;0.045417886;-0.0014375275
0.0034870163;-0.00429069;-0.0011500219
-0.001116637;-0.045620054;0.0053299824
0.01082544;-0.07087104;-0.008236014
0.014129102;-0.07232183;-0.025338812
-0.005884218;-0.057857465;-0.014021049
0.016386375;-0.0134734735;-0.01746684
0.015452851;0.029846221;0.0047765286
0.0061122803;0.07075198;0.047571223
0.007233574;0.07378908;0.03180698
-0.0074943905;0.054343764;-0.005804417
-0.020058012;0.027850011;0.014106466
-0.01604641;-0.02459499;-0.0012148271
0.006694122;-0.088425994;-9.7186165E-4
0.0069177975;-0.09105329;-0.03202749
0.025065487;-0.033780135;-0.05062199
-0.0010413595;0.05422589;-0.015497593
-0.010208088;0.09181821;0.012601925
0.0012085299;0.07501707;0.04133154
-0.006845676;0.038138658;0.026815232
-0.007039041;0.025823426;0.002702186
0.0076500173;0.01128374;-0.0040882514
0.006120014;0.009026992;-0.0032706012
-0.010728989;-0.041215908;-0.015116481
-7.7069114E-4;-0.084535226;0.012906815
0.004852197;-0.09419068;0.016575452
0.0038817576;-0.047227543;-0.005489638
0.0031054062;0.023155466;-0.0043917107
0.006390575;0.048211873;-0.0035133685
0.01292496;0.060444497;-0.0028106947
-0.020128783;0.0546056;0.004001444
-0.014540526;0.045246977;-0.009298844
-0.01866367;0.033072583;-0.0011890758
-0.0055559366;-0.0141669335;0.01154874
0.014305251;-0.059771046;-0.0032610085
0.005975451;-0.06031684;-0.0026088068
0.0047803605;-0.05294097;0.010412955
-0.0055507114;-0.022040276;0.008330364
-0.008346819;0.008930279;-0.005835709
-0.0027712055;0.016519222;-0.0046685673
0.014970535;0.0022778786;0.015015146
0.0041639283;0.048697304;-4.8788305E-4
-0.006043857;0.056145344;-0.012890306
6.3366425E-4;0.029291274;0.020937756
-0.011211819;-0.03281698;-0.008249796
0.006655545;-0.024691084;-0.019099837
0.010793186;5.596322E-4;-0.01527987
0.004728299;-0.019864794;-0.024723895
-0.0016861109;-0.031516835;-0.013529116
9.948612E-4;-0.01896347;0.014176707
0.003920889;0.006704225;0.036341365
-0.01951954;0.0022383803;0.016573092
-0.010146881;0.015853204;-0.017991526
-0.019055005;0.0064325635;-0.020643221
-4.0025386E-4;4.585507E-4;0.008485423
0.007492297;0.01442934;5.383386E-4
0.029431337;0.0052934727;4.3067092E-4
0.00792007;-0.009827722;-0.0059054634
-0.006945194;-0.0031746777;-0.004724371
-0.007899906;-0.010352242;-0.010029497
-0.011788674;-0.0035942937;-0.008023597
0.0077565606;-0.010687935;0.0123311225
-0.0016072515;-0.005425348;0.0036148978
0.004964199;0.009722222;-0.0033580817
0.01881511;0.009340277;-0.008936466
-0.0021354128;0.019972222;-0.013399173
-0.01733333;-0.019959722;0.008030662
-0.019335413;-0.037842777;-0.01857547
-0.011562081;-0.042774223;-0.0023603763
-0.0037809152;-0.020156877;0.004361699
0.021975268;-0.013000502;-0.009010641
0.017580215;0.023974597;0.024041487
0.024220422;0.03480468;0.00673319
0.005313837;0.020031244;0.017886551
-0.01840518;0.0066499943;0.020559242
-0.024099145;-0.0056175045;-0.0023026068
-0.0044355653;-0.021681504;-0.0018420854
-0.007454702;-0.022032702;-0.007723668
0.013567488;-0.009813663;-0.0061789346
0.00851024;-3.8429887E-5;0.0013068522
0.0068081925;0.015594256;0.0010454818
0.005446554;0.021850405;-0.011663615
0.0145134935;0.022167824;-0.009330892
0.0014545445;-0.011953241;0.011285286
-0.026961364;-0.004875093;0.0027782293
-0.020006591;0.007037426;0.008472583
-0.013661523;0.008754941;-0.005721933
-0.0015542186;0.0038789525;-0.010827547
0.017506626;-0.003146838;-0.008662038
0.0046303;-0.02282997;0.01182037
0.00370424;-0.029201476;-0.021793704
-0.0025053578;-0.006173681;-0.029934963
0.0019019636;0.012248555;0.0010520295
-0.006290929;0.028548844;0.0070916237
0.017623506;0.016589075;0.011923299
-0.0030886945;0.0038962602;0.009538639
-0.011845956;-7.991804E-6;0.007630911
-0.0055705146;-0.0031313933;0.01860473
0.0049185883;0.006869885;0.014883784
0.019559871;-0.017941592;-5.9297343E-4
0.021116646;-0.022165773;-0.0067243786
-2.9418277E-4;-0.02085762;8.70497E-4
-0.008047846;-0.018248595;-0.011803603
-0.011907027;-5.36376E-4;-0.009442882
-0.0017131215;0.0151959;-0.0013043055
-0.0037142474;0.0090317195;0.011456556
0.018122353;0.019725375;-0.015834756
-0.010502119;0.007967801;-0.0064178044
-0.016214194;0.009499241;0.0073657567
0.0010911443;0.004474392;-3.5739483E-4
0.010247915;-0.0011079862;0.005964084
0.0027295824;-0.002448889;0.0047712675
-0.0017225841;-0.0035216112;-0.0024329862
-0.0052843173;-0.010629789;-0.001946389
0.0035850462;0.007121169;-0.0015571112
0.004430537;0.013509435;0.01750431
0.011356929;0.002995048;-0.004746551
0.0028355436;-0.014791462;-0.0037972408
-0.025856566;-0.0118331695;-0.009287792
-0.023029001;-0.017279034;-0.007430234
-0.0012357016;0.004926772;-0.012194187
0.014636438;-0.014808583;-0.00975535
-9.59906E-6;-0.002471866;-0.0015542799
-0.02110143;0.0011475071;-0.0012434239
-0.026256144;0.016543007;0.005255261
-0.019442415;0.019484404;-0.0020457914
0.015696067;0.014025023;-0.007886633
0.033650603;-0.015342481;0.012440694
0.026920484;-0.015398985;0.0099525545
0.004348887;-0.012319188;-0.0045379563
-0.0043333904;-0.02391785;-0.003630365
4.3953763E-4;-0.03007178;-0.002904292
0.00191413;-0.0037449242;0.0039265663
-0.003937446;0.017316561;-0.021858746
0.011693793;0.054478247;-0.017486997
-0.015644966;0.021707598;0.017260402
-0.012515972;0.01736608;0.013808321
-0.006106528;-0.004857137;0.023546657
0.012302278;-0.01638571;0.006337326
-0.0034394278;-0.017796068;-0.01993014
0.0011547077;0.017013146;-0.0034441114
-0.0045449836;0.004235517;0.009744711
-0.023167238;-0.029424086;-0.0047042314
0.010372461;-0.046976767;-0.010013385
0.004391718;-0.037581414;-0.008010708
0.016794624;-0.019127632;0.012341433
0.029060699;0.019072894;-0.008876853
0.023248559;0.035570815;0.030398518
-0.010307402;0.04720665;0.005568814
-0.013714672;0.04870282;0.0044550514
-0.005502987;0.038962256;0.009814041
0.01278511;-0.0125801945;-0.0046487674
-0.008521912;-0.035064157;0.008780986
-0.018536279;-0.028051324;-0.005475211
-0.013266523;-0.03494106;-0.010630169
-0.012175719;-0.04826535;-0.008504135
0.003540675;-0.038612276;-5.5330805E-4
0.01611379;0.009735177;-4.4264644E-4
0.020703532;0.043725643;-0.012854117
0.018906575;0.058418013;0.0022167063
0.00731276;0.060796913;0.0017733651
0.0074127084;0.03457503;0.0014186921
-0.008913583;0.001097523;-0.005115046
-0.028224617;-0.033496983;0.0021579629
-0.022579694;-0.031485084;0.00797637
-0.024313755;-0.029875569;-0.018618904
0.0039864965;-0.037962954;-0.014895123
0.028189197;-0.030370364;-0.0056660986
0.0030201075;-0.02742129;0.007967121
-0.005396414;0.0077504674;0.006373697
-0.001973381;0.043700375;0.0050989576
0.019515045;0.0396478;0.010329166
0.011705786;0.03484324;0.002013333
0.007020879;-0.0018129086;0.0016106663
0.005616703;-0.012387827;0.007538533
-0.008787887;0.008839739;-2.1917357E-4
7.8218995E-4;0.013321791;-1.7533885E-4
-0.004842998;-0.019030068;-1.4027108E-4
0.0015943516;-0.041786555;-0.018862218
-0.0041932687;-0.034991745;-0.015089774
-0.020542115;-0.0045558945;-0.02457182
-0.026589941;0.013542784;0.017842544
0.0076342965;0.0155217275;0.008024036
0.004544937;-0.007895118;0.02516923
-0.008082801;-0.015691094;0.020135382
0.0013462597;0.0061971247;-0.015141694
0.0010770079;0.0143327;-0.012113355
0.008674107;0.02240366;0.0090593165
0.016314285;-0.0039520725;0.013497453
0.009145178;-0.020349158;-0.007952037
0.0034098923;-0.0053418265;-0.01261163
-0.008990836;0.001976539;-0.016339304
-0.007192669;0.017206231;-0.025571443
0.007527115;0.026264984;0.042042844
0.012271692;0.014761988;0.021134276
0.0035673536;-0.01631541;-0.001842579
0.006760133;-0.028677328;0.0047759367
-6.0643735E-5;4.956378E-4;-0.014929251
0.005420235;0.01133401;5.565996E-4
-0.002695062;0.015317208;-0.01830472
-0.0044997996;0.0028787665;-0.014643776
-0.01688109;-0.021134486;7.8497897E-4
-0.026786122;-0.032532588;-0.011872017
-0.006585147;0.023973929;0.0030023865
-0.0013618679;0.039491642;0.02740191
-0.006558244;0.034718316;0.015671527
0.015847154;0.018399652;0.006287222
0.010333974;-0.002467779;-0.013720223
0.008267179;-0.020724224;-0.017226178
0.0144262435;-0.016579378;-0.0075309426
6.034945E-4;-0.036701;0.006475246
-0.011235954;0.005014198;0.005180197
0.0027299866;0.029011358;0.0041441573
0.005308989;0.009146587;-0.021684675
-0.0066903085;-0.0036202308;0.013902261
0.0024602532;-0.0075836848;0.029871808
-0.013656798;-0.015441948;-0.013602553
-0.018737938;-0.0029785582;-0.017132042
-0.0032716005;-0.0039453465;0.017544366
0.0067577194;-0.0015937772;0.007785493
-0.0024063243;0.0018499782;-0.031271607
-0.0019250594;0.0061674826;0.012482716
-0.0070087975;0.012746486;-0.008763827
-1.3828803E-4;0.007072189;0.011738938
0.0131706195;-0.025592249;0.00939115
0.031630244;0.006088701;0.02001292
0.014366697;0.02205846;-0.0027396637
-0.021319143;0.025459269;-0.02094173
0.0024759357;0.017242415;-0.0042533847
0.020730749;-0.004956068;0.0028472922
9.595989E-4;0.0054101455;-0.003972166
0.003111429;0.005890616;0.015572267
0.0063953935;0.004712493;-0.006292186
-0.010508685;-0.014980005;-0.011283749
-0.0021569482;-0.004171504;0.009723
-0.009538058;-0.023649704;0.0327784
-0.007630447;0.0013927371;0.0074727205
0.012645642;0.00423919;-0.012771823
-0.008633486;0.0018288518;-0.003967459
-0.014719289;0.0014630815;-0.0031739671
-0.006306681;0.010545465;-0.021289174
-0.012857845;6.238721E-4;-0.010781339
-0.030598776;-0.015125902;0.016374929
-0.0018227707;-0.012100722;5.9994304E-4
0.0040105334;-0.025305577;4.7995444E-4
0.026645927;0.001630538;3.8396355E-4
0.030691741;0.0044294302;3.0717085E-4
0.033928394;-0.024581457;-0.012254263
-0.015044785;0.0068973354;0.01519659
-0.029223328;0.028955368;0.0059072715
-0.024941163;0.024726795;-0.032774184
0.0027033198;0.026031436;-0.013719346
-0.009556094;0.0067626485;0.007774523
-0.0076448754;0.005410119;0.0062196185
1.3409976E-4;0.0058905953;0.023725694
-0.01317397;-0.014037524;0.012730556
0.012117074;-0.022167519;0.028934445
0.022974908;-0.048984013;0.0043975557
0.0050986772;-0.045437213;-0.033981957
0.009547692;-0.01291227;-0.0021855643
-0.0017368465;0.031857684;0.0045015486
-0.0029519773;0.052048646;-0.02139876
-0.023455331;0.051013917;0.001630991
-0.030483015;0.028311133;-0.0049452074
6.135877E-4;0.016398907;0.0022938342
-0.0018528799;-0.010318374;0.020585068
-0.020232303;-0.0348172;-0.008531946
-0.010717093;-0.03566626;-0.013075557
0.010957575;-0.050408006;0.008289554
0.02360981;-0.030951407;-0.012118356
0.015762849;0.0018013752;-0.0034446851
8.915287E-4;0.0623786;-0.009005748
-0.007099277;0.08271538;-0.0072045983
-0.009585672;0.042734805;0.03173632
0.0040502124;0.031062843;-0.005860943
0.00714642;0.0014127747;-0.010938754
0.0018108861;-0.02699478;0.009998997
0.006917459;-0.038783323;0.007999198
0.005533967;-0.07165166;0.018899357
-0.008854076;-0.051071327;0.0151194865
-0.001614511;0.001330438;0.018345589
0.008864641;0.01512685;0.008426472
-0.010095787;0.02772648;-0.005758823
-0.01823288;0.039368685;-0.017107058
-0.020055054;0.053369947;-0.0011856467
-0.004325293;0.04582096;-9.485174E-4
0.0020085156;0.008531766;-7.588139E-4
0.013325563;-0.025987087;-0.006857051
0.02003545;-0.05672717;-0.005485641
0.02930961;-0.026631735;-0.010638513
0.023447689;-0.04474289;-0.0022608102
-0.01405435;-0.05141931;0.010691352
-0.02218098;-5.1044865E-4;0.0023030816
-0.016182283;0.060529143;-0.004407535
-0.005133327;0.06092331;-0.009776028
0.0052683386;0.03936365;-0.0015708223
-0.018441578;0.0018034203;-0.007506658
-0.010847013;-0.020432264;2.4467375E-4
-0.0071151108;-0.030408312;-0.018554261
0.0036829114;-0.03213915;0.016406592
0.02091508;0.002413681;-0.005624727
0.0143883135;0.009743445;-0.0044997814
-0.007239349;-0.0031427443;0.0026501748
-0.0057914793;-0.0056391954;-0.00412986
-0.021820683;-0.0013863563;0.0029461118
0.0012934532;0.016078414;0.0023568894
0.016659763;0.009737732;0.008135512
0.01489031;-2.2314422E-5;2.5840924E-4
-0.009181502;-0.0031428516;2.0672739E-4
-0.0073452014;0.02092322;0.012665382
-0.007438661;0.046426076;0.0038823055
-0.02157593;0.02151586;-0.015644155
-0.0016357432;0.003150188;0.018734675
0.008066406;-0.01466735;0.03373774
0.011921874;-0.02423388;-0.0042598075
0.0056312494;-0.036574602;-0.015907846
-0.0126825;-0.03707218;-0.031476278
-0.010146;-0.028095247;-0.0064310217
0.01297695;0.010336303;-0.011394817
0.01428781;0.037956543;-0.0028658537
0.009867748;0.055365235;-0.008542683
8.1698265E-5;0.04897969;0.0056658536
-0.017122142;0.01887125;0.029532682
-0.021510214;0.008847;0.017376147
-0.02267692;-0.016359901;0.007650917
0.008420964;-0.06621292;-1.2926637E-4
0.010643021;-0.09359533;-0.018853413
0.008514416;-0.09362627;-0.04633273
-0.012719717;-0.031151015;-0.018316185
-0.021113273;0.017266687;-0.014652948
-0.0020468687;0.03412585;0.025777642
7.062551E-4;0.05698818;0.014372113
-0.0017787459;0.050278045;0.02399769
0.015764503;0.058972437;-0.005801847
0.014955353;-0.0043845517;0.020358521
0.008058032;-0.017570142;0.0037868177
0.0025401756;-0.048431113;0.015529454
0.0020321405;-0.05280739;-0.031326436
-0.015561787;-0.042245913;-0.03131115
0.02036307;-0.0072342297;-0.01254892
0.006134206;0.019212617;0.0024608644
0.004907365;0.03255759;0.0019686916
0.002363392;0.036983576;0.039074954
-0.019203037;0.06083686;0.0062599625
-0.0075499294;0.075231984;-0.01374203
-5.711934E-4;0.01956059;0.0015063761
0.0034492952;-0.04528903;0.007455101
0.0121344365;-0.108106226;-0.0065359194
-0.015292451;-0.095859975;-0.0052287355
0.007297289;-0.04075048;-0.02918299
0.0034940813;0.0127121145;-0.017096391
0.010607765;0.052357193;0.017572887
6.7371206E-4;0.074698254;0.00780831
-0.02992978;0.023821102;0.024996648
-0.046600074;-0.024693118;-0.023752682
-0.03728006;0.031808004;-0.019002145
0.012363452;0.0707589;-0.008951716
0.034890763;0.037857123;0.011588627
0.01385011;-0.019714301;0.009270902
0.009517588;-0.08608394;0.013666721
0.00917657;-0.098554656;0.023433376
0.005778756;-0.017906222;0.024996702
0.006185505;0.023175022;-0.005002639
0.019010903;0.038852517;-0.010252111
0.005052473;0.035769515;-0.0082016885
0.0040419786;0.02861561;-0.006561351
-0.024891417;0.04164249;0.0010009191
-0.041006885;0.023938991;0.0070507354
-0.019524258;0.005088693;0.0056405882
-0.0062444056;-0.0053040455;-0.007987529
0.017660726;-0.022993237;-1.400235E-4
0.01803483;-0.051207088;-0.0063620186
0.024584115;-0.033153173;0.007410385
-0.0076764585;-0.031210037;-3.2169203E-4
-0.013172417;0.02190697;0.024742646
3.9956655E-4;0.040963076;-0.011455883
0.004225903;0.028082961;-0.015414706
0.0033807226;0.014653869;-0.006081765
0.019892078;-0.005464405;-0.004865412
-0.0012738375;0.009690976;0.008607671
-0.00492532;0.007752781;0.013136136
-3.400603E-5;0.0046397247;0.01675891
0.0038790451;-0.03222572;-0.011592872
0.020290736;-0.025780575;-0.015524298
-0.0142361615;-0.023749461;0.0063305614
-0.04185768;-2.4956878E-4;-0.0011855508
-0.010829893;0.024800345;0.0053015593
-0.008663914;0.018277775;-0.0082587525
0.0047876183;0.011497221;-0.019107003
0.0053925947;-0.011114723;0.0034643984
-0.005060924;0.01767072;0.0027715187
0.01157626;-0.007738423;0.020967215
0.02019851;-0.021815738;0.004273772
0.014596307;-0.03932759;0.0034190177
-0.007854205;-0.05646207;-0.003514786
-0.023470864;-0.03423216;-0.0028118289
-0.005495441;0.033551775;-0.008499463
0.005759897;0.05184142;-0.0067995703
0.011639168;0.066473134;-0.0054396563
0.0077488343;0.04067851;0.008148275
-0.012550932;0.0075428067;2.6861994E-4
-0.012384496;-0.022090755;-0.012285104
-0.0075638467;-0.034860104;-0.028578084
9.801725E-4;-0.038825583;0.027137533
0.010940388;-0.023247967;0.0029600267
-0.0029664396;0.0032766268;0.008618021
0.0015330983;0.043246303;0.013144417
0.019976478;0.01740954;-0.008234466
0.018324932;0.007677633;-3.3757306E-4
0.014659947;0.020204606;-2.7005843E-4
0.011727957;0.014601185;0.012283953
-0.015617634;0.019493448;-0.008922838
-0.016400358;0.012469758;-8.882699E-4
-0.030307787;-0.015024194;0.005539384
-0.0148712285;-0.063581854;0.004431507
0.020915518;-0.061802983;0.016045205
0.020638663;-0.029129887;3.3616464E-4
-0.0030203192;-0.012366409;-0.012231069
-0.0024162554;-0.027080627;-0.028534854
0.0019732458;-0.018539501;0.014672116
-0.010140154;-0.0320191;-0.025762307
-0.030768372;0.03532222;-0.008109845
-0.023052199;0.16263278;0.012262124
0.010464491;0.16135623;0.016059699
0.020090343;0.07908498;0.012847759
0.033259775;-0.04298202;-0.0022217927
-0.01323593;-0.12344812;-0.020527434
-0.0074637444;-0.10344599;-0.010171947
-0.0020647454;-0.07025679;0.004362442
0.031160703;-0.037455436;-0.009010047
0.005397313;-0.019026848;-0.013458037
0.0043178503;0.026966022;0.00798357
-0.0035769697;0.054385316;0.006386856
-0.031767827;0.045070753;-0.013640515
-0.0027580105;0.025119103;0.001587588
0.014981092;-0.011154718;0.013770071
0.010422373;-0.035486273;-0.0014839437
-0.0033808514;-0.07682652;0.005062845
-0.01754843;-0.080211215;-0.0021997239
-0.004663745;-0.023543973;-0.03300978
0.005644004;0.024914822;-0.007657823
0.0029527033;0.06680686;0.012623741
0.006268413;0.09250799;0.016348993
0.00501473;0.06463139;0.025579194
-0.028800717;0.04076761;0.014213355
-0.025384324;0.02480159;0.0051206844
0.0031300418;-0.050471228;0.022846548
0.014222783;0.0033730168;0.0120272385
0.0035657268;-0.012926587;0.0033717905
0.0028525814;-0.05252877;-0.009802568
-0.010999185;-0.032648016;-0.051592056
0.015419402;0.005131588;-0.010023643
0.009210521;0.03691777;0.0044810856
0.0050246674;-1.5328385E-4;-0.015165132
-0.014730266;0.029564872;-0.043382104
-0.007877963;0.0955269;-0.0034556843
0.0030726297;0.04673402;0.04723545
0.023551853;-0.071987785;0.025288362
0.020403983;-0.09977773;-0.01101931
-0.025864314;-0.040759683;-0.021315448
-0.0355352;-0.001357746;-0.017052358
-0.013584411;0.014538803;0.023858113
0.0024137215;0.03506854;0.012836491
0.034743477;0.049929835;0.0040191924
0.026232282;0.064943865;0.021965355
-0.021201674;0.042580094;-0.013677717
2.261603E-4;-0.031560924;-0.0046921736
0.009555928;-0.11118624;-0.010003739
-0.034542758;-0.07644899;-0.014252991
-0.006540456;0.010715807;-0.011402393
0.025236385;0.047635145;0.034628086
0.012376608;0.041233115;0.033952467
0.021620037;1.7399288E-4;0.0021619748
-0.0077039707;-0.020173306;0.0017295799
-0.013194427;0.0072988556;0.001383664
0.01600696;0.019901585;-0.017643068
-0.002819433;0.0112337675;-0.020364456
-0.0022555464;-0.012887986;-0.0037915641
-0.030710688;0.011564611;0.02821675
-0.022224799;0.03581419;0.003823399
9.7016024E-4;0.005213851;0.02180872
0.020307379;0.002608581;0.023696976
-0.0048478474;-0.005725635;-0.03104242
0.005496722;-0.013955508;1.6606423E-4
-0.024508873;-0.029914407;0.018882852
-0.021169597;-0.0036190252;-0.028643718
-0.022404429;0.00804228;-0.029164976
-0.012454793;0.037683822;0.0016680199
0.0017549159;0.03639706;-0.017415585
0.022497682;0.021305148;0.017317533
0.017998146;0.015481618;0.026354026
0.014398517;0.012385294;0.02108322
0.0013625636;-0.013529264;0.010616576
-0.004378699;-0.018635912;-0.016506739
-0.0011592093;-0.007096229;-0.01945539
0.031103883;-0.015051983;-0.009314313
0.003789356;-0.026104087;0.01129855
-0.014156016;0.008804231;0.02153884
-0.0019498122;0.025793385;0.010981072
0.0101589;0.030009707;0.0025348575
0.01984587;0.033382766;-0.004222114
0.004157946;-0.0014187872;0.0028723087
-5.7989307E-4;-0.03551003;-0.010202153
-0.029370164;-0.008095523;-0.008161723
-0.04458988;-0.014288919;-0.019029377
-0.016140655;-0.030181136;-0.033973504
0.017556226;-0.046019908;-0.008428802
0.03357623;-0.043065928;0.0057569584
0.0073297345;-0.04851524;0.010855567
-0.005073712;-0.023187192;0.0024344535
-0.0064027198;0.0033252456;-0.016802438
0.021440323;0.030785197;0.01780805
0.031214759;0.051190656;0.0142464405
0.0054405574;0.0065775258;0.005147152
0.009821196;-0.007237979;0.0041177217
-0.013236794;-0.0011028835;-0.015455822
-0.033245686;0.005367693;-0.006114658
-0.017221548;0.013669155;-0.0048917267
0.013566512;0.0156228235;-0.010163381
0.0108532095;0.024998259;0.010619295
-0.010848682;0.007498607;0.002245436
0.0069460543;0.004436386;-0.004453651
-6.9315673E-4;-0.013638391;0.015187079
0.0072579747;-0.020285713;-0.012850337
0.011275129;-0.03810357;0.0022197305
-0.013636147;-0.016420357;-0.0044742157
-0.03981517;-0.0068862853;-0.016079372
-0.010758383;0.014803472;-0.012863498
0.012487043;0.0040302775;0.008459202
0.0060833846;0.012599222;0.013017361
9.604576E-4;0.022579378;0.004163889
0.012487116;0.0336885;-0.0029188888
-0.007197807;-0.005861698;0.02266489
-0.017476996;-0.014064359;-0.019368088
0.0055496534;-0.006563987;-0.002994471
0.025533473;0.0025613105;0.010104423
0.0032392782;0.0036115483;-0.0044164616
-0.0036585773;-0.022110762;0.002716831
0.004885638;-0.04425111;0.020923465
-0.0148414895;-0.029150886;0.0042387717
-0.0040606917;-0.02488321;-0.021608982
-0.0055923034;-0.0074065677;-0.017287185
-0.0021300926;0.023762247;0.004920251
-0.013422824;0.034634795;0.003936201
0.0025429907;0.048020337;0.0093989605
0.0059406427;0.02279127;0.007519169
-7.1623595E-4;0.002608016;0.012265335
0.01973951;-0.026038587;-0.015187732
0.014229109;-0.04895587;3.498143E-4
-0.011272963;-0.045414697;0.0065298514
-0.01683087;-0.028519256;0.011473881
0.0013790538;-0.0025029054;-0.028320896
-0.004365507;0.007372676;-0.022656716
0.008226344;0.016835641;6.2462717E-4
0.0065810755;0.030656012;4.997017E-4
-0.010360139;-0.00985019;-0.018350238
0.0073368885;-0.020380152;0.01656981
0.015244511;0.016508378;0.032005847
0.0043831086;0.0444567;0.006854678
-0.013681013;0.027752861;0.0054837423
-0.02031981;0.03001479;0.0043869936
0.008744151;-9.881682E-4;0.003509595
0.014807821;-0.027353035;0.009057676
0.009502507;-0.04219493;0.013496141
0.019320756;0.011556558;0.004546913
0.0037378545;0.09518275;0.04738753
-0.022009717;0.1980212;0.081660025
-0.073076524;0.13341695;-0.022171982
-0.049086217;-0.07920393;-0.030237585
0.047449775;-0.20398815;-0.036690067
0.08561607;-0.20225301;-0.054352053
0.06458661;-0.13836491;-0.018481644
0.018856784;-0.10912943;-0.008535314
-0.020852072;0.037696455;0.0056717484
-0.06121291;0.16921966;0.010787399
-0.07084533;0.19162573;0.002379919
-0.06605126;0.12830059;0.008153935
-0.05127851;0.019827968;-0.055976853
0.002727193;-0.15288763;-0.06353148
0.017025504;-0.1894976;0.0054248148
0.044089153;-0.17191058;-0.033160146
0.054802574;-0.15315346;0.017221881
0.03602956;-0.08658527;0.013777506
-0.028207604;0.055731785;0.017272005
-0.039753582;0.14771043;0.026317604
-0.084927864;0.14004335;-0.022695918
-0.080442294;0.09015967;-0.043156736
-0.07841633;0.0018152383;-0.07827539
-0.0033580675;-0.12979782;-0.05637031
0.07700104;-0.16477574;-0.038846247
0.12097584;-0.1615081;0.037673
0.12724942;-0.03858148;0.1301384
0.065080784;0.18788482;0.18536071
-0.049497873;0.31749535;0.104538575
-0.13491079;0.2789963;-0.0038691384
-0.18449114;0.12632203;-0.14059532
-0.14134291;-0.05206738;-0.16872625
-0.07557433;-0.1619664;-0.116231
4.7803746E-4;-0.19207312;-0.0492348
-0.03868007;-0.186471;0.010612161
-0.120006554;-0.097614296;-0.010260272
-0.033505246;0.05159606;-0.05195822
0.13335206;0.18971434;0.070933424
0.15824415;0.21427149;0.13174674
0.076595314;0.16985469;0.042897392
0.019870002;0.053071246;-0.0031820857
0.011208502;-0.091918;-0.008795668
0.0667793;-0.15009691;0.030463465
0.07998594;-0.15445252;0.024370773
0.041332502;-0.12512451;0.0069966177
-0.023965247;-0.007912114;-0.0131527055
-0.0738597;0.14054531;-0.010522164
-0.05283776;0.22181125;0.041582268
-8.2706894E-5;0.214949;0.014515814
0.017121334;0.104771696;-0.0071373484
0.013697067;0.083817355;-0.0057098786
0.014863904;-0.07669611;0.007932097
-0.0092026265;-0.21448189;-0.024904322
-0.0589246;-0.2653355;-0.051173456
-0.06120218;-0.2028934;-0.053438768
-0.009899245;-0.08418973;-0.011501013
0.049111854;0.0154607175;0.015799189
0.051008232;0.034243573;0.04388935
0.023619087;0.04926986;0.010111481
-0.02485473;0.090978384;0.008089185
-0.049571283;0.10872021;2.2134805E-4
-0.034969527;0.083851166;0.03767708
0.023586879;0.048330933;0.036391664
0.045432;0.015227247;0.00411333
0.04025185;-0.017505702;-0.040459335
0.04392023;-0.09056706;-0.019867469
0.08279244;-0.13651615;0.040356025
