-0.01144539;-0.004785191;0.0057792724
0.0119374385;-0.0069531524;-0.014126582
0.00954995;-0.005562522;-0.011301266
-0.0064225397;-0.026325017;0.0034589875
-0.0051380317;-0.027310014;-0.01598281
0.006045825;-0.0046605114;-0.012786248
-0.0123508405;0.013459091;0.021021001
-0.003630672;0.024829773;-0.0019331987
-0.0029045378;0.016738819;-0.014046559
-0.00544863;0.032141056;0.020012753
0.0018910958;0.021025343;0.016010202
0.010887877;-0.019117225;3.081618E-4
0.02199155;-0.03873128;2.4652944E-4
-0.005063009;-0.055985022;0.018947223
-0.010300407;-0.05885052;-0.009842221
-4.2782573E-4;-0.015830416;-0.020373777
-0.0042485106;0.017023169;0.008700978
-0.016680058;0.029243534;0.0069607827
-0.010219047;0.034332328;0.0055686263
0.0011997626;0.024340862;0.010704901
0.00564731;0.039785188;-0.0039360793
0.016236598;0.024015652;0.009351136
-0.0065419716;-0.010474979;-0.0050190906
-0.031796075;-0.049004983;-0.022765273
-0.025436861;-0.039203987;-0.018212218
-0.02034949;-0.03136319;-0.014569774
-0.008467091;-0.05946555;-0.01165582
0.036976326;0.06180256;0.009425344
0.014737312;0.06194205;0.013790276
0.007883599;0.033928636;0.01103222
0.00786938;0.02714291;0.033825777
0.018014254;0.013901828;0.002060621
-0.0012135973;-0.020128537;0.007898496
0.013091622;-0.05360283;-0.012431202
0.025317049;-0.07725726;-0.009944962
-8.401118E-4;-0.047743313;-0.02670597
-0.01239084;-0.019444648;-0.040114775
-0.0036626717;0.02663178;0.01165818
-0.0154301375;0.025992924;0.028076544
-0.01703161;0.02391934;0.016211234
4.3721218E-4;0.05194797;0.006718988
-0.0043377304;0.058745876;-0.01337481
0.0059048156;0.0313717;-0.029449848
0.010973853;-0.024902638;0.013940122
9.665821E-4;-0.06367211;0.0049020974
-0.005476734;-0.06656269;0.003921678
0.0112436125;-0.061062653;0.009387342
0.00899489;-0.03166262;-0.023740126
-0.002179088;0.0059199035;-2.421009E-4
-0.01111827;0.035985924;0.0060563195
-0.008894617;0.04285124;0.011095055
0.003821807;0.05615599;-0.0098739555
0.0069636954;0.052737292;-0.007899164
0.011820956;0.035939835;0.018680668
0.0071130153;-0.008748133;0.033694535
-0.013059588;-0.046061005;0.0019556277
-0.00419767;-0.043098804;-0.023435498
-0.0025768862;-0.018854044;-0.024998398
2.82241E-4;0.014604265;-0.013748718
0.022882042;0.024183411;-0.010998975
-0.010600615;0.01153423;0.01620082
-0.014730493;0.009227384;4.606561E-4
-0.008659394;0.004256907;0.006618525
0.010259985;-0.018469475;0.03029482
0.004301738;-0.03040058;0.005485856
0.00500389;-0.019632963;-0.014361315
0.004003112;-0.001643871;-0.005239052
0.0032024898;0.015872404;-0.0041912417
-0.0052505084;0.033010423;0.009147007
-0.0049816566;0.04047084;0.019817606
0.006952175;0.03393917;-0.0091459155
0.0016554898;0.028713837;-0.007316733
-0.0010193582;0.007346069;0.012896614
-0.0023779864;-0.039435644;0.010317291
-0.005027389;-0.054986015;0.002003833
6.655886E-4;-0.054926313;-0.017146934
-0.004155029;-0.03144105;-0.013717547
0.007613477;-0.03765284;-0.017224038
0.009997032;0.002690228;0.00497077
-0.019346125;0.055277184;0.003976616
-0.0123519;0.081721745;0.015681293
-0.00519402;0.07943989;0.006295034
-0.002592716;0.03855192;0.011286028
0.013550827;0.010529034;-0.003471178
-0.009471838;-0.036889274;0.0034730574
0.0033600295;-0.07794892;-0.015971554
3.4427355E-4;-0.10142163;-2.7724318E-4
-5.0583115E-4;-0.10144981;-0.018971795
-0.016029665;-0.017097346;-0.0026774358
-0.006573732;0.07694712;0.016608052
-0.0021339855;0.0537452;0.03828644
0.0076678116;0.046121158;0.024379153
0.020978;0.027521927;-0.030496677
0.0152199;0.04701754;-0.018147342
0.01608217;0.036051534;-0.008267874
0.008959485;-0.010221274;-0.006614299
-0.013926161;-0.037864517;0.013458561
-0.0017659292;-0.056854114;0.017016849
-0.013912743;-0.03767079;-0.02388652
-0.0025364447;-0.020761633;-0.025359217
-0.024685405;5.7819317E-4;-0.0077873734
-0.021310825;0.020775054;0.0062701013
0.0032638402;0.035370044;0.01751608
0.026048573;0.040796034;0.0015128647
0.020838859;0.027949328;0.013710292
0.008858587;0.012984462;0.017218234
-0.010100631;0.00726257;-0.0049754134
-0.0026117547;0.013622556;-0.02273033
0.008066846;-0.006289455;-0.0056842645
-0.004484023;-0.037844066;-0.01704741
-4.6221845E-4;-0.0099627515;-0.0011379293
-0.019119775;-0.020470202;-0.007160343
-0.02154582;-0.0054386607;0.006771725
0.009325844;0.017524071;0.01166738
0.009804426;0.0015192571;0.009333904
0.00393729;-0.009722094;0.013717123
-0.014037668;-0.015590175;-0.0015263014
-2.9263424E-4;0.00784036;0.011278959
-0.004921607;0.028147288;-0.015976833
0.010906464;0.00533033;-0.012781466
0.0024751713;0.0027017642;0.0022748269
0.008230137;-0.022838589;0.0018198616
3.3410962E-4;-0.027645871;-0.011044111
0.011986038;-0.0033666969;-0.0025852886
0.00958883;-0.024568357;-0.0083182305
-1.4143588E-4;6.578141E-4;-0.006654585
0.0076993513;-0.005723749;0.019676331
-0.005559269;-0.004578999;0.003241066
-5.411652E-4;0.0244618;-0.009907147
-0.014495432;0.018006941;-0.007925718
-0.024096346;0.0019055525;0.012409425
-0.022402076;-0.012538058;0.00992754
-0.017921662;-0.010030447;0.007942032
0.015350171;0.020100642;-0.012396374
0.016186386;0.033268016;-0.0036670992
0.02232411;0.014114412;0.0033163207
0.014734288;-0.010583471;0.015153057
0.00788118;-0.035029277;0.012122445
0.002398694;-0.018648421;-0.021552043
-0.004331045;-0.0024187372;0.0015083649
-0.0011210858;0.01212751;0.001206692
6.656313E-4;-0.004360492;-0.0052846465
-0.003373745;-0.0034883933;-0.010477717
-0.009730246;0.0050217854;0.0041178265
-7.5294677E-4;8.924282E-4;0.003294261
-0.0013836074;0.0054014428;-0.009864591
0.015299364;0.012133654;-0.020391673
0.004426991;0.0034569232;-0.0038133385
-0.009739657;-0.012859462;0.0031993294
2.0774409E-5;0.003774931;-0.009940537
-0.0077958805;0.0061449446;0.017047571
-7.679544E-4;-0.0107090445;0.013638057
0.018916886;0.016432764;-0.007839555
0.011227259;0.045958713;-2.1643771E-5
0.005075557;0.01957947;0.018732686
-0.0037520542;-0.0030864244;0.021236148
0.014185857;-0.02121914;-0.0017610816
-0.0074013146;-0.03885031;0.004841135
-0.018421052;-0.03420525;-0.021127092
-0.013174341;0.011698301;-0.0044016736
3.980269E-4;0.0077961404;-0.009771339
0.009693421;0.028111912;-0.0015670712
0.0116609875;0.04436453;0.017496344
0.0015162898;0.038616624;0.020247074
-0.019880718;0.018393299;-0.0025523405
-0.0112170745;0.006902139;-0.0020418724
0.01133884;-0.01947829;0.004616502
-0.006553928;-0.02964513;-0.0025567983
-0.002118142;-0.056528606;0.0042045615
0.018617986;-0.037410382;-0.015386351
-0.013230611;-0.025240807;0.01894092
-0.005896989;-0.0123801455;0.0026527354
0.010907409;0.0057208836;-0.0041278116
-0.010024073;0.038951706;-0.022052249
0.0068244915;0.060848866;-0.0113918
0.013272094;0.04867909;0.00963656
-0.005007325;0.0014432739;0.0077092485
-0.00947461;-0.0019703808;-0.012582601
-0.012267188;-0.0062638046;0.008683919
-0.01450125;-0.036261044;0.019447135
0.0071489997;-0.060258836;0.003057708
-0.0020933005;-0.05445707;0.008696167
-0.0016746402;-0.043565653;0.006956933
-0.0013397122;-0.034852523;0.0055655465
0.0028344803;-0.020069519;-0.026797563
0.0022675842;0.07613189;0.0035619498
0.0018140674;0.06871801;0.00909956
-0.022767495;0.07059941;0.007279648
-0.011963997;0.015854524;0.0058237184
0.0013663025;-0.02950388;-0.0078410255
0.03703054;-0.031415604;-0.01252282
0.014780683;-0.017319983;0.008731743
0.0055745468;-0.035730988;0.013235395
-0.011946613;-0.03014729;-0.020661684
-0.01893229;0.0055696685;-0.022779347
-0.013583332;0.031018235;-0.018223478
-0.0046166657;0.043564588;-0.008328782
0.012712917;0.04891417;0.0058369744
0.028920334;0.040693834;0.02341958
0.005948767;0.04974257;0.012485663
0.012571514;0.008544055;-0.0025114692
0.01786971;-0.025977256;0.004240825
-0.006797981;-0.06765681;-0.00910734
-0.033563387;-0.07912544;-0.019785872
-0.011225708;-0.071112856;-0.009578697
-0.0058555664;-0.022515284;-0.007662958
0.002346797;0.050737772;0.012619633
-0.0020288124;0.05621522;0.0038457068
0.00150195;0.048097175;0.021826565
0.00588906;0.03535274;-0.0012887476
8.0499804E-4;0.02515719;0.005219002
0.012362748;0.021688253;0.022925202
0.004421449;-0.017024398;-0.006659839
0.022287158;-0.03861952;9.2212897E-4
0.008454727;-0.07777061;-0.0055122967
0.012232532;-0.052841492;-0.016909838
-0.0074014748;-0.031335693;-0.00727787
-0.009827429;-0.0110060545;-0.024572296
-0.032080695;0.055257656;-0.0071578366
-0.008477055;0.077018626;5.237306E-4
-5.31644E-4;0.0522399;0.019168984
0.012074685;0.02147942;-0.0034148125
0.0041909977;-0.001566464;0.02226815
-0.011490951;-0.0012531711;0.00531452
-0.0076302616;-0.027565038;0.004251616
-0.004541709;-0.048614528;-0.0028487071
-0.008320867;-0.038891625;0.010221034
-0.0035316937;-0.015488299;-0.0043231724
0.015924646;0.03448436;-0.009708538
2.3971596E-4;0.026024988;-0.02651683
0.012691773;0.009882491;0.016286535
0.015622168;-0.013969007;5.2922854E-4
-0.0054710153;-0.0064877057;-0.018326618
-0.016876813;0.0073098354;0.0040887063
0.0138423005;0.016785368;-0.002979035
-0.01626991;-0.033446707;0.003866772
-0.025515927;-0.067382365;0.009343417
-0.012600242;-0.030468391;-0.023775266
-0.014767694;0.022500288;-0.025270212
0.0053733448;0.06018773;0.017283829
0.016017426;0.043462683;0.007577064
0.005782691;0.003520147;-1.8834892E-4
-0.0031863474;0.0028161176;0.006099321
5.759221E-4;-0.005559606;-0.0013705433
-0.0026642624;0.0033648151;0.023903565
0.01427484;-0.022308148;0.012872852
-0.006548878;-0.044409018;-0.020951718
-5.5160234E-4;0.0035352854;-0.010511374
0.019089969;0.0028282283;-0.0021590996
-0.0058217756;-0.03679992;-0.0017272797
0.0023738297;-0.015377434;-0.0013818238
0.008149064;0.014260553;-0.001105459
-5.1199907E-4;0.023908442;0.005365633
-0.005097099;0.0081892535;-0.008207493
-0.0025151793;0.006551403;-3.15995E-4
-0.016074644;0.022428622;-2.5279602E-4
0.004327785;0.028880399;0.018547764
0.015962228;0.021541819;0.008588211
0.0033947825;-0.010891546;0.013120568
0.021465827;-0.008713236;0.0042464547
-0.009389839;-0.002283089;-0.021602836
-0.020011872;-0.022138972;-0.004782269
-0.014446997;-0.028648676;-0.0038258152
0.024379902;-0.026043942;-0.021810653
0.011691422;-0.020835154;0.0013014782
0.0054468876;-0.011980623;0.0010411827
0.00435751;-0.009584498;8.329461E-4
-0.022295242;-0.013917599;-0.011833644
-0.013148693;0.010740921;0.015533086
-0.004268955;0.044530235;-7.353159E-5
-0.0034151638;0.06218669;0.0061911745
-0.0011696311;0.041936852;0.02995294
-0.0040607047;-0.0039505186;-0.007287648
0.009251436;-0.037535414;-0.0058301184
0.0034948988;-0.022215832;-0.010914095
-0.0011103309;-0.038085166;0.041268725
0.0053617354;-0.033593133;0.00801498
-0.0035231118;-0.009687006;-0.018588016
-0.01219349;-0.007749605;-0.046120413
-0.0019422915;0.009425316;-0.01814633
0.0046961666;0.004415253;0.010482935
0.0045381836;0.014469703;0.014636348
0.0028492967;0.025638262;-7.909213E-4
-0.0055330624;0.05488561;0.011867263
0.00807355;0.056408487;0.0032438105
0.0025525899;0.02950179;0.008845048
0.0012608219;-0.029523568;0.03207604
-0.0021163425;-0.040806353;6.6083093E-4
-0.001693074;-0.032645084;5.2866474E-4
-0.0013544592;-0.026116068;4.229318E-4
-0.010458567;-0.008392854;-0.024661655
-0.003679354;-0.067651786;-0.019729324
0.004869017;0.006816074;-0.03453346
-7.922865E-4;0.03201536;-0.008876767
-6.3382916E-4;0.042799786;0.0053985864
0.024492936;0.04673983;0.004318869
0.02115685;0.0030168637;0.028455095
-2.6202053E-4;-7.115089E-4;0.016514076
-0.009584617;-0.014631707;-0.011788739
0.0017073068;-0.025767867;-0.015680991
0.0052720956;-0.04092679;0.006205207
-0.009063574;-0.018678933;-0.0012858344
-0.007250859;0.0069318525;-0.013528667
-0.0042381873;0.016482983;-0.004572934
-2.655497E-4;0.053811386;0.0025916528
0.01775631;0.0039866087;0.0020733222
-0.0068887016;-0.009310713;0.026658658
0.0023015386;-0.02151107;0.021326926
0.013559981;-0.035958856;-0.014188459
-0.008683265;-0.022517085;-0.023850767
0.007115888;0.008548832;-3.3061378E-4
-0.01461979;0.033401564;-0.006514491
-0.035133332;0.03765875;-0.0052115927
1.8334524E-5;0.033252;-0.010419275
0.013295918;-0.0030858985;0.010414581
-0.012019516;-0.03528122;-0.0041683353
-0.0018031127;-0.037599973;0.015415331
-0.0076924902;-0.03476748;0.018582266
0.018846007;-0.026251484;0.0023658122
-0.0021106936;0.0024363128;-0.01685735
-0.012626055;0.03632405;0.01151412
0.012555406;0.05718424;-0.0095387045
-0.004799425;0.04730989;-0.0013809634
-0.01633954;0.009722914;0.03014523
9.908678E-4;-0.015659168;-0.0071338164
0.0070426944;-0.032839835;-0.011957053
0.018134156;-0.015334368;-0.015815642
0.019976074;-0.015392494;-0.006402514
0.0066058594;-0.026376495;0.013627989
0.017003438;-0.019538697;0.017152391
0.0253215;0.017181544;0.007471913
0.0046322;0.024682734;-0.01902247
-0.00801299;0.05412119;0.009782024
-0.031410392;0.02923445;0.014075619
-0.029815814;0.00151256;0.0050104954
-0.011352651;-0.011289952;-0.014741603
-0.0012696207;-0.019969461;-0.030543283
0.004453053;-0.03785057;5.653737E-4
0.009812443;-0.07403046;0.044202298
-0.0038687957;-0.057661865;0.010361839
-0.0030950366;-0.011754491;-0.022960529
0.009242721;0.037471406;-0.030868422
-0.0043245736;0.061227124;-0.018444737
-0.014397159;0.0458567;-0.0085057905
-0.019330228;0.02106036;0.011945368
-0.009214181;0.019973287;0.0033062939
0.020753656;-0.010583869;0.021395035
0.022071674;-0.042842094;0.010866028
0.012188589;-0.054586176;0.021192823
0.011313371;-0.034293942;0.016954258
-0.011261803;0.005377347;-0.023936594
-4.1569243E-4;0.03242688;-0.050399274
0.002011196;0.060316503;-0.0090694195
-0.006203543;0.0482532;0.005244464
-2.7533452E-4;0.019852562;0.0041955714
-0.014282768;-0.01849295;0.034606457
-0.0036137141;-0.02729436;0.027685165
0.0033590288;-0.015585489;-0.015351867
0.019093473;-0.02184339;-0.012281494
0.016837278;-0.015912212;-0.009825195
0.013469823;0.00602023;-0.014110156
-0.0040678917;0.018878683;0.013711875
0.0061206864;0.010415447;0.0047195
0.0033340491;-0.008855143;-0.0149744
0.00969849;-0.0039591137;0.01302048
-0.0016162085;-0.006292291;0.004166384
0.006519533;0.007466167;-0.015416893
0.014590627;-0.0034020662;0.0064164856
-0.0031712488;-0.016784154;0.011383189
-0.016599499;-0.0071773226;-0.02214345
-0.010154599;0.011445642;-0.03646476
-0.022186179;0.016969014;0.0020781925
-0.011498944;0.0057627107;0.0016625541
-0.0013866548;-0.029764831;0.020080043
0.019203177;-0.033186864;-0.0026859655
-2.6245907E-4;0.004700508;0.010351228
0.020883782;-0.016552094;0.008280982
0.011238276;-0.002304175;0.012874786
0.0050843707;0.00753166;-0.0022001714
0.009536247;0.021650327;-0.014260137
-0.026746003;0.025132762;-0.01140811
-0.026084302;0.02948121;-0.009126488
-0.025554942;0.025147468;0.01769881
-0.0063814535;0.016992975;0.026659047
-0.0035426626;-0.0035931205;-0.0036727618
2.9086988E-4;-0.029436996;0.01581179
0.025232695;-0.025112096;-0.0061005675
0.013154907;-0.027902178;-0.023630453
0.010523926;-0.009821742;-0.012654363
0.01935664;0.007767606;-0.0038734905
0.011579062;0.012464085;0.0031512075
0.0022319998;0.027158769;0.002520966
-0.0044644;0.049852014;0.008266773
-0.01997777;0.03050661;0.031613417
-0.015982216;0.02440529;0.025290735
-0.012785773;0.019524232;0.020232588
-0.024291119;0.0015568851;-0.01506393
-0.022557894;-0.034691993;-0.030801143
0.023359934;-0.06837859;3.590849E-4
0.022594197;-0.073452875;0.006537268
0.018075358;-0.0587623;0.0052298144
0.006647786;-0.01419734;-0.008316148
0.0037557292;0.041767128;-0.0066529186
-9.0166676E-4;0.0631012;0.019677665
-0.0077525834;0.045793463;-0.021757867
0.0047354335;0.03663477;0.013843706
0.0076945964;0.010557815;0.011074965
-0.008688073;6.3375256E-4;-0.022390028
-0.019450458;-0.040117998;-0.017912023
-0.0061853663;-0.039906897;-0.026829619
0.018489206;-0.031925518;-0.021463694
0.009322615;-0.006790415;-0.0046709557
-0.0026981577;0.014880168;0.021263236
-0.0037210262;0.044716634;0.023260588
-0.0014143209;0.04202331;-1.415293E-4
-0.010506457;0.042993646;-0.012613224
-0.011530166;0.004707417;-0.010090578
-0.0060991324;-0.022796566;-0.001822463
-0.004879306;-0.0026122532;0.01729203
-0.0039034446;-0.030214803;0.013833623
0.014064744;-0.036671843;0.011066899
0.030783046;-0.015274974;-0.0036464809
-0.006623564;2.8002108E-4;-0.009167185
-0.0107676005;-0.004463483;-0.019833747
0.007010919;0.0058042137;-0.009616998
0.0071712355;0.01714337;-0.0014435985
-0.0020755117;-0.0065978034;0.017595122
-0.01572291;-0.020903243;-0.010923903
-0.0063283276;-0.010472594;-0.008739122
-0.008187662;0.0041219248;0.018008702
4.8112043E-4;0.03454754;0.0019069617
0.019916147;0.012013032;0.014025569
0.017495418;-0.0028895745;-0.013779544
-8.4741635E-4;0.01487584;-0.011023636
-0.003021683;0.005650672;0.009931091
-0.0071048466;-0.017354462;0.0079448735
0.009159873;-0.04982107;-0.012394101
-0.007515852;-0.052356854;-0.0036652812
-0.0028876814;-0.015322984;0.009567775
-0.005435145;2.4161229E-4;0.020154221
0.013620634;0.02363079;0.009873376
0.0015215072;0.043904632;-0.017101299
-0.0026890442;0.025748705;-0.026181038
-0.019338736;0.0049739643;-0.0021948314
-0.006095988;0.0039791716;0.010744135
0.009185709;-0.0140041625;0.002345308
-0.016088933;-0.0018283302;-0.004373754
4.1010397E-4;9.9835815E-5;-0.003499003
-0.003578167;-0.012420131;-0.0027992025
0.0072937165;-0.009936105;0.010260638
0.013647473;-0.012636384;0.01445851
-8.007714E-4;0.019578394;0.017816808
0.0032656328;0.007850214;-0.010746554
-0.0075437436;0.007842671;-0.027347242
-0.015409995;0.009399137;-0.009377794
-0.006077996;-0.00654319;-0.0075022355
0.012325103;-0.025547052;2.4821179E-4
0.019235082;-0.015750142;-0.0060514305
0.0099193165;0.0030248866;-0.017341144
-0.011595797;0.0039824094;0.023627084
-0.018651638;-0.0061890725;0.012651668
0.01007869;-0.014326258;0.016371334
0.0041567017;-0.0036485065;5.9706724E-4
-0.008393388;-0.0013563052;-0.005772346
-0.011402211;0.025477456;-0.023367876
-0.0075592687;-0.0014930353;0.0063056983
-0.002922415;-0.0011944283;0.0050445586
0.013287068;0.011544458;0.010285647
0.016098404;0.017048066;0.0019785175
0.0050662234;0.015200953;0.007832814
0.025146728;-0.023776738;0.006266251
-9.763669E-4;-0.05339639;-0.007486999
-0.0062498436;-0.016154611;-0.0372396
0.0028126251;0.02613881;-0.01729168
-0.0055624;0.006848548;0.036166657
-0.01382492;0.017978838;0.010183325
-0.007934936;0.06438307;0.0018966602
-0.01728545;0.08275646;0.007767328
-0.007578359;0.07714266;0.0062138624
0.016593562;-0.007035868;0.01122109
0.014837351;-0.08219119;-0.003523128
0.01186988;-0.09075295;-0.0028185025
-0.013160346;-0.06635237;-0.0022548018
0.004315473;-0.026519392;-0.008053841
0.0018898787;0.03190949;-0.012693074
0.012449403;0.08646509;0.008595541
0.0044907723;0.16760957;0.031876434
0.005936368;0.24190016;0.044251148
0.057874095;0.052895125;0.035400916
0.054111775;-0.1873714;0.009570734
0.02063317;-0.36083463;-0.08609341
0.0047877864;-0.3714802;-0.08762473
-0.050076023;-0.22374666;-0.026349785
-0.10724831;-0.074309826;-0.0023298275
-0.12954865;0.04055214;0.004386138
-0.10832642;0.16837922;-0.02774109
-0.039786138;0.30501586;-0.07844287
0.06973359;0.39245018;0.018495703
0.13234937;0.31396016;0.114796564
0.12697324;-0.0035193749;0.11058725
0.088297345;-0.3028155;0.0197198
0.0018878783;-0.4078774;-0.02172416
-0.0719272;-0.2966144;-0.04862933
-0.076291755;-0.06385404;-0.026403463
-0.061033405;0.07547927;-0.02112277
-0.041014224;0.116633415;0.014351784
-0.03124888;0.085494235;-0.038518574
0.014063396;0.18558289;-0.024564859
0.056563217;0.2625288;0.042848114
0.08196932;0.22721055;0.059278492
0.05541921;0.09426844;0.034922794
0.009960367;0.01447725;-0.022061765
0.015780794;0.0443943;0.013600587
0.018093385;0.06832794;-0.0016195301
0.03791221;0.0077873524;0.023704376
-1.3898368E-4;-0.21877012;0.0439635
-0.08761118;-0.44220358;-0.027329199
-0.15290146;-0.56157535;-0.04686336
-0.17232116;-0.4789478;-0.14374068
-0.111294426;-0.07534574;-0.13374256
0.05627696;0.3990984;-0.02574404
0.18877156;0.64896625;0.10440477
0.23539226;0.616048;0.18977381
0.1383138;0.35846338;0.17681906
0.03799479;0.0039582076;0.04770524
-0.044604167;-0.23120843;-0.068085805
-0.050527085;-0.27871674;-0.09821864
-0.046671666;-0.2448484;-0.022324916
-0.031087333;-0.26775372;-0.017859934
-0.052994866;-0.29389048;-0.039287947
-0.098645896;-0.22573738;-0.08143036
-0.09922922;-0.036839902;-0.07139429
-0.07938337;-0.029471923;-0.05711543
-0.010381698;0.20142247;-0.001942343
0.073725894;0.28613797;0.073446125
0.112886965;0.3070354;0.0837569
0.07312207;0.2112533;0.11075552
0.050685156;0.09400264;0.03235442
0.0022668755;-0.08729789;8.835331E-4
-0.017717749;-0.21358831;-0.043043174
-0.01026795;-0.19743314;-0.028184539
-0.03243311;-0.10638402;-0.03504763
-0.0095402375;0.057080284;-0.053038105
0.05564906;0.24253923;0.007569516
0.050769247;0.26278138;0.043555614
0.046084147;0.12897511;0.10359449
-0.0053201816;-0.21556991;0.06412559
-0.084724896;-0.49276844;-0.042449526
-0.120904915;-0.57390225;-0.115209624
-0.10766143;-0.3028718;-0.1671677
-0.023629146;0.23582757;-0.114984155
0.08578418;0.8066308;0.020512674
0.06862735;0.6453046;0.016410138
0.054901876;0.5162437;0.013128111
0.17439026;0.9497137;0.19800249
0.1379497;-1.3761666;0.13340199
-0.226359;-1.7712457;-0.19952841
-0.37327468;-0.90762156;-0.4283727
-0.111119755;0.34734023;-0.36144817
0.17751044;0.91927844;0.07959145
0.3224771;0.758079;0.38867316
0.23063794;0.3877132;0.31093854
0.016541598;0.04454556;0.17375083
-0.13207921;-0.22842605;-0.02349934
-0.10253838;-0.06086584;-0.08754947
0.0601568;0.17943233;-0.04503958
0.16687544;0.31229585;0.020218339
0.19600035;0.13108669;0.17867467
0.057581533;-0.43731815;0.19293974
-0.16252853;-1.0232921;-0.014398211
-0.2815853;-0.84050864;-0.34901857
-0.18776825;-0.08646939;-0.35421485
0.036504146;0.45113698;-0.058371883
0.2667033;0.59215957;0.20330249
0.2844564;0.23935267;0.325142
0.09709637;-0.35226786;0.17261359
-0.17935415;-0.6818143;-0.036909122
-0.2841083;-0.40951392;-0.2857773
-0.06478666;0.22082636;-0.22862184
0.14113942;0.6438486;0.042102527
0.2543178;0.70882887;0.14618202
0.18236049;0.3155006;0.24194562
0.016200885;-0.33509952;0.1685565
-0.15969554;-0.7883921;-0.040154804
-0.23869394;-0.6510262;-0.26962385
-0.11751765;0.12605405;-0.31569907
0.09895463;0.72896826;-0.00880926
0.27056995;0.70192456;0.2617026
0.19145596;0.12872717;0.27811208
-0.036678977;-0.35951826;0.02248966
-0.21918693;-0.3469896;-0.17575827
-0.16441205;0.031783313;-0.18435661
0.059095364;0.36917666;-0.034985296
0.2019638;0.4344038;0.10326176
0.16782103;0.27721056;0.1701094
0.023319326;-0.021981556;0.14233753
-0.12900078;-0.23633525;-0.042379975
-0.14929438;-0.3078182;-0.13390398
-0.06552926;-0.25719205;-0.13212319
0.021795345;-0.044816144;-0.09944855
0.097905025;0.19070959;0.020441161
0.08613652;0.094755165;0.15385292
0.025159217;-0.17732087;0.09183234
-0.039247625;-0.31685668;0.004715875
-0.08374185;-0.33473536;-0.0649773
-0.059180982;-0.2834133;-0.05198184
-0.006719785;-0.19235563;-0.029085472
-0.017094579;0.107053;-0.11701838
-0.021488162;0.5090799;-0.056114703
0.04062197;0.6744514;0.11135824
0.12077883;0.54424864;0.1953366
0.14037307;0.08696141;0.19376928
0.05136095;-0.47574338;0.08001542
-0.10109874;-0.8524697;-0.07348767
-0.168379;-0.85697573;-0.22754014
-0.16595319;-0.4308931;-0.2882821
-0.035106305;0.19747302;-0.16187568
0.11410245;0.6001659;0.089249454
0.14284447;0.62075776;0.19014956
0.06036932;0.38254368;0.18336965
-0.061079543;0.14353494;0.07169572
-0.09651989;-0.039859544;-0.030143425
-0.013934657;-0.050637633;-0.09286474
0.06385227;0.062614895;-0.049291793
0.10030057;0.09227941;0.023066567
0.045865454;-0.05273897;0.062203255
-0.064870134;-0.20469117;-0.018987397
-0.12220861;-0.16062795;-0.08393992
-0.09776688;-0.008189852;-0.067151934
-0.00946351;0.13563561;-0.016221547
0.059616692;0.241321;0.012022762
0.082068354;0.20086929;0.07836821
0.057842184;-0.022117063;0.16269457
-0.032632504;-0.34894365;0.036405653
-0.08313725;-0.44321743;-0.12087548
-0.078228556;-0.27644894;-0.13420038
0.0030421582;-0.05397165;-0.051110305
0.075089976;0.08494768;0.002861756
0.04991573;0.21327065;0.014789404
0.026651336;0.33936653;0.055581525
-0.001335182;0.22774321;0.10071522
-0.0073181456;-0.04436793;0.030572176
-0.020698266;-0.24955684;-0.01304226
-0.024371114;-0.35120797;-0.04793381
-0.04059064;-0.26065388;-0.10084704
-0.05122251;-0.064773105;-0.080677636
-0.03394676;0.054431517;-0.02079211
0.011123842;0.115420215;0.020866312
0.028430324;0.13296117;0.02919305
0.0094630085;0.07824393;0.05460444
-0.005710843;0.09228265;-6.64481E-5
0.0024625757;0.15663862;0.012446841
0.02150131;0.10031089;0.04745747
0.047669798;-0.09475128;0.07546598
0.023292089;-0.28830102;-0.039627217
-0.04074133;-0.2650158;-0.08795177
-0.04665556;-0.080762655;-0.057861418
-6.0570054E-4;0.0135148745;-0.033789136
-4.8456044E-4;0.0108119;-0.027031308
-3.8764835E-4;0.00864952;-0.021625046
0.03953363;0.09129462;0.03269996
-0.006654345;0.4167857;0.05115997
0.032957774;0.25999105;0.09092797
0.04433497;-0.021694656;0.05399238
0.029217975;-0.25016823;-0.025556095
-0.03600062;-0.28607208;-0.051694877
-0.055362996;-0.19292016;-0.0538559
-0.052102897;-0.07933613;-0.03058472
-0.041682318;0.011531095;-0.0057177767
-0.033345852;0.009224876;-0.004574221
-0.021207932;0.1448799;0.002590623
0.0041274037;0.26902893;0.020822499
0.009551923;0.30741063;0.041658
0.03420404;0.26780352;0.0645764
0.03283198;0.123617806;0.045411117
0.0075155846;-0.021418255;0.030078895
0.023199968;-0.114009604;0.011563117
0.014653724;-0.23027018;-0.003249507
-0.014839521;-0.25921616;-0.046349607
-0.036871616;-0.13549791;-0.09332968
-0.041216042;0.016601667;-0.03716375
-0.013441585;0.12890634;0.007769002
0.03143423;0.12656257;0.018715201
0.014991136;0.068437554;0.04622216
0.015899159;0.0063125426;0.018227728
0.020531828;-0.032449964;-0.0041678166
0.0070504616;-0.07752247;0.0029157465
-0.0060783806;-0.10889298;0.014832597
-9.564546E-4;-0.07773938;-0.013133923
-0.008577663;-0.020004006;-0.03550714
-0.012330881;0.007434295;-0.02215571
0.007322795;0.013759936;-0.0052245683
0.011326986;-0.017117051;-0.0041796546
-0.0081259115;-0.02931864;0.0029062764
-0.023688229;0.0015450873;-0.016424978
-0.018950583;-0.03001393;0.005610017
-0.012816717;-0.07401115;-0.0080119865
-0.025878374;-0.052958917;-0.03765959
-0.026171448;0.012320368;-0.03012767
-0.002187159;0.15204379;0.013397863
0.034969024;0.20444754;0.04821829
0.046725217;0.12293303;0.057324633
0.054567676;-0.029778577;0.045859706
-0.0024396102;-0.12538536;-0.019562235
-0.03788919;-0.09718329;-0.021899788
-0.04593635;-0.06368413;-0.023769831
-0.01721783;-0.052509807;-0.019015865
-0.005961764;-0.015445344;-0.008962692
-0.0110194115;0.040768724;-0.0071701533
0.0068094707;0.06542748;5.1387737E-4
0.0070100767;0.024216983;0.012911102
1.3931132E-4;-0.015001413;0.016578881
-0.0155135505;-0.05106363;-0.005486895
-0.04287959;0.009149096;-0.029389516
0.003977577;0.033881776;0.020238386
0.028182061;0.01773042;0.04119071
0.0342644;-0.009253163;0.0017025679
0.010224019;-0.06365253;-0.029887946
-0.028539535;-0.08060952;-0.023910357
-0.038456626;-0.03480012;-0.012878285
-0.003421552;0.014347404;0.0021973718
0.027731508;0.066165425;0.008007897
0.027653957;0.15136984;0.012656318
0.020560665;0.16328338;0.022625055
0.014104783;0.057189196;0.043100044
0.008158826;-0.04799864;-0.0030199653
-0.03956669;-0.08996142;-0.021165973
-0.043372102;-0.07821913;-0.029432777
-0.03469768;-0.048512805;-0.023546223
-0.018383145;-0.013810244;-0.012586977
0.004824734;-0.020423194;-0.010069583
0.017141037;-0.016338557;0.023194334
-0.01128717;-0.013070845;-1.9453261E-4
3.4526383E-4;0.011418324;0.0060943738
0.013557461;0.01694716;-0.007624501
0.04600222;0.0057452274;1.5039931E-4
0.028989276;0.010846182;0.03137032
-0.02133983;0.008676945;0.0063462555
-0.024103114;0.022566557;-0.019922996
-0.008344991;0.021178246;-0.0034383964
0.014417757;-2.4490387E-4;-0.002750717
0.0021592057;-0.015820922;-0.008450573
-0.011553885;-0.059531737;0.011989541
0.007944392;-0.027312892;0.0095916325
0.0024492634;-0.0156003125;0.0014233063
-0.019134339;-0.02654275;-0.017611355
-0.011401221;-0.0040467;-0.007839084
2.540228E-4;0.05145014;0.0124787325
-0.0037030317;0.080222614;0.0037329863
0.010318825;0.05324059;0.015486389
0.01841131;0.008217472;-0.012610889
0.0069165477;-0.0012385227;0.008661289
-0.007748012;-0.03692832;0.006929031
-0.010104659;-0.037355155;0.005543225
0.0036350226;-0.017384123;-0.00806542
-0.028341983;0.015780201;0.018547663
-0.020329835;0.029811662;0.0085881315
0.0024861314;0.0050993287;-0.011879495
0.004332655;0.015016963;-0.009503596
0.016747374;0.0042010704;-0.007602877
1.16649324E-4;2.3585629E-4;0.0376677
-0.02334418;-0.032623816;-0.007365841
0.010230905;-0.026099052;-0.024642672
0.023809724;0.0056832586;0.0052858614
0.03779778;0.035796605;0.01672869
0.020863224;0.016137285;0.019632952
-0.0098719215;-0.0074026715;0.021956362
-0.019616287;-0.027797136;-0.013684911
-0.01959928;0.00901229;-0.023447929
-0.011773174;0.018147333;-0.025008343
-0.018793538;-0.005794634;0.011243326
-0.017378582;-0.0030732076;-0.0035053396
-6.2161486E-4;0.005353934;-0.0090542715
-0.002059792;0.0027206473;-0.007243417
0.0022584165;0.0037390178;-0.0057947338
0.011181734;0.0029912142;0.0016142129
0.0112891365;-0.027294528;0.02629137
0.01840631;-0.023398124;0.0147830965
0.031912547;-0.021843499;-6.73523E-4
0.0138112875;0.0028377012;-0.006788818
-0.0022322196;-0.010229839;-0.0054310546
-0.0017857758;-0.006621371;0.008155156
-0.026428621;0.015015403;-0.012225875
-0.007861647;0.04013732;0.0089693
-0.0023830673;0.061797358;0.01342544
-0.0034689538;0.030687887;0.004490352
-0.001212663;0.007362809;0.009842281
0.00527987;-0.028484752;0.0016238253
0.0057863956;-0.046225302;0.02004906
0.010097867;-0.06823024;-0.033960752
0.0041720434;-0.032709192;-0.0021686014
0.017400134;-0.012104855;-0.020484881
0.011576357;0.0043786163;-0.016387904
0.0037923362;0.017565394;0.018139675
-0.004778631;0.031239815;0.020761741
-0.019447904;0.039054353;-0.008390607
-0.022589574;0.04374348;-0.006712486
-0.014946659;0.039682284;-0.0053699887
0.0021051727;0.023933329;0.026954008
0.0016841382;0.019146662;0.021563208
0.022441061;-3.076701E-4;0.017250566
0.014046598;-0.025246136;-0.017449547
0.0034247788;-0.043634407;-0.020209638
0.012114823;-0.077095024;-0.01616771
0.012035608;-0.094488524;-0.031684168
-0.011465264;-0.047465816;-0.019097334
-0.02089096;0.024527347;-0.0027778677
-0.03233777;0.085246876;0.035277706
-0.014151465;0.08851;0.021972165
-0.015227422;0.083308004;0.023827732
0.0050055627;0.0385214;-0.0059378147
0.0063482;0.0011296208;-0.011000251
-0.00507769;-0.036596302;-0.015050202
-0.005624652;-0.07771454;4.5983892E-4
0.025969028;-0.08560913;-0.005882129
0.012962723;-0.048174806;-0.017205704
0.010370178;-0.038539845;-0.013764562
0.008296142;-0.030831877;-0.01101165
0.012886914;-0.009040501;-0.00255932
-0.01703422;0.0646426;0.029202543
-0.024564875;0.07202658;0.023362035
-0.0087144;0.048246264;0.012439628
-0.00697152;-0.005152989;-0.0087982975
6.72784E-4;-0.03537239;-7.8863796E-4
0.004444477;-0.051735412;-6.309104E-4
-0.012069418;-0.05232583;-0.01925473
0.016906966;-0.0059231645;-0.015403783
-0.0013181777;0.039011467;-0.018573025
-0.0033982922;0.053084176;-0.008608421
-0.008187383;0.03152984;0.005613263
0.005168843;0.045536373;0.016990611
-0.0036774257;0.023929097;0.019842489
0.008776809;-0.001169222;-0.009126009
0.020302698;-0.061872877;0.011449193
0.013898408;-0.0494983;0.0091593545
0.017368726;-0.022411142;-0.011422517
-0.01735502;0.021133587;0.0033619867
1.7848494E-4;0.02784437;-0.0035604106
0.0032677879;0.020712996;0.0034016715
-0.0044170194;-0.013117104;0.015221337
-0.023064865;-0.005806183;0.01217707
-0.018451892;0.020355053;-0.009008344
0.010238486;0.010034043;-9.566754E-4
0.023815788;-0.0013477657;0.0054846597
0.03624013;-0.0010782125;-0.014362272
-0.0092891455;-0.02273757;0.0010101822
-0.049618818;-0.052565057;-0.0054418542
-0.045945052;-0.009239545;-0.016853483
-0.022693543;0.023858365;0.017767213
0.044345167;0.014399191;0.02046377
0.09328863;-0.005668147;0.035121016
0.07619341;0.0017154824;0.028096814
0.042204726;0.010747386;-0.0025225494
-0.02014247;-0.0023395913;-0.05201804
-0.07158273;0.010628327;-0.047864433
-0.09632868;0.0038151615;-0.019541545
-0.07237545;0.012427129;-0.0031332362
0.0014746443;0.019316703;0.03499341
0.020710966;0.03420336;0.009244729
0.043131273;0.0039251903;0.001145783
0.053255018;-0.032797348;0.032166626
0.018385265;-0.04186288;0.013233301
0.01783321;-0.0366153;-0.014413359
0.0048915693;-0.027729742;9.6931274E-4
-0.0078054946;-0.014371294;7.754502E-4
-0.011713145;0.011940465;-0.024379639
-0.064839266;0.014239872;-0.013253712
-0.07296516;0.0520169;-0.0043529696
-0.05290338;0.04161352;0.0027676243
-0.0071664546;0.023915814;-0.0040359003
0.08176684;0.0050701518;0.00927128
0.12713222;-0.031881377;0.044917025
0.11889327;-0.0505051;0.004683619
0.05292712;-0.05602908;-0.046253104
-0.038127054;-0.038573265;-0.024502484
-0.10315789;-0.026171112;-0.019601988
-0.09580757;0.02593811;-0.0031815898
-0.07664605;0.06293799;0.009954728
-0.023035591;0.05035039;0.0017137825
-0.018428473;0.021530312;-0.011128974
-0.014742779;0.00784925;0.0035968209
0.014768277;0.0156544;-0.009622543
0.06572087;-0.02185148;0.023551965
0.13304545;-0.058106184;0.056341574
0.15018636;-0.05273495;0.032573257
0.091242835;0.0062495423;-0.023941394
-0.06684948;0.051874634;-0.037903115
-0.21051084;0.028999707;-0.049072493
-0.23715867;0.012262265;-0.026757993
-0.17253943;0.025434813;-0.0026563948
0.005718453;0.03909785;0.035374884
0.16941851;0.00159078;0.05954991
0.24100356;-0.047164876;0.047639925
0.17717785;-0.0877319;0.013111941
0.057367276;-0.07956052;-0.033260446
-0.08457493;-0.032398418;-0.05785836
-0.1778162;0.0053312667;-0.021286687
-0.14069046;0.032390013;-0.017029349
-0.07817736;0.11028701;0.01762652
7.393597E-4;0.12260461;0.057851218
0.06934149;0.08402119;0.027530974
0.06328569;0.03440445;-0.0029752215
0.0373473;-0.03028894;-0.008630177
-0.012309658;-0.09298115;-0.013154142
-0.009847727;-0.12282242;-0.04177331
0.009309319;-0.09357044;-0.00841865
0.037916206;-0.00454385;0.012015079
0.047520462;0.06980242;0.028362064
0.07473512;0.09334194;0.04768965
0.040256847;0.05748605;0.025651721
0.0017367275;0.04598884;0.008021376
-0.047048118;0.016478572;-0.0185829
-0.077482246;0.008495357;-0.03361632
-0.07526705;-0.0041412143;-0.033143055
-0.045369886;-0.03456297;-0.0015144441
-0.0011396591;-0.030775378;0.017538445
0.027213274;-0.0371203;-0.010969244
0.04911437;-0.015633741;-0.027525395
0.050228994;-0.015631992;0.0029796837
0.013620696;-0.010943094;0.014883747
-0.014103443;6.205244E-4;-5.930025E-4
-0.011282755;4.964195E-4;-4.7440195E-4
-0.009026204;3.9713562E-4;-3.7952157E-4
-0.029877214;0.008130209;-0.012803617
-0.01452677;0.004941667;0.027257105
-0.0077151665;0.0055158334;-0.009444315
0.003202867;-0.009649834;-0.013805452
0.010374794;-0.028032366;-0.011044362
0.016112335;-0.028675893;-0.0025854893
0.018358618;-0.037003215;0.010431608
0.0029681444;-0.013977571;0.008345287
-0.029656734;0.0028804427;0.0066762296
-0.015912889;0.027304353;0.0053409836
-0.02054281;0.04528098;-0.020727213
-0.020340499;0.040912285;0.008418229
-0.024084898;0.04522983;0.0067345835
-0.011455419;0.018996364;-8.623331E-4
-0.018539336;0.012072091;-0.0069398666
0.007824782;0.009657673;-0.0055518933
0.035166077;-0.017273862;0.026808485
0.02969536;-0.04506909;0.0089467885
0.0065687886;-0.03293027;-0.01159257
-0.013494969;0.0017807827;0.021975944
-0.010795975;0.0045496263;-0.013669244
-0.00707428;0.016139701;-0.010935396
-0.0017531742;0.020724261;0.010001684
-0.0068712896;0.03220441;0.0017513469
-0.01721578;0.008576027;0.013901077
-0.0098663755;-0.010326679;-0.007629138
-0.0078931;-0.0082613425;-0.0061033103
0.01634177;-0.011296574;-0.048632648
0.032604665;-0.0027872594;0.0048438814
0.0049899826;-0.0037923076;0.010125105
-0.011633013;0.015716154;0.026850084
0.014131089;0.04382292;0.015230067
0.03786737;0.04287084;0.024684053
0.052950148;0.02335917;0.019747242
0.029078867;-0.015687663;-0.015452205
-0.029861907;-0.04067513;-0.0061117643
-0.059045773;-0.046602603;-0.017389411
-0.05426787;-0.013844583;-0.0014115293
-0.036383048;0.031111833;-0.013629223
-0.0056689368;0.035826966;0.0015966212
0.010308601;0.019286573;0.001277297
0.008246881;0.015429258;0.0010218376
0.0065975045;0.009218407;0.019567471
-0.009565746;0.0026872256;-0.003096024
-0.006090097;-0.011912719;-0.002476819
-0.0025283278;-0.022030177;-0.008231455
-0.0043664123;-0.02074914;-0.0065851645
-0.01052438;0.0037131875;9.818686E-4
0.008767996;0.02797055;-0.017964505
0.016389396;0.03018894;0.010628396
0.009205268;0.021026151;0.0022527168
0.016739214;0.010570922;0.020552173
0.009485121;-0.005605763;-0.027308261
-0.005693153;-0.05760961;0.003153391
-0.0061170226;-0.057025187;0.008772713
-0.011143618;-0.04093265;-0.0117318295
-0.0050086444;-0.01243362;0.0031145362
-0.029006915;-0.008384396;0.002491629
0.0017944677;0.019854983;-0.004256697
0.017060574;0.020571487;0.0028446426
0.01755471;0.022707189;-0.016474286
0.023418767;0.041603252;0.0055705714
-0.0101712365;-0.0198424;-0.001793543
-0.017511988;-0.05181142;0.0110651655
-0.0022908412;-0.052386634;0.008852133
-0.008082673;-0.021596808;-0.011668294
0.009158862;0.026472554;-0.0030846351
0.02060834;0.014928043;0.003782292
0.0047679213;-0.0068075657;0.009275833
-0.0016544128;8.0394733E-4;0.0011706668
0.00414522;0.020955658;-0.017813466
-0.0037150742;0.032389525;-0.008000773
-0.04750331;0.016536621;-0.012650618
-0.024721397;-0.008645703;0.0086295055
-0.008058368;0.008708438;0.006903604
-0.0041029444;0.03196675;0.011772883
0.017030144;-0.0025516;0.021918306
