-0.012874507;-0.0136119705;0.0013654109
0.020169144;-0.017139576;0.0010923287
-0.019802185;-0.03402416;-0.017876137
-0.010372997;-0.02096933;-0.008050909
-4.8589814E-4;0.014474537;-0.018940728
-0.0027324685;0.03814213;0.022347419
-0.0060922247;0.043013703;0.017877935
0.02403247;0.039098464;0.008052347
0.011413476;0.01409127;0.012691878
-0.013525469;-0.010601983;-0.014846497
0.014179625;-0.017856587;-0.011877198
0.0035311999;-0.04084777;0.0029982415
0.0028249598;-0.037365716;0.008648593
0.006166218;-0.009580073;6.6887453E-4
0.008839224;-0.021726558;-0.0182149
-0.0030848705;0.0013687536;-0.0020719203
-0.022780396;0.026095003;-0.014157536
-0.008849317;0.009938503;-0.005076029
0.010108046;0.022013301;0.033439178
0.005742687;0.0035481416;0.0080013415
-0.0086871;0.010651013;1.5107317E-4
-0.01632468;0.0147708105;0.025120858
-0.013059745;-0.010058352;0.007596687
0.016114704;-0.0017966812;-0.018922651
0.012891764;0.011062655;-0.0026381204
-0.010780339;-0.011462376;0.010389504
-0.02971802;-0.0232324;-0.0104383975
-0.004243167;-0.031085921;-0.045850717
0.032542966;-0.027993737;-0.005430574
0.028378123;0.0026050108;0.02065554
-0.011672501;0.03645901;0.0040244325
-0.034338;0.027604707;-0.015530454
-0.014189151;0.022083765;0.006325637
0.02146118;0.012979512;-0.0011894905
0.032012694;0.00413361;-9.515924E-4
0.025610154;-0.031068113;0.011738726
-0.004511876;-0.02329199;-0.009359019
-0.020797001;0.0032414084;-0.019987216
-0.004918851;0.022905627;-0.015989773
-0.0039350805;0.018324502;-0.012791818
0.0046644355;-0.008777899;0.014766546
0.019356549;-0.008584819;0.018063236
0.018610239;0.010319645;0.033200588
-0.015580559;0.023880716;0.026560472
-0.012464447;0.028479572;-0.0037516227
0.0033096923;0.030596158;-0.015501298
0.010460254;-0.027085574;9.896137E-5
-0.010381797;-0.032605957;0.006329169
-0.029399188;-0.033897266;0.023813335
-0.00476935;-0.039617814;-0.005949332
0.01571577;-0.01606925;-0.036009464
0.039135117;0.0058945995;0.0024424277
0.0063080927;0.01409068;0.014453942
-0.021516025;0.025335044;-9.368463E-4
-0.0054940707;0.020268034;-0.006999477
-0.010645256;0.019339427;6.504184E-4
-0.0124224555;0.020159042;0.013020335
0.0017807859;0.011439734;0.016666267
0.0068933787;0.0029017872;0.007083014
0.009420953;-0.0023660704;-0.0068335887
0.015349262;-3.3035627E-4;-0.024216872
-0.00334559;-0.025264286;-6.234967E-4
0.007479778;-0.029586429;0.005751203
0.0020775723;-0.023669142;-0.014149038
-0.015525443;-0.011122814;0.0011807696
-0.010857854;4.7674886E-4;9.4461575E-4
-0.006342533;0.012881399;-0.0054943073
0.030863473;0.01968012;0.001854554
0.028597029;0.015744096;0.0014836433
2.2137312E-4;0.012595276;0.0011869146
-0.020916652;0.014763721;0.013449532
0.0020166787;0.024310976;-0.0017403746
0.005519593;0.019448781;-0.0138922995
0.0028531745;-0.0031909747;0.02638616
-0.0055299606;-0.04005278;0.0148589285
-0.013798968;-0.066417225;-0.025612857
-0.022757925;-0.05157128;-0.020490287
-0.02211259;0.0056179767;0.008607771
0.016684929;0.032619383;0.006886217
0.026629193;0.032345504;-0.013241027
0.010365854;0.021188904;0.008157179
-0.0057698167;0.024763623;0.031525742
-0.023365853;0.0026233986;0.0064705946
-0.009317683;-0.022901282;-0.0073235244
0.012077103;0.001991475;-0.0058588195
0.013567933;0.01253068;-0.010937056
-8.6440356E-4;-0.007162956;-0.0024996444
8.709772E-4;-0.0135428645;0.010500285
-0.0032094682;-0.004584292;-0.016599772
0.0013386754;-0.0036674335;-7.79818E-4
0.0073209405;1.9105324E-4;0.011876145
-0.0058619976;-0.0076596574;-0.0029990836
-0.0062520984;-0.009252726;-0.008649267
0.0020295714;-0.008964681;-0.0069194133
6.1157145E-5;0.013140756;7.1446924E-4
-0.009326074;-0.016049895;5.7157537E-4
-0.013710859;0.013722584;0.0067072604
-0.014874938;0.021915566;0.017865809
0.00372505;0.011282453;-0.010707353
0.01469879;0.009025963;0.022684118
-0.005428468;-0.01621673;0.011897294
-0.0027802745;-0.052035883;-0.034232166
1.19530465E-4;-0.038503706;-0.008635732
0.009470624;-0.0011154657;-0.013158586
-0.01351725;0.024107628;0.0019731314
-0.0053450502;0.011473602;-0.010921495
0.0019739596;0.013866382;0.016262805
0.010954168;0.0064056055;0.025510244
9.508342E-4;0.009811984;-0.0108418055
-0.008614332;0.0094120875;-0.014923444
-0.014703966;-2.828301E-4;-0.0056887553
0.006986827;0.007586236;-0.004551004
0.021214461;0.0013814887;0.008859197
0.011502819;-0.012957309;-0.005412643
-0.0064227446;0.0021341527;0.008169886
-0.0012319456;0.011082322;2.8590864E-4
0.0029206935;-5.0914224E-4;-0.0060212733
0.024992805;-0.009782313;0.0076829814
0.034056745;-0.014075851;-1.0361478E-4
-0.005567105;-0.01751068;0.006167108
-0.023984933;0.0047414554;0.011183687
-0.003562947;0.008480664;-0.009803051
-0.022381607;0.014597031;-0.03909244
-0.019467786;0.014802625;0.0062260474
-0.023386728;-0.0037828998;0.023730839
-0.0015218832;-0.02802632;2.346704E-4
0.014407493;-0.0146085555;-0.012312263
0.024807245;0.007063155;-0.028599812
0.027658297;0.0025255242;0.0021201512
0.0049391366;-0.0026670806;0.014196121
-0.01948619;0.011928836;0.0051068966
-0.015588952;0.020480568;-0.0021644826
-0.0046586622;0.014821955;0.004518414
0.01971057;-0.011579936;0.009864731
0.021237206;-0.04520145;-0.010858215
0.001364765;-0.03772366;-0.008686572
-0.012189438;-4.914274E-4;-0.0069492576
-0.0136578;-0.001955642;0.013190594
-0.0046762405;-0.0015645135;-0.0019475248
-6.1599223E-4;0.01281089;0.01094198
-0.0020552939;0.027436212;0.040003583
0.002262015;0.032886468;-0.005497133
0.003372112;0.015371676;-0.016897706
0.010510189;0.0154223405;-0.007268165
0.0029394017;0.006087872;0.012935468
-0.007023479;-0.004504702;0.010348374
-0.0056187827;-0.0036037618;0.0082787
0.0025362237;-0.0060080094;0.0128729595
0.002028979;-0.009493908;0.022798367
-0.003845567;0.008029874;-0.013011306
8.297965E-4;-0.009201101;-0.016659046
-0.0032424128;-0.01829838;-0.019577235
-0.0065001803;-0.008388705;-0.0031617887
0.004174856;-0.012960964;-0.002529431
-0.0021288653;0.0036937292;0.0042264555
-0.018890593;0.0060799834;0.0033811643
-0.0072999736;0.0017389866;-0.028545069
-0.012089979;0.021703688;-0.0103360545
0.0020467667;0.032987952;0.0042311563
0.013356163;0.029515361;0.022134924
0.01615368;-0.001387711;0.01145794
0.0051104445;-0.008922669;-0.015833648
0.021275856;-0.024325635;-0.0064169182
-1.6681547E-4;-0.03977301;0.019866465
-0.026695952;-0.028693406;-0.0028568278
-0.008075512;-0.007329725;-0.014785462
0.0013520905;0.0081987195;-0.01807837
-0.008293328;0.017496476;0.0042873044
0.012115338;0.0077471808;0.028429843
0.00812977;0.023385245;0.010243875
0.014316317;0.029645696;-0.0105549
0.018484304;-0.0044084433;0.00405608
0.0077561922;-0.016026754;-0.0030051363
-0.014888796;-3.2140382E-4;-0.03990411
-0.008004786;0.012242877;0.011826713
-0.0032788294;0.012919301;0.02196137
-0.015904313;-0.0021645587;0.011319096
-0.012723451;-0.017356647;-0.003444723
-0.02892876;-0.029510317;-0.0090057785
-0.008299259;-0.032983255;0.005295377
0.010548093;-0.015449103;-0.020763699
0.024063475;0.028265717;0.014639041
0.03096953;0.016362574;0.005461233
0.007588124;0.02871506;0.0043689865
-0.007210751;0.029222047;-0.02150481
-0.0213936;0.009315138;0.02029615
-0.0077398806;-0.0034853898;-0.008763079
-0.0038481546;-0.016850812;-0.013260463
-0.013234774;-0.05098065;-0.01060837
0.006599681;-0.05328452;-0.0022366964
0.013092245;-0.020752616;-0.0017893572
0.008911296;0.0068354076;0.017318515
0.011035287;0.016405826;0.03885481
0.02757823;0.05218716;0.024833849
-0.0029374165;0.05424973;0.0011170793
-0.030474933;0.032462284;-0.011606337
-0.018911196;0.011907326;-0.01553507
-0.0034102073;-0.023286639;-0.0061780554
0.016021835;-0.031129312;-0.004942444
0.024536217;-0.017090948;-0.0039539556
0.015722724;-0.02148526;-0.021913165
-0.0030468209;-0.0062507074;-0.0050305314
-0.019624956;-3.1306586E-4;0.027225574
-0.021168716;-0.0033754527;0.0030304599
-0.0036537223;0.020737138;0.008674368
0.0025457721;0.04940221;0.0069394945
0.0020366178;0.014521768;0.0055515952
0.0016292941;-0.030570086;0.004441276
-0.008071565;-0.049456067;-0.015196979
-0.0142697515;-0.014564855;-0.005907583
-0.0012595514;0.005535616;0.0015239335
0.029461108;0.012240993;0.007469147
0.014193887;0.0019802945;-0.0065246825
-0.0120823905;0.034396734;-0.011469746
0.0036153377;0.01814239;0.009574203
0.01304852;-0.0011110893;-0.0048406376
2.8256615E-4;-0.027451372;-0.02887251
-0.005242697;-0.023523597;-0.016848007
-0.013569158;-0.015693877;0.0052715936
-0.026480326;-0.0047426024;-0.0020327251
-0.005559261;-0.005356582;0.00462382
-0.004447409;0.022277234;-0.008800944
0.007379573;0.03344679;0.011709245
0.021528658;0.04081993;0.021867396
0.022691676;0.021718444;0.017493917
-0.009971659;-0.010750244;0.0014951333
-9.460769E-4;-0.039850194;0.013696107
-0.02106936;-0.049067657;-0.020293115
0.0034570107;-0.022066625;-0.04748449
-3.5939136E-4;-0.0082783;-0.025487594
-0.014350013;0.02462736;-0.0016400748
-0.0013237605;0.018139388;0.0049379403
0.0059722415;0.02701151;0.016450353
0.022746542;0.010671708;0.0069102817
0.0064784847;0.0022873667;0.011778225
0.005182788;-0.0091076065;-0.0030774197
-0.01538502;-0.008848585;0.0037880642
-0.006058016;-0.027391369;0.009280452
0.0021848374;-0.039100595;0.0011743611
0.0017478699;-0.032842975;-0.030310512
0.013117046;0.01747562;-0.017998409
-0.0012251133;0.026480496;0.0043512727
-0.010355091;0.0055593965;0.0034810184
-0.0059403223;0.0075725173;0.009034814
-0.018033508;0.010745513;0.0072278515
0.0058856937;0.016408911;-0.0067177187
0.016427305;-0.0040603713;0.007125825
0.011579344;-0.006373297;0.02445066
0.005357225;-0.012911137;0.019560529
-0.02462047;-0.00720391;0.0031484223
-0.011883876;0.012986872;-0.003731262
0.0092429;0.0103894975;0.00951499
0.0073943194;0.008311598;0.0076119923
0.019977955;-0.0027257216;-0.006410406
-0.0074551357;0.018131923;-0.005128325
-0.017682858;0.009818038;-0.02285266
-0.0024275368;0.01254193;-0.018282128
0.0035267207;-0.008716456;-0.014625702
0.0067276265;-0.030410664;7.994381E-4
0.017100852;-0.0118285315;0.0068895505
-0.0074130693;0.0045996746;0.03051164
-4.6170526E-4;0.0083672395;-0.0068406877
-0.0019318642;4.4379185E-4;7.7744987E-4
-0.0031079913;-0.0043324665;0.0068719597
-0.002486393;-0.0019034732;0.011747568
-4.2661448E-4;-0.0077727786;-0.0093519455
-0.022997541;-0.007780723;-0.026231557
-0.009023033;-0.021849578;0.010264755
0.0021565733;-0.008104662;0.0019618038
0.022819009;0.00289127;0.001569443
0.010442707;0.011688016;0.0012555545
5.416656E-4;-0.021899587;-0.0052455566
-0.0050354176;-0.02220717;-0.022946445
-0.0016845841;0.041609265;0.006642844
0.011933583;0.03328741;0.011564275
0.0017343662;0.0016299291;0.02800142
-0.025175007;-0.023696057;-0.027598863
0.0064224945;-0.014269345;-0.009579091
0.0067004957;-4.779763E-4;-0.020163273
-0.0055771037;-0.001944881;0.0026193818
0.006475817;-0.006243405;-0.0041544945
0.024711903;-0.004994724;0.021676404
0.002582023;0.006941721;0.0048411232
-0.0041843816;0.041490875;0.0038728986
-0.026003756;0.0566302;-0.003151681
0.0018532458;0.007804161;-0.008771345
0.009295097;-0.028131671;-0.007017076
0.0035298273;-0.025630336;6.363393E-4
-0.006551138;-0.03456677;0.019259071
-0.01852216;-0.046403416;0.002907257
-0.010911479;-0.041810233;-0.016424194
0.016270816;0.002489314;-0.0068893554
0.018485405;0.06449145;-0.011761485
-8.36677E-4;0.051593162;0.009340812
-0.011606841;0.025649529;0.01997265
8.952675E-5;-0.006042877;0.00972812
0.0039778715;-0.014209301;0.007782496
-7.239529E-4;0.004257559;0.012475997
0.008795838;-0.009093953;-0.0025192027
-0.00624458;-0.021337662;-0.002015362
0.008285586;-0.03269513;-0.02036229
-0.0066527813;-0.008968604;-0.0037898317
-0.0014159749;0.019387618;0.021968134
-0.01285153;0.034260094;0.017574508
-0.010281224;0.024283076;-0.023440395
0.024587521;-8.8604016E-4;0.006247685
0.019670017;-0.022583833;-0.013751852
1.1101335E-4;-0.038379565;-0.0047514816
-0.0069424394;-0.0072661527;-0.0038011854
-0.007897701;0.001999578;-0.0092909485
0.0069630886;0.012537163;-0.013682758
-0.0092732785;0.02252973;0.032803793
-0.036324874;0.008648784;0.0074930345
0.0037526016;0.0022315271;0.012244428
0.016283331;0.008035222;-0.033954456
0.013026665;-0.012321822;-0.020913566
0.008077582;-0.030169958;0.008269147
-0.014631685;-0.010073466;3.6531754E-4
0.0015759025;-0.009621273;0.0065422542
-3.0177803E-4;0.01730298;-0.0010161968
0.009133577;0.013842385;-0.0070629576
0.001838112;-0.0045510917;0.025599634
0.0053767394;-0.019265873;-0.010770293
0.0043013915;-0.026350198;0.022633765
-0.0028088866;-0.003892659;-0.019392988
0.015721641;0.023448372;0.0032356102
-0.0014851874;0.0046961983;0.008838488
-0.0160319;0.024069458;-0.01792921
-0.00735677;0.013005567;0.016906632
-4.1666598E-4;0.016654454;0.0072753057
0.007479167;0.013323563;0.0058202446
-0.022141667;-0.031528648;0.0046561956
-0.002869583;-0.04241042;-0.0025250434
0.022704333;-0.019865835;0.004229965
0.008788466;-0.011205168;0.009633972
-0.0062504765;0.026973365;-0.004792822
0.0020308688;0.026266191;0.0024157423
0.011780945;0.025700454;-0.016817406
-7.31494E-4;0.025247863;-9.5392496E-4
-0.017772695;0.02488579;0.01798686
-0.006405656;-0.008216368;-0.0106105115
-0.006687025;-0.026885593;-0.02723841
0.02121288;-0.026195975;-0.04054073
-0.002560946;-0.01939428;-0.0074325823
0.0018574933;-0.028015424;0.0065539344
-0.007889005;-0.006787339;0.011493147
-0.015686205;0.014882629;0.027944518
0.010107286;-0.005281397;0.0036056144
0.014335829;-0.0011001178;0.0028844916
-0.011968836;0.022557406;-0.0039424067
-0.02832507;0.007108425;-0.021903925
-0.018753806;0.02131174;-0.0050231405
0.027184455;0.023299392;0.014731487
0.019403815;-1.1048659E-4;-0.0069648097
0.0038043016;-0.012588389;-0.011821847
0.0014809413;-0.005383211;0.0092925215
0.001184753;-0.033994067;0.0011840174
-0.0045209476;-0.044382755;0.013447214
-0.011429258;0.0035562958;-0.0017422289
0.0017940935;0.034095038;-0.0013937831
0.009247775;0.035088528;0.017634973
-0.00353928;0.039008323;0.02660798
-0.0028314241;0.031206658;0.021286383
-7.026393E-4;0.015590327;0.010779106
-0.017749611;0.009347262;-0.016376715
0.0014253109;0.0027903093;-0.025601372
-0.010578501;-0.041517753;-0.014231098
0.014193449;-0.0441517;0.001115122
0.005886009;-0.025946362;-0.011607902
8.0255733E-4;-0.0051320894;-0.021786323
0.006110796;-0.02129317;-0.011179058
0.008794887;1.5296284E-4;0.009806754
0.0031296595;0.04387237;0.020345403
0.0025037276;0.050722897;0.028776323
0.002002982;0.043703318;0.004271058
0.030508636;0.011525153;0.009666846
0.012688158;-0.018904878;0.0014834772
-0.008599473;-0.055748902;-0.017563218
-0.03344208;-0.03209912;-0.026550574
-0.042378664;-0.020991797;-0.01499046
0.01219082;0.0050815623;-0.018242368
0.011315156;0.00875275;0.0041561057
-3.228754E-4;0.0116897;0.034574885
-0.0041645505;0.02653926;0.021409908
-0.0072378903;0.035293907;-0.0016220738
0.0035846878;0.020422626;0.011202341
0.01068025;0.0038381012;0.008961873
-0.0023932997;-0.03911702;-0.017830502
0.0035541102;-0.048481114;0.010735598
0.014562038;-0.03878489;-0.0039115213
0.0053996304;0.017409585;-0.0093792165
0.0043197046;0.013927669;0.0049966266
-0.015294236;0.006454635;0.003997301
-0.004422889;0.016101208;0.009447841
-0.0058820616;0.026943466;0.020058272
7.631009E-4;0.016867273;-0.008953382
0.0045167306;0.016618818;-0.013412706
0.0020508845;0.010170055;-0.0044801645
0.0071094576;-0.026238956;-0.022334132
-0.009156184;-0.025678664;8.826948E-4
0.005956303;-0.03304293;0.006956156
0.0141400425;-0.031121846;-0.0131850755
0.005843284;-0.028022476;-0.01679806
0.012487127;0.007269519;0.030311551
-1.6654833E-4;0.043315616;0.017999241
-0.007945739;0.03777749;0.020649394
-1.0659093E-4;0.047409493;0.016519515
-0.013366523;0.034802593;-0.024284389
-0.005224468;-0.017470423;-0.03817751
0.0012891755;-0.02491384;-0.0055420087
-0.02006241;-0.03868107;0.008066393
-0.0043311776;-0.048132356;-0.0060468856
-0.0050274422;-0.043193385;-0.0048375083
0.020978047;-0.02830471;-0.010120006
0.027719937;7.9373317E-4;0.0044039944
-0.012199051;0.033447485;0.0035231956
-0.00975924;0.015820488;0.015318557
-0.009369892;0.0032813915;0.012254845
-0.015308414;0.043250114;-0.021446124
0.0010345189;0.05335009;-0.017156899
0.033640116;0.020805072;0.01752448
0.023005841;-0.0036684421;0.020269584
0.012154674;-0.027934754;0.016215667
-0.007463761;-0.042660303;-0.0057774656
-0.007533509;-0.035690743;-0.010871973
0.015066943;-0.016052594;-0.039947577
0.0065848045;-0.006592075;-0.0069580623
-0.0048884065;0.0025388398;-0.00556645
-0.022660725;0.022343572;0.00804684
-0.01422233;0.027249858;0.025187472
-0.017627863;0.042112388;0.0076499777
-0.010196041;0.03368991;0.006119982
-0.001906833;-0.0027355729;-0.032604013
3.7033562E-5;-0.03812596;-0.0073332116
0.017217128;-0.030500766;0.012883431
0.0231487;-0.018150613;-0.008443255
0.005237711;-0.01608299;-0.013004605
-0.007528581;-0.0066163926;0.039596315
-0.015397864;-0.005293114;-0.005822947
0.012681708;0.0020155087;-0.035908356
-0.012510884;0.025049906;0.021273315
0.014991294;0.024727426;0.023268651
-0.009100716;0.052594442;0.006114921
-0.009624322;0.03895055;0.023641936
0.004019292;0.009285442;-0.0060864505
-0.010065816;-0.0050716465;-0.02361916
0.0028848469;-0.010307318;-0.0063953283
7.4537756E-4;-0.025433354;0.0073837372
0.021690052;-0.043784183;-3.4301015E-4
-0.0076479586;-0.014714846;0.005975592
-0.015493367;-0.007084377;-0.0014695264
-0.010832193;-0.0150425015;-0.026175622
0.028052995;-0.0026590014;-0.002190497
0.018536147;0.0056852987;0.023247603
0.005453917;0.018610738;0.018598082
0.0043631336;-7.364087E-4;-0.0038715345
0.005053007;0.002535873;-0.021847228
-0.0037700946;-0.010471301;-0.0049777823
0.0047964244;-0.03962704;0.0022677744
-0.01335036;-0.016076634;0.020564219
-0.020055288;-0.011298806;0.016451376
0.0011432692;0.014398455;0.0069111004
-0.008460385;0.002143764;-0.01947112
-0.010674558;0.012652511;0.0031731043
-0.0015083961;0.035122007;-0.0037115165
-0.006675467;0.045285106;0.0032807868
0.0024721264;-0.0012719143;-0.00987537
0.011352701;-0.05101753;-0.014150296
0.012988411;-0.06425153;0.019929763
0.01585948;-0.03421372;0.01594381
0.012687583;-0.027370976;0.012755048
0.0031188163;-0.015646782;-0.021045962
0.006401303;0.0031075752;-0.02933677
0.0066835424;0.06342356;-0.017219415
0.003784334;0.08042635;-0.0012755323
-0.004785033;0.08152858;0.023979574
-0.013984276;0.06522286;0.02543366
-0.018218672;0.01780329;0.0015969275
-0.022387438;-0.029507367;0.007527542
-0.0046286993;-0.032980893;0.0060220337
-0.0076092095;-0.034197215;-0.020182373
0.009537633;-0.04454527;-0.009895898
0.005286356;-0.027823718;-0.0016667187
0.008135335;-0.017571473;0.004916625
0.008852018;0.03438032;-0.0085667
0.037550364;0.038441755;0.01814664
0.024571542;0.026065905;0.002017312
0.0040322333;-0.002584776;-0.01088615
-0.029586714;0.02605718;-0.027458921
-0.03148187;0.027095743;-0.015717136
-0.025185497;-0.0033234053;0.024926292
-0.012335897;-0.029221224;0.013691033
0.009662532;-0.05618948;-0.0015471737
-0.0024262243;-0.026201583;-0.001237739
4.0277056E-4;-0.0037737668;-0.013490192
0.034697216;1.0598657E-4;0.001707847
0.018382773;0.009459789;-0.017383723
-9.1878144E-4;0.026317831;0.004843022
-0.019485025;0.035116766;0.028874418
-7.4427016E-4;0.024968412;0.004349534
-0.013876666;-0.0050252704;-0.015270373
-0.008757583;-0.021207716;2.8370184E-4
-0.0070060664;-0.029466173;2.2696148E-4
-0.013417353;-0.01888544;1.8156918E-4
-0.020108882;-0.024483351;0.012645256
-0.005149606;-0.01958668;-0.008633796
0.026349066;0.023393156;-0.0069070365
0.024985502;-0.020347975;0.013224371
0.010613401;-0.03034088;0.016829496
-0.012603029;0.0038522957;-0.0052864025
-0.031176172;0.026519336;-0.0042291223
-0.009315939;0.02746547;0.015366702
0.00973475;-0.0030276247;0.012293362
0.0077877995;-0.0071095997;-0.01516531
0.0038864897;0.02712482;0.0066177514
-0.0039220583;0.018574856;-0.0072057988
0.0038936033;-7.65115E-4;-0.005764639
-0.015635118;-0.008424592;-0.017111711
-7.8934385E-4;-0.008302174;0.011310631
-0.002975225;-0.0019542389;0.002798505
0.01090107;-0.0015633912;-0.010261196
0.016533356;-0.010625713;-0.014458957
0.0077579347;-0.01787557;-0.011567165
-0.009418652;0.010699544;-0.0030037325
-0.0051911715;0.022622135;-0.002402986
-0.008059188;0.025910208;-0.0019223888
-0.0103536;0.009790666;-0.02653791
0.0010921201;0.012520033;0.0037696713
0.004779946;-0.008733974;0.015515737
-0.0016447932;-0.005424679;0.0061625894
0.025246665;-0.015277243;0.0049300715
0.020197332;-0.029409295;0.010194058
0.0028766159;-0.0032149355;0.026905246
-0.014886207;0.0068030516;0.009024196
-0.022065217;0.013254941;0.0072193574
-0.0035896727;-0.006583547;-0.012974514
0.015878262;-0.005266838;-0.029129611
0.0072338595;-0.00421347;-0.004553689
0.0073495875;-0.022120776;0.0026070487
-0.02068283;-0.014571621;-0.004164361
-0.018890014;-0.0069697965;-0.009581489
0.023169238;0.008486663;-0.013915191
0.001347891;0.01928933;0.007617847
-0.004390437;0.0013689641;0.012344277
-0.0019498497;-4.6732873E-4;0.022375422
-0.01640363;0.010563637;0.011650338
-0.0053104036;0.02095091;-0.00942973
0.0129391765;0.016760727;-0.0012937839
0.010351341;-0.020966418;-0.0010350271
0.004374823;-0.016773134;-0.019578021
-0.012125141;-0.011856007;0.015587582
-0.013606363;0.024890194;0.018720066
0.0063024093;0.038662154;0.014976053
0.0034794277;0.021554723;-5.191577E-4
0.012158542;0.0016187794;-0.019165326
0.0042580836;-0.017454976;-0.009082261
-0.013781033;-0.037401482;0.005234191
-0.018837327;-0.025233684;0.004187353
0.006023889;-0.007686948;0.0033498823
0.006381611;0.007912941;-0.028570093
0.02619904;0.021955354;-0.004106075
-0.0056032687;0.011314282;0.02796514
-0.009951365;0.0028014262;0.022372112
-0.015773593;0.010053641;-0.01335231
0.010037377;0.020542912;-0.0044318484
0.004123651;-0.00387817;0.008954521
0.009548921;-0.0031025358;0.025913617
0.0013891367;-0.044669528;-0.03551911
0.007361309;-0.020110622;-0.022165285
0.0035452975;0.0073490017;0.019767772
-0.008101262;-0.008183299;0.009564217
-0.0064810095;-0.031546637;0.020151375
-0.0036223077;-0.011174811;-0.0026289008
-0.0013353461;0.011372651;-0.01460312
0.0028379732;0.02628562;-0.024182497
-0.012573372;0.028840996;-5.959972E-4
-0.017871197;-0.0066147028;0.005773202
-0.014296958;-0.0052917623;0.004618562
2.8118378E-4;0.0051415903;0.01619485
0.005693697;0.030675773;0.01295588
0.031117458;0.022978118;-0.027135296
0.019425215;0.0027574943;-0.027958237
0.010071423;-0.011856505;-0.0036165896
-0.0060053617;-0.015735203;0.0033567282
-0.0024605393;0.0014743371;0.0026853825
0.011312818;0.010554469;-0.010351694
0.007487755;0.006881076;-0.014531355
-0.004166046;0.01800486;-0.005375084
-0.018176587;0.008153888;0.014449933
-0.03016627;-0.009101889;0.036559947
-0.012414265;-0.013531512;-0.002002043
0.008818587;-0.024887709;-0.026601635
0.02267987;-0.012097667;-0.008781307
-0.004512354;0.012196866;0.011724954
-0.023141133;0.0019449929;-0.021870038
-0.0107004065;0.009368494;-0.0049960297
0.010189675;0.0028072954;0.014753177
0.01987049;-0.0055666636;0.02430254
-0.0012911082;-0.007578331;-0.018057967
-0.008845386;-0.029500164;0.0043036263
7.3619076E-4;-0.034537632;0.015942901
-0.0033172974;-0.0026301055;2.5432085E-4
-0.015935088;0.0072709154;2.0345669E-4
-0.0033730704;0.0136292325;-0.018587235
0.020739043;0.048403386;-0.0023697878
0.023622485;0.043410208;0.02310417
1.47988E-4;0.030040666;0.024733337
-0.015506609;0.028720034;0.0010366687
-0.017874038;-0.012961473;-0.024170665
-0.01039298;-0.061931677;-0.013086532
0.0049668658;-0.049545344;0.020780774
0.023504743;-0.022448774;0.02287462
0.0047412943;-0.0023340194;-4.5030442E-4
-0.013394465;0.016882785;-3.6024352E-4
-0.025559321;0.027568728;-0.012788195
-0.011072458;0.009554982;-0.022730555
0.008329534;0.015456486;0.013065555
0.014476127;0.0045526884;0.029202444
0.017049652;-0.0041703493;-0.0016380446
0.012077222;-0.02364878;-0.032560434
0.005755527;-0.011106524;-0.013548348
-0.014926828;0.017677281;0.014161321
-0.009597712;-0.010858175;0.005079057
-0.00767817;-0.01649904;-0.027186755
0.003232464;0.022738269;-0.0029994035
0.002585971;0.015065614;0.003850477
-0.005743723;-0.009822508;0.009330382
-6.8872847E-4;-0.0031705068;0.026214305
0.0017927672;0.009963594;-0.0040285555
0.008465464;0.023595875;0.009277156
0.010678621;1.2670053E-4;0.0074217245
-0.002394603;-0.0030236396;-0.012812621
-0.009728182;-0.010231412;0.0022499035
0.005498704;-0.014435129;-0.004450077
0.023148963;-0.034985602;-0.009810062
-2.3082946E-4;-0.054550983;-0.0078480495
0.0013778365;-0.043640785;-0.03127844
0.011258519;0.005712371;-0.012522751
0.0027568154;0.038944896;-0.0037682012
0.0061117024;0.04209342;0.009485439
0.003326862;0.038362235;0.013838351
-0.020776011;0.041627288;0.023570681
-0.022089558;0.03486433;-0.018643456
-0.023140397;0.015391463;0.0038352357
-0.0013248174;-0.03768683;0.028068189
0.009877646;-0.062961966;0.003704551
0.0079021165;-0.067557074;-0.009536359
-0.0069595566;-0.044670656;-0.013879088
-0.018848896;-0.016986525;-0.01735327
-0.009610366;0.02078578;-0.001382616
0.004030457;0.030691124;-0.0011060927
0.016505616;0.0323654;0.005365126
0.0022669926;0.044642318;0.0105421
0.004938594;0.06696386;0.0021836804
0.002388375;0.020758584;-0.0045030555
3.4820018E-4;-0.017768133;-0.016102444
0.01355981;-0.007964506;-3.819556E-4
0.0030353481;-0.031371605;-0.0065555642
-0.0069467216;-0.054784782;0.0010055484
-0.021182377;-0.037577827;8.044387E-4
-0.007570902;-0.020687262;0.013143551
-0.007619221;0.010012691;-0.014485159
-0.010001627;0.020510152;0.0071618725
-0.009563802;0.03828312;0.030729499
-6.197914E-4;0.022813998;-4.164015E-4
-0.0059645833;0.032313697;-0.019083122
0.024134584;0.016475959;0.0034835031
0.006026417;-8.817332E-4;0.021536803
-0.0029913664;-0.038205385;0.029729443
0.0015131568;-0.04775181;-0.013716446
0.0051167756;-0.035076447;-0.029723156
0.0072184205;-0.013998657;-0.023778526
0.0026497364;0.010676074;0.0059771794
-0.011942711;0.011665859;0.029781744
-0.0072104186;0.031207686;0.023825394
0.002044165;0.04527865;0.006560316
0.007104082;0.04403542;-0.0135017475
0.009589516;0.019603336;-0.029551398
0.020952862;-0.021817332;-0.03614112
0.00348104;-0.054953866;0.014837106
-0.014402668;-0.043963093;0.0056196842
-0.020897135;-0.014857974;-0.026754253
-0.020623958;0.003738621;-0.015153402
0.010063334;0.017053397;3.7727837E-4
0.006488167;-0.0035447825;0.037801825
0.0051905336;-0.002835826;0.030241458
-0.006003823;0.02429384;0.030443167
-0.0063655586;0.014747571;0.018104533
0.0066263033;-0.0085144425;-0.010516373
0.029519793;0.010375946;-0.020913098
-0.006852916;-0.012011743;0.002019521
-0.010951083;-0.014296895;-0.004634383
-0.016573366;-0.031750016;0.0087924935
-0.017164944;-0.017587513;-0.0054660053
0.022986796;0.01561749;-0.010622804
0.026201937;0.017181491;-0.033498242
0.006899049;0.009057693;0.0044514053
-0.009324511;0.021308655;0.016061123
-0.02855336;0.0014219239;3.488994E-4
0.0037198132;0.0027000392;-0.0059708804
0.0146946;-0.033777468;0.032723296
0.01566193;-0.023896975;0.013678636
0.0062795444;-0.02380508;-0.0015570908
0.008929886;-0.026856564;-0.0012456727
0.013393909;0.005077249;-0.025996538
-0.018191123;0.0556243;-0.0020472305
-0.005177899;0.05074944;0.023362216
-0.004142319;0.018724551;-0.0063102273
-0.022063855;-0.019395359;-0.005048182
-0.025463585;-0.042078786;-0.016538545
7.2288275E-4;-0.02741303;-0.025730837
0.019328305;-0.020367924;-0.020584669
0.013900145;-0.03816934;0.0022822646
-0.004504884;-0.0055354713;-0.0044241883
0.0042085927;0.015884124;0.008960649
-0.0021018758;0.0423948;-0.0115814805
0.0053497492;0.03547834;-0.015515184
0.010529799;0.02057017;8.785248E-5
0.0045175897;-0.002293863;-0.006179718
-0.005760928;-0.03152259;-0.0049437745
-0.0147649925;-0.0064680725;-0.010205019
-0.030561995;0.0010755421;0.0043359846
0.008362905;-0.0022645663;0.028468788
-0.0011221763;0.006000847;0.02277503
0.012383509;0.021988178;0.024470024
0.0075630574;0.017590541;0.0070760194
5.8169576E-4;-0.0046775662;-0.019339185
4.653566E-4;0.002507947;-0.009221348
0.009747285;-0.010493643;-0.0011270782
-0.005483422;-5.82414E-4;0.017848337
0.011238263;-4.659312E-4;0.00802867
0.00899061;0.005877255;-0.006077064
0.016567487;0.004701804;-0.023611652
-0.0054960097;-0.024363557;-0.012639321
-0.020021807;-0.019490846;-0.010111457
-0.0042986963;0.0015948237;0.010660835
-0.016720207;0.027838359;0.0022786676
0.0038113345;0.016020687;0.008072934
-0.011013432;-0.00593345;0.012708347
0.008376754;-0.0031842603;0.022666678
0.010607653;-0.013484908;-0.0068666576
-0.012607628;-0.024850426;7.566738E-4
0.005538898;-0.015192841;0.013105339
0.008337368;-0.016841773;0.004234271
0.022294894;-0.0025359185;-0.021612583
-0.0032578341;-0.0020287347;0.0014599336
-0.0010437673;0.018689511;0.0011679468
-0.002397514;0.04776411;0.013434358
0.005113239;0.016336288;0.004497486
-0.020128159;-0.00568097;0.009847988
-0.016102526;0.014205224;-0.004621609
-0.007413272;-0.004260821;0.0150527125
0.0073506325;-0.015908657;-0.00670783
0.030880505;-0.012726925;-0.024116265
-0.013576845;-0.010181541;-0.025543012
-0.010861476;0.0012297679;-0.0016844089
-0.01806418;-0.008391186;-0.007597527
-0.008982595;-0.009837949;-0.0060780216
-0.0017173258;0.009317141;0.0076375827
0.018157389;0.024641212;0.031110067
-0.014380339;0.02440047;0.006138053
2.1447921E-4;0.017957876;0.011160443
0.017359084;0.008116301;0.0151783535
0.009981017;-0.0013194592;-0.012857317
0.015797313;-0.027618067;-0.022785854
-0.0045496495;-0.040844455;-0.005728683
-0.03254597;-0.024863062;0.0016670538
-0.018224275;-0.02770295;-0.017416356
0.01588933;-0.0034123603;-0.0076830857
0.033805214;0.04102011;0.012603532
0.013762921;0.05469109;-0.014917174
0.020385336;0.0062528714;0.01306626
-0.0032229805;-0.023122704;0.016703008
-0.0057033845;-0.015373162;-0.0053875935
-0.025656458;-0.013861029;0.0019399252
-0.005681416;0.006098676;-0.00469806
-0.012357633;0.02050394;-0.010008448
-0.0075423564;0.016403154;0.04199324
-0.017752634;0.0037475221;0.021094594
0.009235392;0.006123018;-0.014374325
0.022232063;0.009585914;-0.00524946
0.021691902;-0.014206269;-0.010449568
0.02282227;-0.039490014;-0.008359655
-0.0043984335;-0.005029512;0.005812276
-0.012893747;0.01941389;-0.0078501785
0.018591253;0.020218613;0.024969857
-7.519979E-4;0.02086239;0.026225885
-0.008414098;-0.002060088;0.008480708
0.006549971;0.0092894295;-0.024465432
-0.011947523;0.023056544;-0.032072347
-0.024401769;-3.047651E-4;-0.025657877
0.0015723354;-0.03305631;-0.020526301
-0.0026483817;-0.05144505;-0.016421042
-0.0060249553;-0.013031039;0.0118631665
0.012367535;0.011450169;0.009490534
0.023175279;0.023222635;0.0013424268
0.018540222;0.018578108;0.0010739414
0.010925928;0.014862486;0.019609153
-0.004540507;0.008764989;0.03443732
-0.003632406;-0.007050509;0.015049858
-0.016187174;-0.007202907;-0.0067101135
3.315102E-4;0.006737674;-0.02411809
-0.005203542;0.02257764;-0.031794474
-0.0065065837;0.025874611;0.005814422
-0.022392767;0.005074689;0.010901538
-0.010101713;-0.0021902486;-0.00377877
0.009106129;-0.0017521989;-0.009273016
0.015097403;-0.009214259;0.017581588
0.012077923;-0.0026839073;0.014065269
-0.0020564117;-0.017772125;0.030002216
-0.0055513796;-0.023592701;0.017751772
0.018996397;-0.03293666;-0.010798582
0.003478367;0.009588172;-0.027388865
-0.014404806;0.024858037;-0.0031610925
-0.019336345;0.01051143;0.028721126
-0.020937826;0.013096644;0.010476901
-0.01909401;0.005789815;-0.016618479
0.021443542;-0.003180648;-0.013294783
0.024967333;5.8048166E-4;-0.0043858266
-0.0034636336;-0.010473114;0.0027413387
-4.2715683E-4;-0.020878492;0.008443071
0.0051270244;-0.015140293;0.0067544566
-0.016992131;-0.019924734;0.017903564
-0.009687454;-0.0034397878;-0.0044271476
0.021156287;-0.0058768303;-0.0035417182
0.0052062795;0.034361035;-0.021583375
0.0018212734;0.030613828;0.0014833004
0.0014570188;0.016678562;0.01993664
-0.009771885;-0.03821965;-0.0028006877
0.003119992;-0.04776322;-0.02099055
0.010308494;-0.013210576;-0.01054244
-0.008940705;0.0034940394;0.0040660477
-0.018090064;-0.015954768;0.034502838
-0.024628302;0.016923685;0.02135227
-0.013452641;0.018226448;0.0045818165
0.015800387;0.025518658;0.0036654533
0.01420281;0.039164927;-0.0033176374
0.013705998;0.018831942;-0.00890411
0.008621048;-0.005246947;-0.013373288
0.0068968385;-0.0041975575;-0.0106986305
0.0039549707;-2.3304597E-4;-0.0023089042
0.0031639766;-0.029873937;-0.008097123
-0.0052813184;-0.022336649;-2.2769875E-4
-0.005787555;-0.03505682;-1.82159E-4
-0.010880044;-0.010857956;-0.018895727
-0.010266535;0.021001136;-0.021366581
0.014443022;-0.0050740917;-0.017093265
0.03264817;-9.342733E-4;0.017575387
0.015181034;0.003940081;0.02031031
0.008238577;0.015652064;0.022498248
-0.0074716383;0.026584152;0.024248598
0.00964769;0.018142322;-0.005601121
-0.0016568485;0.008263857;-0.010730897
-0.010700479;0.0019235859;-0.0023347177
-0.008560383;-0.02033613;-0.020617774
-0.009192056;-0.025643906;0.008505781
0.008271355;-0.042390123;5.546246E-4
-0.0035391662;-0.0182871;-0.0058063003
-0.012206333;0.016620321;-0.01714504
-0.011327567;0.024233757;0.005033968
-0.009062053;-9.254948E-4;-0.027222825
-0.011155892;-0.008552896;-0.015528261
4.5028605E-4;0.005657683;0.012577391
0.012078979;-1.6135334E-4;0.035061914
0.013569433;-0.0016915827;0.01554953
0.025699297;0.008021734;-0.025060376
-0.021628063;0.03922989;0.0049516996
-0.0032399502;0.04857141;0.01021136
-0.01040446;0.010732127;0.014419088
0.006520182;0.011710702;0.00528527
0.016934896;0.028118562;0.016728217
0.009641666;0.02874485;8.825729E-4
-0.005567917;-0.00825412;-0.011793941
-0.009923084;-0.058165796;-0.034435153
-0.004032217;-0.05434514;0.009951877
-0.009475773;-0.01535111;0.014211502
0.008044382;2.1911225E-4;0.0051192013
0.021279255;0.00955029;-0.0021546388
0.020929653;0.031077731;-0.007973711
-4.437768E-4;0.037362184;-0.0063789687
-0.02301127;0.037702248;0.019896826
-0.022315267;0.014536799;-0.00283254
-0.013945964;-0.008683061;0.010233968
0.002124479;-0.014758949;-0.010562826
0.011074583;-0.04149466;-0.014700261
-0.0020778335;-0.04257073;0.013239792
0.009275233;-0.044994082;-0.008158167
0.0035139367;-0.007870265;0.012223466
-0.008126351;0.014016287;0.0035287733
5.301694E-4;0.04246303;-0.015926981
0.0027678856;0.046470422;0.018508416
-0.013410691;0.05436384;0.0023067319
-0.010728553;0.03880357;-0.0044046147
-0.0062390924;0.0044803573;-0.016023692
0.004383726;-0.030790715;0.005931047
0.016788231;-0.03088257;-0.0015051626
0.013430584;-0.026268557;-0.01995413
-0.0040992824;-0.022577345;0.015286696
-0.013435676;-0.032124378;-0.0065206434
-5.922907E-4;-0.0022620012;-0.0052165147
-4.7383257E-4;0.0310029;-0.0041732118
-0.006629066;0.03261482;-0.009588569
-0.020147003;0.038591854;0.011079145
-0.016117603;-0.008189016;0.015113316
-0.0058628316;-0.026863713;0.012090652
0.016403485;-0.03399097;-0.002827478
0.027185287;-0.003755276;-0.0022619823
0.01002948;1.20779165E-4;0.0044404143
0.015836084;-0.015528376;-0.008947669
0.010325117;-0.020235201;-0.019658135
-0.0011149062;0.0041243387;-0.003226508
-0.010266925;0.029861972;0.016168794
-0.00430729;0.019202078;0.012935035
-0.019070832;-0.03620084;-0.014651972
-0.019162916;0.01010183;-0.0117215775
0.0057634176;0.033081464;0.015622738
0.020235734;0.013965171;-1.8097111E-6
0.017751087;-0.010702863;0.018748552
-0.0014241302;-0.0069997907;0.021248842
-0.027701804;-0.0071623325;-0.014250927
-0.008880193;-0.018229866;-0.0114007415
0.006177095;-0.002083893;-0.021620592
0.0033791764;-0.0079171145;0.0077035255
-0.010577909;0.0014788086;-0.0063371793
-0.006899827;-3.7945315E-4;0.013680256
-0.0031761117;0.0043839375;-0.007805795
0.02245911;-0.01524285;0.031255364
0.015623539;0.0065557198;0.012504292
-0.0023449191;0.019307075;-0.008746567
-0.0018759354;0.010758161;-0.038247254
-0.0015007483;0.008606529;-0.030597802
-0.026200598;-0.005614777;-0.0057282425
0.007164521;0.0126956785;0.014167407
-0.005205883;-0.0070309574;-0.007416075
-2.584565E-4;-0.005624766;3.1713993E-4
-0.0041130153;0.014250187;0.006503712
-0.0017279121;-0.016724851;0.0052029695
-0.0029448296;-0.03369238;0.010412375
0.016394136;-0.0035164042;0.0333299
0.003740309;0.023749378;0.02666392
0.0014297472;0.017437002;-0.0036688636
0.0011437978;0.0483246;-0.021685092
9.1503817E-4;0.008972181;-0.011098073
0.01010703;-0.006884755;0.0098715415
-0.013008125;-0.0055078045;0.020397233
-0.0065002507;-0.023156244;-0.0024322132
2.6854966E-4;-0.040399995;-0.0019457706
0.01349609;-0.0073199957;-0.014056616
0.006890622;0.016019003;-0.023745293
-0.0077687525;0.008127702;-2.4623456E-4
0.003159998;-0.0044353376;0.0060530123
-0.008409502;-0.0035482703;0.00484241
0.004209899;0.012786384;-0.008626072
0.003367919;-0.005395893;-0.0069008577
0.012850585;0.011308285;-0.011770686
0.007936718;-0.0065783714;0.0030834512
0.0024431245;0.011924803;0.0024667608
-0.00507675;-0.004522658;0.008223409
0.0029698496;-0.008305626;0.012828727
0.00862588;-0.023832;-0.0022370184
0.004556954;-0.025315601;-0.020539615
-0.011198187;-0.01712748;-0.0101816915
-0.026146049;-0.0058894847;0.0043546464
-0.01544809;-0.0031490875;0.009733717
9.227783E-4;0.00373073;-0.017213026
7.382226E-4;0.010797084;0.011229579
0.002934328;0.016450167;0.015233663
-0.0015587875;0.0069101336;0.018436931
0.00578422;0.027403107;-0.016500456
0.008533626;0.0016099856;-7.003644E-4
0.0091706505;-0.0033995116;0.018189708
-0.0020384793;-0.016782109;0.0020517667
0.011650466;0.0037618126;-0.010858587
0.003070373;0.01707195;-0.008686869
-0.0162937;-0.0050924397;0.0055505047
-0.0075662113;0.002176048;0.0044404035
-0.006052969;-0.010759162;0.003552323
-0.018123625;0.0070176707;0.0028418584
0.0011260998;0.018114137;-0.010226513
-0.01238037;-0.010508691;-0.026931211
0.012751954;-0.008406953;-0.0027949684
0.0078578135;0.0026494379;0.010264025
-0.0046512494;0.0099320505;0.02696122
-0.009970999;-0.02955436;0.002818976
0.0021794504;-0.03301849;-0.02274482
0.00721231;1.4770978E-4;0.013054145
0.0073323483;0.012618168;-0.0145566845
0.0027408786;0.030407034;0.0071046525
-0.004057297;0.0071381275;0.030683722
-0.008714587;0.026023002;-0.0129530225
0.00630958;0.009880901;-0.004112418
0.012860164;0.007904721;0.009210066
-0.010805619;-0.017113723;-0.011381947
0.010105505;-0.026190978;-0.009105558
0.004178154;-0.020952784;-0.013534446
0.0072487732;-0.010512226;0.0016724429
0.0042365184;-0.013097281;0.0013379543
0.0033892149;-0.005790325;0.0010703634
-0.0011948781;0.01568024;-0.005393709
0.0045128474;0.034419194;-0.0043149674
