-1.615625;-1.990625;7.39375
-1.28;-1.58;5.9275
-1.0200938;-1.2936875;4.767
-0.76998127;-1.075575;3.83235
-0.6331725;-0.951085;3.06588
-0.5737255;-0.829618;2.421454
-0.5199179;-0.6074444;1.8746632
-0.39249682;-0.38283053;1.5059806
-0.28274745;-0.22345191;1.2297845
-0.18557297;-0.108449034;0.9963276
-0.12736462;-0.035196725;0.81581205
-0.13548544;-0.001594881;0.68389964
-0.10838836;2.865952E-4;0.5721197
-0.10546069;-0.034145724;0.45769578
-0.07499355;-0.12887909;0.35365662
-0.0146823395;-0.18747826;0.2704253
-0.023464622;-0.27185762;0.18509023
-0.066427946;-0.2502986;0.11057219
-0.09689236;-0.10805137;0.08220775
-0.06345139;0.032308903;0.0532662
0.008613891;0.12115962;0.07386296
0.006891113;0.096927695;0.05909037
0.0055128904;0.077542156;0.047272295
0.038004063;0.13390873;0.056567837
-0.070378;0.15868948;0.101504266
-0.0172399;0.07538909;0.081203416
0.03073933;-0.055313732;0.05246273
0.017560214;-0.20362599;0.016970186
-0.01720183;-0.27227578;-0.017673852
-0.041886464;-0.17094563;-0.06413908
-0.03975917;-0.046131503;-0.057561263
-0.020869836;0.028719796;0.003950988
0.0036166308;0.08703834;0.03441079
0.0060183047;0.12744316;0.05252863
-0.021747855;0.14726703;0.035772905
-0.025210785;0.108438626;0.022368325
0.048581373;0.018000903;0.03039466
0.08652135;-0.13559927;0.03681573
0.025467077;-0.27722943;-0.0017974178
-0.036657587;-0.30928352;-0.051437933
-0.05120107;-0.16773933;-0.10365035
-0.031585857;0.023621036;-0.07042028
0.016918816;0.14702183;-0.025086222
-5.2744785E-4;0.18480496;0.03618102
-0.02854696;0.20096897;0.060194816
-0.041587565;0.14358768;0.066905856
-0.023895053;0.044557642;0.072274685
0.061352707;-0.048728887;0.045319747
0.10845716;-0.10773311;0.017505797
0.048484482;-0.16118649;-0.0047453623
-0.022149913;-0.1289492;-0.04754629
-0.08334493;-0.040659353;-0.06303703
-0.10261344;0.06434752;-0.044179626
-0.052403256;0.11866552;-0.0165937
-0.0059851045;0.12930742;0.01172504
-0.006350584;0.12375843;0.021880032
0.021482034;0.12400674;0.023754025
0.037498128;0.08045539;0.02525322
0.042498503;-0.030948184;-0.0047974237
0.075405054;-0.14663355;-0.010087939
0.07907404;-0.20324434;-0.0018203512
0.038259234;-0.19853297;-0.03895628
-0.009236364;-0.14945138;-0.056165025
-0.03395159;-0.0883111;0.017567981
-0.055286273;-0.04096138;0.014054384
-0.030166518;-0.037456606;0.036243506
-0.025695715;0.012222216;0.028994806
-0.0033690718;0.061340272;-0.039304156
0.019179743;0.07719722;-0.031443324
0.039562546;0.041445274;0.0060953405
0.042587534;-0.01215628;0.011126272
0.008288778;-0.030037524;0.027651018
3.8102258E-4;-0.0084050195;-0.015379186
0.025304819;0.046400983;-0.012303349
-0.017256146;0.07774579;0.0151573215
-0.054429915;0.05750913;0.030875856
-0.045106433;0.052257303;-0.012799314
-0.065772645;0.07461835;-0.028989451
-0.027618118;0.019069675;-0.01694156
0.034155507;-0.04411926;-0.02605325
0.030449405;-0.111857906;-0.0083425995
-0.003765476;-0.13011132;0.02457592
0.0016751192;-0.066589065;0.025910737
0.038840096;-0.05952125;0.008228589
0.060759578;-0.028866999;-0.01841713
0.05485766;-0.0230936;-0.045983702
0.008729879;0.0065251207;-0.055536963
0.0015151531;0.072407596;-0.02567957
-0.015975378;0.111051075;-0.008043656
0.002844698;0.10915336;0.012315075
0.026494509;0.08888519;0.06610206
0.019633107;-0.039829347;0.05913165
-0.021012265;-0.19905098;0.028555319
-0.05587231;-0.23736578;-0.039655745
-0.05094785;-0.09614263;-0.094224595
-0.009508279;0.0418359;-0.037879676
0.027549626;0.12096872;-0.0053037414
0.0454772;0.12021247;0.027007006
0.03794426;0.12898248;0.07160561
0.017074158;0.13756098;0.032284483
0.025378076;0.12098629;0.019577587
0.03748996;0.04991403;0.04066207
0.02061697;-0.086631276;0.020029657
-0.021787675;-0.19743001;-0.027726276
-0.07055514;-0.24856901;-0.05343102
-0.03769411;-0.17385522;-0.048994817
0.0073447106;-0.05314667;-0.007945853
0.0058757686;0.043420162;0.018643318
0.010950615;0.09567363;0.008664655
9.4799185E-4;0.101538904;-0.0055682766
-0.010179106;0.10154362;0.033045378
-3.3078523E-4;0.0921724;0.013936303
0.029422872;0.10967542;0.023649042
0.0313508;0.045552835;0.037669234
0.010236888;-0.06668273;0.005135387
-0.014466739;-0.16272119;-0.02089169
-0.04126089;-0.17236444;-0.054213353
-0.06269621;-0.10507906;-0.04962068
-0.01421947;-0.04343825;-0.045946546
0.026905673;0.024624402;-0.011757236
0.02933704;0.11501202;0.0155942105
0.01956338;0.17638461;0.01872537
-0.018724294;0.2004827;0.039980296
-0.022791937;0.119761154;0.056984235
-0.016671048;0.033308923;0.033087388
-0.007086839;-0.08272786;-0.017280089
-0.0056694713;-0.066182286;-0.013824071
-0.0045355773;-0.05294583;-0.011059257
-0.0051909615;-0.13610667;-0.027597405
0.03725348;-0.13076033;-0.009577924
0.035271533;-0.07960827;-0.01391234
0.024310978;-0.030874113;0.0076201283
-0.006332468;0.00967571;-0.0126538975
-0.051940974;0.09055307;-0.047623117
-0.11186528;0.07087995;-0.06934849
-0.08636723;0.0051414636;-0.036728796
0.013718721;-0.02869933;0.0018669637
0.08909997;-0.024521964;0.02024357
0.15018623;-0.02743007;0.072444856
0.14905524;-0.0047565564;0.07670589
0.03643169;-0.022555245;0.011364709
-0.06460465;-0.1164817;-0.040908232
-0.09543372;-0.11349785;-0.026476586
-0.09197198;0.021701714;-0.039931267
-0.02357758;0.101736374;-0.038195014
0.024887936;0.0813891;-0.0055560125
0.031629097;0.052611277;0.05180519
0.0057720286;0.09677652;0.022694152
-0.009444877;0.12117122;0.036905322
0.0049440986;0.08287448;0.023274258
0.03051778;0.0037995793;0.018619405
0.026757972;-0.082897834;0.033645526
0.009687629;-0.12569328;0.02066642
-0.053187396;-0.12711711;-0.0022168641
-0.061299916;-0.087631196;-0.051773492
-0.025602434;0.012707546;-0.047668792
0.020143053;0.07735354;-0.031885035
0.012989442;0.09000783;0.0057419725
0.027579054;0.09544376;0.04209358
0.022063242;0.08416751;0.04617486
0.021556845;0.06889651;0.06193989
0.017245475;0.05511721;0.04955191
-0.00885987;0.033156265;0.02089153
-0.011775396;-0.0047249873;-0.027036777
0.0038609335;-0.09596749;-0.06537942
-0.0023800032;-0.13614899;-0.058553535
0.0027834973;-0.11360669;-0.02809283
-8.9820207E-4;-0.08619785;-0.0037242635
-0.010093561;-0.061145782;-0.015479411
-0.008074849;-0.016104126;-0.012383529
0.010727621;0.027741699;0.0025931771
0.046863347;0.10031836;-0.0041754586
0.041396927;0.11150469;0.027909633
0.015930042;0.054828748;0.06607771
-0.0044434667;0.028238;0.009112165
-0.012929773;-0.016472101;-0.011460268
-0.018156318;-0.08036518;-0.009168214
-0.009837555;-0.11585464;-0.044834573
-0.021932544;-0.10049622;-0.035867658
-0.028483534;-0.06633447;-0.022444125
-0.018099329;5.7422174E-5;7.946995E-4
-0.023854462;0.05942094;0.02563576
-0.00658357;0.02566175;0.020508608
0.029889394;0.0252169;0.010156886
0.035630263;0.05142352;0.02062551
0.03241046;0.061451316;0.022750407
0.02202212;0.035098553;-0.025549674
0.016055197;0.021828841;-0.01418974
0.018312907;0.008088074;-0.011351791
0.022462826;-0.04352954;0.0034185667
-0.00546724;-0.06763613;-0.0035151467
-0.013748792;-0.035358906;-0.021562118
-0.0016240334;0.004525375;-0.010999694
-0.0067679766;-0.0166922;0.016200244
-0.010883131;-0.03522876;0.006710196
-0.025112756;0.006191992;0.017868157
-0.037277702;0.053391095;-0.0044554747
-0.017322164;0.06771287;-0.022314379
-0.04198273;0.0666703;-0.030351503
-0.046086185;0.06583624;-0.024281204
-0.082181446;0.016731491;-0.025674962
-0.07199516;-0.061614808;0.01696003
0.014278874;-0.08835434;0.032318026
0.08720435;-0.10037097;0.04460442
0.14398223;-0.13029678;0.023183536
0.112060785;-0.087049924;-0.03770317
0.031836126;-8.899398E-4;-0.030162537
-0.028437348;0.07116305;-0.03663003
-0.07196863;0.09599294;-0.029304024
-0.098199904;0.06898185;0.03280678
-0.031684924;0.05987298;0.051245425
0.007464562;0.033835884;0.05974634
0.05128415;-0.041681293;0.016547073
0.07696482;-0.047407534;-0.011762342
0.056103107;-0.06448853;-0.021909874
-0.0012112655;-0.07034082;-0.036277898
-0.04784401;-0.06877266;-0.02277232
-0.06327521;0.029356875;-0.024467856
-0.022495167;0.0891105;0.017925715
0.008566366;0.0978509;0.039340574
0.041228093;0.08609322;0.037722457
0.054076225;0.061062075;0.042677965
0.004979729;0.009787161;-0.003357627
0.007890034;-0.021857772;-0.015186101
-0.0069692233;-0.058111217;-0.0058988812
-0.024325378;-0.07773897;-0.010969105
-0.006960303;-0.05906618;-0.008775284
6.817577E-4;-0.047252942;-0.013270227
0.006014156;-0.06436486;0.008133818
-0.024094924;-0.060866885;-0.0059929453
-0.04583844;0.002868993;-0.042294357
-0.030420752;0.028857695;-0.052585486
-0.021211602;0.043398656;-0.023318388
0.0064682188;0.064406425;-0.01240471
0.014549575;0.04683764;0.027576232
0.02882716;0.054657612;0.065810986
0.04806173;0.05153859;0.03389879
0.017355632;0.05529337;0.014619031
0.038884506;0.012984697;0.030445224
0.0115763545;-0.05054974;-0.013143821
-0.025113916;-0.09512729;-0.010515057
-0.038841132;-0.10891434;-0.039662044
-0.037322905;-0.027756467;-0.075479634
-0.009545825;0.057482325;-0.04163371
-0.01857416;0.09598586;-0.002056967
-0.007046828;0.101788685;0.035854425
-0.022824962;0.07049345;0.05368354
-0.01044747;0.06420726;0.042946834
0.016642025;0.035740808;0.040607467
0.05550112;-0.022969853;-0.005014027
0.042057145;-0.07462588;-0.010261222
0.016458217;-0.09563821;0.029291023
-0.046989676;-0.12026057;-0.026567182
-0.054779243;-0.12120845;-0.058753744
-0.015698394;-0.018841762;-0.047002997
0.0061912853;0.04586409;-0.018852398
0.0018280284;0.053878773;0.0099180825
-0.0047875773;0.08529052;0.032934465
-0.011642562;0.085419916;0.020097572
0.023498451;0.07458593;0.03482806
0.04692376;-0.013768755;0.027862446
0.022695258;-0.129765;-0.0027100428
-0.049812544;-0.172562;-0.058418036
-0.053912535;-0.119299605;-0.04048443
-0.04781753;-0.029814681;-0.0073875417
-7.540222E-4;0.052710753;0.012839966
0.021271782;0.0812311;0.010271973
0.034986176;0.08529738;0.026967578
0.0053326907;0.1119879;0.002824063
0.023016153;0.122402824;-0.01649075
0.022319172;0.09010976;-6.925998E-4
0.010042838;0.03771281;-0.0068040797
-0.0021219798;-0.0057672537;0.007056736
-0.032947585;-0.0436763;0.011895389
-0.013858067;-0.044316042;0.003266311
0.015476046;-0.08857784;0.02136305
0.028005837;-0.10992476;-0.026659561
0.0052171694;-0.064502314;-0.033827648
-0.038013764;0.004648149;-0.014562119
-0.03041101;0.02559352;0.013350305
-0.01651631;0.050162315;0.023180244
-0.016338047;0.06669235;0.018544195
0.011929562;0.05647888;0.021085355
0.02360615;0.040495604;-0.014381715
0.01888492;0.032396484;-0.011505372
0.015107936;0.025917187;-0.009204297
0.025367599;-0.03551625;0.017636562
-0.005487171;-0.065913;-0.01089075
-0.002827237;-0.0230429;-0.0212126
0.0039882106;0.01594068;0.0017799197
-0.009309432;0.059627544;-0.011076064
-0.027760046;0.021139536;-0.021360852
-0.015958035;0.0059741284;0.007911319
-0.01901643;-0.0045956974;0.031329054
0.0050993566;-0.045864057;6.324408E-5
0.0040794853;-0.06637875;0.006300595
0.012638588;-0.059352998;-0.026209524
-0.0070766294;-0.0506074;-0.02096762
-9.7380346E-4;-0.04361092;0.026975906
-0.017966542;-0.0036387346;-0.003419276
-0.004998234;0.054901514;-0.015235421
-0.0024360875;0.07048371;-0.030938337
-0.00663637;0.08138697;0.0064993305
0.011878404;0.049484573;0.023949465
0.0016902232;0.01146266;0.03790957
0.0060396786;-0.062704876;0.04282766
0.009519243;-0.1189139;0.0030121258
-1.9710569E-4;-0.101381116;-0.0288403
0.016248565;-0.021729894;-0.03557224
0.012217603;0.062303584;-0.04720779
-0.015225918;0.08265537;0.012233767
-0.013743235;0.09424929;0.009787014
-0.021932088;0.09414943;0.026579611
-0.00973317;0.03781955;0.027513688
-0.007786536;-0.013494361;-0.002989049
0.024239521;-0.05298299;-0.014891239
0.033454116;-0.092386395;0.03808701
0.0041070436;-0.116096616;0.0054696067
-0.029526865;-0.08350229;-0.008124314
-0.020496491;-0.0058643324;-0.043999452
0.005477806;0.056246035;-0.022699561
0.007507245;0.11687183;5.9035094E-4
-0.011181704;0.10130996;0.01297228
-0.016757863;0.06542297;0.016627824
-0.02434379;0.035150874;0.0070522595
0.025837468;0.023433201;0.030641807
0.034732476;0.0015590604;0.043263447
0.02387973;-0.06125275;0.015860757
-4.274666E-4;-0.1458772;1.8860557E-4
-0.0050294735;-0.14482675;-0.037349116
-0.02589858;-0.08929891;-0.04862929
-0.008218863;-0.007376627;-0.045153435
-0.0050125904;0.040973697;-0.004872747
-0.0040100724;0.03277896;-0.0038981978
-0.007895558;0.059035666;0.015631441
-0.0031914462;0.103478536;0.0062551536
-9.90657E-4;0.12965782;0.0112541225
0.0070199743;0.12716377;0.015253298
0.0024909796;0.04704351;0.018452639
-0.0026947164;-0.026427692;0.0022621108
-0.002155773;-0.075829655;0.020559689
-0.0064121187;-0.105976224;0.003947751
-0.006692195;-0.11446848;-0.0405918
-0.008478756;-0.08376228;-0.04497344
0.0041544954;-0.021697326;-0.023478752
-0.006051404;0.02482964;-3.300121E-5
-0.015778624;0.052676212;-2.640097E-5
-0.009497899;0.07026597;0.018728878
0.015839182;0.064025275;0.014983104
1.7134503E-4;0.03403272;-5.135173E-4
0.017324576;6.6367607E-4;0.024589187
0.009172161;-0.03853156;0.007171349
-0.005162271;-0.07770025;0.0057370793
5.5768294E-4;-0.0605977;-0.0016603367
0.0035711464;-0.007853158;0.0049217306
0.018481918;0.015592474;-0.014812616
0.011660534;0.035911478;-0.011850093
-0.014109073;0.033416685;-0.015730074
-0.030037258;0.056420848;-0.006334059
-0.027154807;0.051386677;0.026182752
-0.015473845;0.012984342;0.014696202
0.015745923;-0.025550026;-7.4303825E-4
0.03290924;-0.032940023;0.01815557
0.0122648915;-0.06541452;0.014524455
-0.0073755872;-0.08983161;-0.0071304357
-0.01683797;-0.06561529;-0.03070435
-0.013470376;0.024070267;-0.03706348
0.014223699;0.078631215;-0.004650783
0.01137896;0.05040497;0.021279374
-0.014334332;0.062198978;0.035773497
-0.002092466;0.046634182;0.0223688
-0.009486473;0.040432345;0.01164504
0.008035822;-0.008279124;-0.009433969
0.023616157;-0.0284983;-0.013797175
0.001705426;-0.050923638;-0.01103774
-0.01738566;-0.05323891;-0.008830192
-0.021721028;-0.020716129;-0.013314153
-0.029876823;0.016239597;-0.010651323
0.029223543;0.012991677;-0.0022710583
0.028066333;-0.005231658;0.010683154
0.009953068;-0.019810326;0.008546523
0.0017124538;-0.0127232615;5.8721815E-4
-0.008005037;0.003883891;-0.018280225
-0.011091529;0.024982113;0.01662582
-0.021373224;0.00904819;0.019550655
-0.02334858;0.024426052;0.0031405245
-0.037428863;0.03360334;0.0025124196
0.020056909;0.008132674;-0.016740065
0.05198303;0.011193639;-0.013392052
0.04158642;0.008954911;-0.0107136415
0.033269137;0.007163929;-0.008570913
0.01567781;-0.034893855;0.0056432695
-0.017145252;0.012709915;0.010764616
-0.0105912015;-0.01951957;0.014861693
-0.011597961;-0.023428155;-0.013110646
-0.001465869;-0.0015550238;0.0020114833
-0.0011726952;0.0018809809;-0.010890814
6.2434387E-4;-0.021932716;0.0037873492
4.994751E-4;-0.026921172;0.00927988
-0.01835042;-0.019974438;-0.017576097
0.015007164;0.01058295;0.010939123
0.0041932315;0.01002886;-0.0037487017
-0.016957914;0.012710588;-0.0029989614
4.96168E-4;0.01798097;-0.014899169
3.969344E-4;0.034697276;0.006830665
-0.009057453;-0.001929679;0.011714532
-0.013495962;-0.071856245;-0.009378375
-0.009234269;-0.06373499;-0.0012526996
0.0082375845;0.0021370044;-0.0072521595
-0.0059099323;0.034522105;0.03169827
-0.009415446;0.046367683;3.5861778E-4
0.017467644;0.029281646;-0.012213105
0.020224115;0.021862816;0.027729515
0.02477304;-0.0012597464;0.009683613
0.009662183;-0.026007798;-0.02350311
-0.014145253;-0.025493737;-0.025052488
-0.022253703;-0.02508249;-0.0137919905
-0.013115462;2.4650787E-4;-0.011033593
-0.022992369;0.039259706;-0.0025768739
-0.015268896;0.037657764;0.016688501
0.012784883;0.011376212;0.0071008005
0.0102279065;0.0044134697;0.03068064
0.0066198255;-0.019906724;0.024544513
0.03967086;-0.10498788;0.03838561
0.038767938;-0.1699278;-5.4151204E-4
0.013826851;-0.17812975;-0.05043321
-0.031907268;-0.075316295;-0.07159657
-0.031775817;0.091309465;-0.044777256
-0.016045652;0.19336008;0.014178197
0.005913478;0.17812556;0.061342556
0.007855782;0.13156295;0.06782404
3.462592E-5;0.077125356;0.010509237
0.006277701;0.014825285;-0.0040926104
0.0065846606;-0.044389773;-0.0032740885
0.03183023;-0.12457432;-0.01511927
0.015307933;-0.14184695;-0.018345417
0.006777596;-0.10254006;-0.020926334
7.3457696E-4;-0.011719551;-0.029241066
-0.0040998384;0.03124936;-0.017142853
-0.02671737;0.031249488;0.011285718
-0.024498897;0.06249959;0.021528574
-0.030536618;0.031249672;0.0047228592
-0.035366792;0.018749738;-0.014971713
-0.014230935;0.00562479;-0.01197737
0.004240252;-0.040812667;0.002918104
0.012767201;-0.06702513;-0.003915517
0.030526262;-0.06924511;0.0031175865
0.024421008;-0.028833587;0.0024940693
0.010161807;-0.0043168687;0.008245256
-0.010620554;0.021546505;-0.005903796
-0.011621444;0.054737203;-0.010973036
-0.0155471545;0.07347726;-0.00877843
-0.028062724;0.04315681;0.0054772566
-0.03338768;0.015775448;-0.014368195
-0.017335143;0.012620359;0.019755444
0.031444386;0.010096287;0.009554355
0.055624258;-0.04661047;0.032643486
0.039030656;-0.10291338;0.0011147874
0.014037025;-0.0838932;-0.01785817
-0.0059578796;-0.017114561;-0.008036536
-0.012578804;0.0113083515;-0.012679229
-0.013188043;0.038734183;0.014856617
-0.010550435;0.062237345;0.011885294
-0.0053153476;0.066977374;0.009508234
-0.005814778;0.0754569;0.020106588
0.0015981776;0.01349052;-0.0026647297
-2.8395792E-4;-0.06733258;-0.039631784
-0.015852166;-0.094491065;-0.006705427
-0.003306733;-0.050592855;0.0071356585
-0.0010828865;0.004838217;0.018208526
0.02569619;0.030433074;-0.004183179
0.025244452;0.029033959;0.009153457
0.017070562;0.08103967;0.0010727657
-0.0035310504;0.050769232;-0.011641787
-0.02001234;-0.015634613;0.00318657
-0.026947372;-0.05000769;0.008799256
-0.019995397;-0.050943654;7.8940485E-4
-0.0066213184;-0.03450492;0.0131315235
0.032202944;-0.021353938;-0.001994781
0.026543606;-0.01552065;-0.007845825
0.025141135;0.03289598;-0.01252666
0.018550407;0.046629284;-0.003771328
0.0054653264;0.021678427;0.009482938
-0.031565238;-0.052969757;0.00758635
-0.037752192;-0.047063306;-0.02518092
-0.022389254;-0.017338146;-0.020144736
-0.019473903;-0.026370516;-0.022365788
0.023483379;-0.017971413;-0.011642631
0.012536703;0.02781037;0.009435895
0.011591862;0.059748296;0.032548714
0.03192974;0.07592364;0.013538973
0.004450042;0.08261391;0.023331178
-0.018314967;0.020778628;0.037414942
-0.013089473;-0.030252097;-0.013818046
-0.010471579;-0.050764177;-0.036054436
-0.008377263;-0.04061134;-0.02884355
-0.0067018103;-0.032489073;-0.02307484
0.005576052;-0.07130376;-0.037209872
0.0060233413;-0.05704301;0.013982102
-0.006118827;-0.048759405;0.011185682
-2.0756152E-4;-0.026507525;-0.009801454
-0.0032910493;0.04129398;0.0046588364
0.0020546606;0.08616018;0.016227068
0.0032062286;0.08142815;0.0067316554
0.011939983;0.05889252;0.011635324
0.014239486;0.023676515;0.02180826
0.0067040888;-0.02793379;0.017446607
0.014738271;-0.034847032;-0.004792714
0.011790617;-0.027877625;-0.0038341712
-0.009317506;-0.0426146;-0.003067337
-0.007454005;-0.07784168;-0.02120387
-0.009088204;-0.040398344;-0.029463096
-0.0025830632;0.012993825;-0.0048204763
-0.0036289506;0.03695756;0.027393619
-0.0044656605;0.029566048;0.003164895
-0.017635029;0.04084034;-0.016218085
-0.025045523;0.05298477;-4.7446718E-4
-0.037223917;0.026762817;0.030870426
-0.0063416343;-0.006714747;0.018446341
0.013676693;-0.013184298;-0.010242927
0.023441354;-0.005859938;-0.020694342
0.04609683;-0.017187951;0.008444526
0.025158716;-0.06843786;0.006755621
-0.0033105267;-0.07506279;-0.013345503
-0.013585921;-0.05223773;-0.010676403
-0.012431237;0.023834815;-0.021041121
-0.00838249;0.036255352;0.0019171025
-0.023893492;0.07119178;0.014033682
0.0043227067;0.08195343;0.0049769455
-0.0012293347;0.03900024;-0.0022684436
0.019329032;0.023387693;-0.0018147548
-0.009536774;0.0030851539;-0.0014518038
1.8308061E-4;-0.033469375;0.005088557
0.0063964645;-0.061150502;0.0040708454
0.011367172;-0.0707954;-0.0029933236
0.016906237;-0.06913632;-0.014894659
0.01352499;-0.058434058;5.842729E-4
-0.021992508;-0.027997246;0.0067174183
-0.04259401;0.030727204;-0.019626066
-0.026262704;0.08551926;0.0030491478
8.648358E-4;0.07935291;0.021189319
0.013191869;0.074419826;-0.0017985455
0.019928494;0.042348363;-0.0014388363
-0.009057204;-0.03174631;0.005098931
-0.0041207634;-0.04414705;0.010329145
0.01857839;-0.03375514;0.0020133157
0.03205021;-0.04262911;0.0016106527
0.008452669;-0.07004079;-0.011211478
-0.018237865;-0.035720132;-0.015219183
-0.03646529;0.022986395;-0.018425345
-0.008859733;0.057451617;0.004009723
-8.377867E-4;0.06627379;0.02195778
-6.702294E-4;0.037394036;0.011316223
0.016651316;0.015852727;-0.0034470216
0.014883554;-0.010755318;-0.015257617
-0.011530657;-0.032041755;0.012793906
-0.012349526;-0.020945903;-0.014764875
-0.020817121;-0.019881723;-0.0180619
-0.029153697;-0.042467877;0.01055048
0.009489543;-0.0074118027;0.0021903838
0.024779133;0.031570558;0.026752308
0.030760808;0.036193945;0.008901846
0.015233646;0.044580158;0.007121477
-0.0050005834;0.041914124;0.01819718
-0.0071254666;0.0413438;0.008307745
-0.004137873;0.0033875403;0.006646196
-0.0033102985;-0.033227466;-9.330432E-4
0.006726761;-0.042206973;-0.025746435
-0.0039935913;-0.04782808;-0.026847148
-0.006319873;-0.022637464;-0.015227718
-0.011305898;-0.010297471;0.0065678256
0.009705281;0.027699523;-0.01974574
0.024951724;0.03622212;0.009203408
0.00902388;0.046165194;0.026112726
9.6910406E-4;0.018182157;0.033390183
0.0054627834;-0.024516774;-0.010787855
-0.015942274;-0.06961342;-0.021130284
-0.022128819;-0.043190736;-0.0044042272
-0.013015555;0.009197411;-0.009773382
-0.007287444;0.03392043;0.004681295
-0.004267455;0.03807384;0.009995036
-0.004976464;0.046084076;-0.0107539715
-0.008668671;0.019679759;0.010146823
-6.8493705E-4;-0.0030061924;0.008117458
0.010389551;-0.053967454;0.0064939666
0.0020616404;-0.07598646;-0.0073048268
0.011024312;-0.03578917;0.01915614
0.00725695;-0.009881336;0.002824911
-0.00825694;0.018657431;-0.035240073
-0.019105552;0.06492595;-0.021942057
-0.0012219417;0.075378254;0.0011963544
-0.0041025532;0.044677604;0.032207083
0.0029679574;0.034179583;0.013265667
0.0070618656;0.013281167;-0.014387467
0.027524492;0.0059374333;-0.024009973
0.025144594;-0.026500054;0.012042021
0.027928175;-0.075887546;0.028383616
0.0035925403;-0.08883503;0.003956894
-0.008063468;-0.07419303;0.009415515
-0.0048882742;-0.018729422;-0.011217588
-0.01172312;0.04751646;-0.02772407
-0.0062534953;0.07082567;0.0028207437
0.0043722037;0.07384804;0.027256595
0.009747763;0.052828427;0.021805275
-0.01720179;0.06257524;0.02369422
-0.026261432;6.019446E-5;-0.043544624
-0.011634146;-0.012451844;-0.0160857
6.768367E-5;-0.014648976;0.018381441
-0.014008353;-0.05390668;-0.010294847
-0.014331683;-0.08062535;-0.026985878
0.026034653;-0.042625275;-0.0090887025
0.027077723;-0.04191272;-0.013520962
0.0075996784;-0.030405177;-0.0045667696
0.0013922428;0.016300859;0.0025965844
-0.012948706;0.042728186;0.014577268
0.0021410354;0.05449505;0.0116618145
0.011087828;0.05297104;0.009329451
0.010432763;0.04706433;0.02621356
-0.0025912898;0.007963966;0.008470849
0.011989468;-0.012378828;-0.0119733205
0.012716575;-0.036465563;-0.022078658
-0.0023267404;-0.058859948;-0.011412925
-0.012798892;-0.03927546;0.02211966
0.0069483863;0.007642132;0.017695727
-0.008503791;0.017051205;0.0016565822
-0.011490533;0.029265964;-0.011174735
-0.0060674264;0.03278777;-0.015189787
-0.004853941;0.052792717;0.00659817
0.0023668471;0.015671674;0.005278536
0.0018934777;-0.02027516;0.02297283
-0.010985218;-0.03340763;0.005878263
-0.0025381742;-0.017351102;-0.0015473895
-4.680394E-4;-0.017005883;-0.019987911
0.029313069;-0.040167205;0.0027596706
0.006262955;-0.029008765;0.020957736
-0.021552136;0.006480488;-0.008233811
-0.021929208;0.03174689;-0.012837049
-0.008168367;0.045710012;-0.004019639
0.0028403064;0.04438051;0.003034289
0.002272245;-0.001995592;0.002427431
-0.009119704;-0.026596474;0.014441945
-0.018233264;-0.022839678;-9.464441E-4
0.01510089;-0.012021743;-0.025757154
0.012080711;-0.028367395;0.010644276
0.009664569;-0.024256416;0.014765421
0.026481654;0.0040323674;0.011812337
0.018060325;-0.004586606;-0.0030501308
-0.0058642407;-0.023981785;-0.008690105
-0.010941393;0.0026895723;-0.025702083
-0.013440614;0.028714158;0.016938332
-0.0138774915;0.032346327;0.0010506664
-1.6449293E-4;0.005564561;8.405331E-4
-0.009506594;-0.008048351;-0.0055775736
-0.0076052756;-0.006438681;-0.0044620587
-0.0060842205;-0.005150945;-0.003569647
-0.017367376;0.009941745;-0.009105718
0.0423561;-0.0701716;0.005215426
0.024509879;-0.020199783;-0.0020776594
8.5790333E-4;0.001027673;-0.020412127
0.014748823;0.019572139;0.002420298
-0.002263442;-0.0015297893;-0.010563762
-0.028373253;-0.01841133;-0.0022010093
-0.039886102;-0.008479065;0.0044891927
-0.008471382;0.013529248;-0.008908646
-0.0036521058;0.010823398;-0.0071269167
0.011140815;0.030533718;0.013048466
0.036256403;0.005676975;0.010438773
0.020411372;-1.4592006E-4;0.04585102
0.024922848;0.017070765;0.011680815
0.001969528;0.012094111;-0.028155347
-0.020299377;0.0018627889;-0.016274279
-0.011552002;-0.021947268;-0.006769423
-0.0076791015;-0.020682815;8.3446177E-4
-0.012393282;-9.2125207E-4;6.675694E-4
0.013522875;0.010200499;0.038034055
0.0170683;0.0237854;-0.013322756
0.03006089;0.02215332;-0.016908204
0.029517462;0.020847656;0.0052234363
0.023613969;0.016678125;0.004178749
0.009516176;0.016467499;0.009593
-0.0095745595;-0.010263501;0.0014243994
-0.03422215;-0.037898302;0.0073895194
-0.027377717;-0.04438114;-3.3838436E-4
-0.028152175;-0.044879913;-0.019020708
-0.0068967394;0.00472107;-0.015216566
7.326084E-4;0.028776856;-0.005923253
5.860867E-4;0.051146485;0.0015113978
0.00828137;0.037792187;0.026209118
-0.0058749043;-0.0025787496;0.014717295
0.0015500764;-0.014563;-7.261643E-4
-0.0018849389;-0.0069628996;-0.025580931
0.009429549;-0.01650782;-0.014214745
0.010668639;-0.006956256;-0.005121796
0.006972411;-0.008690004;-0.010347437
-6.7207095E-4;-0.022577005;0.010472051
0.019774843;-0.016499102;-0.016622359
0.0033198746;-0.008511783;0.0054521123
-4.6910034E-4;-0.006809426;0.00436169
-0.02850028;0.028927458;-0.002760648
-0.044675224;0.005954467;-0.014708518
-0.02011518;0.006326074;0.013233185
0.034689106;0.02381086;-0.0019134518
0.031657536;-0.009076313;0.0047192387
0.011263528;-0.02132355;0.016275391
-0.012864177;-0.03580884;-0.0057296874
-0.008728842;-0.006772072;-0.01083375
0.007079426;-0.022605158;0.010083
0.03378854;-0.022771627;0.0330664
0.027030833;-0.0244673;0.01395312
-0.0065003335;-0.0055113407;-0.007587504
0.021362234;0.029965928;1.7999684E-4
0.009277286;0.042722743;0.0063939975
-3.9067084E-4;0.057615694;0.005115198
-0.020625036;0.047655053;0.010342158
-0.03525003;0.038124043;-0.022976274
-0.050075024;-0.025750766;-0.012131019
-0.029122518;-0.078413114;-0.022204814
-0.017048014;-0.05491799;-0.030263852
4.2408798E-4;-0.009559392;0.0070389183
0.02533927;0.022039987;0.0118811345
0.009333916;0.02075699;0.003254908
0.005904633;0.030668091;-0.0098960735
0.0047237063;0.06515947;-0.014166859
6.5396517E-4;0.017752578;0.0011665128
-0.011976828;0.015764562;0.0071832105
-0.026768962;-0.0123883495;0.018246569
-0.00891517;-0.009910679;-0.0041527455
0.030367864;-0.009491044;-0.0033221964
0.028981792;-0.023217835;0.016092243
0.05131043;-0.07169927;0.031623796
4.2334644E-4;-0.108921915;-0.018450964
-0.029348822;-0.046512533;-0.04601077
-0.060979057;0.064352475;-0.024308618
-0.0065957466;0.12023198;0.018053107
0.010348403;0.122748084;0.020692484
0.012966222;0.11694847;0.035303988
-0.011502022;0.07012127;0.02199319
-0.012326618;0.02640952;0.017594552
0.0073262057;-0.039809886;-0.023424359
0.026173465;-0.091222905;1.051346E-5
0.043595023;-0.10735333;8.410769E-6
0.010657268;-0.10775766;6.728615E-6
-0.025849186;-0.05339363;-0.024994617
-0.02849185;0.027597597;-0.038745694
-0.005605979;0.07832808;2.5344506E-4
0.011140217;0.08453746;0.012702756
0.008912173;0.09262997;0.041412205
-0.01943276;0.07097898;0.026879763
7.879095E-5;0.03022068;0.0090038115
0.0141255325;-0.0070734555;0.01970305
0.026925426;-0.06659626;0.015762439
0.009040341;-0.12202701;-0.012390049
-0.014642728;-0.1319966;-0.02241204
-0.042964183;-0.06497229;-0.049179632
-0.020308845;0.02458467;-0.020593705
9.4042363E-4;0.07904273;-0.003974964
0.010127339;0.09760919;0.028070029
0.008101871;0.08277485;0.041206025
0.006481497;0.06621988;0.03296482
0.0051851976;0.052975904;0.026371855
0.018210659;0.017380724;0.008597484
0.034881026;-0.11734542;-0.024372013
0.009154821;-0.12668884;-0.03199761
-0.006738643;-0.10603857;-0.019348089
-0.008515915;-0.011393355;-0.01547847
-0.025562732;0.07682282;1.1722349E-4
-0.012637685;0.09427075;9.37788E-5
-0.0069851484;0.0660416;7.502304E-5
-0.0040256185;0.021583281;0.012560018
-0.020407995;-0.017108375;-0.0024519851
-7.013959E-4;-0.0574367;-0.0019615882
0.013501383;-0.09438686;-0.007819271
0.012363607;-0.078634486;-0.037505418
0.011453385;0.0042799097;-0.011254333
0.0060377084;0.08311143;0.015996534
0.0048301667;0.09148914;0.0065472266
-0.0039483667;0.056003813;0.011487781
-0.015658693;0.022928052;0.0029402252
-0.006276955;-0.0035325591;0.0086021805
-0.0034590638;-0.040326048;-0.030618256
0.011295249;-0.06976084;-0.036994606
0.0168487;-0.05580867;0.007904316
0.032228958;-0.018084437;0.012573453
0.032814417;-0.006655049;0.022558762
0.020782784;0.03373846;-7.029901E-4
-0.0021237729;0.042615768;0.005687608
-0.017324017;0.010655115;-0.0016999136
0.022859536;-8.5090805E-4;0.03614007
0.014381378;-0.0053682267;-0.0023379447
5.6760263E-4;-0.0152320815;-0.026870355
-0.054233417;-0.019998165;-0.027746284
-0.09963673;-0.011311032;-0.034697026
-0.05939689;-0.057486326;-0.021507623
-6.4250996E-4;-0.11161406;0.0327939
0.058079742;-0.10022875;0.013735122
0.09802629;-0.020807998;-0.0015119025
0.074514784;0.0364786;0.011290478
0.036174327;0.05262038;-0.022217618
-0.010123038;0.040533803;0.013475906
-0.05028593;0.10430204;0.0045307246
-0.06991624;0.14281663;0.01612458
-0.041870493;0.114253305;0.056649663
-0.017871397;0.028902646;0.001569731
-0.011172117;-0.090940386;-0.023744214
-0.024562694;-0.15400231;-2.4537212E-4
-0.072775155;-0.12007684;-0.0376963
-0.051970124;-0.021061476;-0.042657036
0.013111401;0.05815082;-0.0028756305
0.05423912;0.08402065;0.028949495
0.057453796;0.10627902;0.035659596
0.031900536;0.09752322;0.047277678
0.011457929;0.032706074;0.019072141
-0.006458656;-0.0066476394;0.021507714
0.018270575;-0.049068112;0.010956171
0.06696021;-0.05019199;-0.009985063
0.044193167;-0.06202859;-0.02048805
0.016604535;-0.04493537;-0.03514044
-0.009372623;-1.0798536E-5;-0.021862352
-0.038748097;0.015616361;-0.004989882
-0.03881098;0.037493087;-0.016491905
-0.0076112826;0.03936947;-0.013193524
-0.006089026;0.026808077;0.03319518
-0.007996221;0.0073839617;0.020306144
0.004540523;0.0074696695;0.0037449154
-0.010430082;-0.023711765;-0.015754068
-0.002094065;-0.03771941;-0.012603254
0.0045747478;-0.03798803;-0.010082603
-0.021340203;-0.07726543;-0.0018160826
-0.0123846615;-0.05868734;-0.020202866
0.004154771;-0.007887371;-0.0036622928
0.026761318;0.021815103;0.028320165
0.058909055;0.019014582;0.010156132
0.014314743;0.029274166;0.020624906
0.003639294;0.024981832;0.0039999248
-0.0033385647;0.0043604663;-0.01555006
-0.040170852;-0.038699128;-0.031190049
-0.039949182;-0.016896801;-0.02495204
-0.028834345;0.006795059;-0.01371163
-0.026192477;0.014811047;0.0015306954
0.002483519;-6.511624E-4;0.013724556
0.0066743153;-0.01614593;0.023479644
6.519522E-4;-0.012916744;3.371603E-5
0.03489656;0.005291605;-0.006223027
0.02791725;0.004233284;-0.0049784216
0.0192088;-0.004425873;-0.010232737
0.010679539;-4.1569833E-4;-0.01443619
0.025731131;0.04654244;-0.011548952
0.016678656;0.06535895;0.015760839
0.011780424;0.016349662;0.012608671
-0.02729441;-0.02598277;0.010086937
-0.026523028;-0.039536215;-0.016930452
-0.019655922;-0.031628974;-0.01354436
-0.012599738;0.010634322;-0.0045854882
-0.010079791;0.008507458;0.02758161
0.013811167;0.005243466;0.009565287
0.019642685;0.013569773;0.0014022299
0.04071415;0.0014808181;0.019871784
0.009915068;-0.056627847;-0.009102573
-0.020192945;-0.06405228;-0.0072820582
-0.017716857;-0.01999182;-0.012075647
-0.017298486;0.052756544;0.0028394826
-0.016963787;0.075017735;0.014771586
-0.02450853;0.027201688;0.018067269
-0.027419325;-0.0016761499;0.001953815
0.009314541;-0.00290342;0.0015630521
0.012139132;-0.013260236;-0.023749558
-0.005913694;-0.016858188;-0.0064996467
0.010894044;-0.004111551;-0.0051997174
-0.017847264;0.029523259;0.0020902262
0.012284689;0.009556107;-0.0045778193
0.012952751;0.013894886;0.008837745
0.0166122;0.020490909;0.019570196
0.013289761;0.002330227;-0.028093843
0.0043818085;-0.03719832;-0.0037250747
-0.026182054;-0.021946155;0.00951994
-0.0037581427;-0.009744423;0.020115953
0.015743487;0.009391961;0.034842763
-0.010842712;-0.03311143;-0.0033757905
-0.02742417;-0.026489144;-0.008950632
0.0030606647;0.005371184;-0.038410507
-0.011613968;-0.0050780526;-0.030728405
-0.009291175;-0.010312443;-0.005832724
0.0035045603;-0.0019999538;0.020333821
0.016866148;0.023400037;0.028767057
0.008805418;0.05622003;0.010513646
0.007044335;0.051226024;-0.0040890835
0.013447968;0.031605817;0.002978733
0.010758374;-0.007527845;-0.0038670136
0.0132941995;-0.026334776;-0.009343611
-0.01748964;-0.02888032;-0.01997489
-0.0077417125;-0.035604257;-0.01597991
-0.01713087;-0.036295906;0.005966071
-0.007454696;-0.004036724;-0.001477143
0.017473742;0.004583121;0.023818286
0.009291494;-0.015083504;0.012804628
0.0058706957;-0.035504304;0.010243703
0.0031340565;-0.019028442;0.0019449622
0.004069745;-0.06991025;0.0078059696
0.012630796;-0.049678203;-0.025005225
7.29637E-4;-0.008492562;-0.026254179
-0.0025412904;0.06195595;0.0039966567
-0.008283032;0.07300226;0.009447325
-3.764259E-4;0.06465181;0.01380786
-3.011407E-4;0.07984645;0.03604629
0.009134088;0.06387716;0.010087031
-0.00206773;0.035476726;-0.035680376
-9.1684036E-5;-0.02005612;-0.0347943
-0.0063233473;-0.0894824;0.0034145596
-0.005058678;-0.104398414;0.0152316475
-0.004046942;-0.11164373;-0.012814682
-0.004800054;-0.08462749;-0.010251746
0.002409957;-0.013014489;-0.0019513963
-0.019947035;0.04427591;-0.007811117
-3.3262753E-4;0.094795726;-0.0062488937
0.001296398;0.091461584;0.013750885
0.0072871186;0.07316927;0.017250707
0.0058296947;0.058535412;0.013800566
0.0046637557;0.04682833;0.011040453
0.019356005;0.026525164;-0.0036676375
0.007672304;-0.11627987;-0.01543411
0.0014503429;-0.124273896;0.006402712
-0.0066522257;-0.08379412;0.0051221694
-0.025634281;0.025152206;0.0040977355
-0.017382424;0.07480927;-0.021721812
-0.01859344;0.07859741;-0.01737745
-0.027374752;0.06287793;-0.0014019593
-0.0015873013;0.011239844;-0.0073715677
0.015917659;-0.13319562;-0.055897254
0.055702876;-0.2190565;0.017782196
0.03128105;-0.0861827;0.020475758
-0.05935016;0.05136634;-0.008619394
-0.083417624;0.086405575;-0.006895515
0.009828399;0.07693696;0.006983588
0.08208147;0.041237067;-0.0069131297
0.07582142;0.045489654;0.019469496
0.03565714;0.05826672;0.015575597
-0.026161788;-0.006511622;-0.012539523
-0.05686693;-0.0677093;-0.035031617
-0.032993544;-0.04166744;-0.0155252945
-0.009207335;-0.01770895;0.012579764
0.0051341318;0.0014578396;0.041313812
0.0025448054;-0.020708729;0.033051047
0.038754594;-0.025941983;0.03894084
0.038034927;0.008933914;-0.0063473284
0.02886544;0.050897133;-0.03632786
-3.4514774E-4;0.032905206;-0.01031229
-0.036213618;0.020074164;-0.008249832
-0.041470893;0.03324683;-0.019099865
-0.056614216;0.028159965;-0.015279893
-0.0015413725;-0.0118470285;0.019026086
0.025329402;-0.048540123;0.015220868
0.04291977;-0.024769599;0.018426696
0.036679566;0.011434321;0.020991355
0.0137186535;0.023209957;0.0042930846
-0.009337577;0.0013804658;-0.021565532
-0.0074700615;-0.0067081274;0.0014975743
-0.01691355;0.029008498;0.013698059
-0.0025933394;0.0700818;-0.014041552
0.0010503285;0.07325294;0.0012667581
-0.021034738;0.03047735;-0.011486594
-0.03714029;-0.02874312;-0.0029392748
-0.05158723;-0.06518199;-0.01485142
-0.027207285;-0.07558309;-0.049381137
-0.0014533284;-0.07921648;-0.0020049086
0.008212337;-0.096185684;0.023396073
0.01906987;-0.11288605;0.018716859
0.013693396;-0.08718383;0.014973487
0.0015797167;-0.008809569;-0.0067712106
0.024701273;0.047639843;0.0070830313
0.03851102;0.11154938;-0.013083574
0.032371316;0.1204895;0.01453314
0.0313658;0.0870166;0.011626512
-0.016313609;0.07273828;0.015551209
-0.027113387;-0.0011843756;-0.03130903
-0.04044071;-0.096260004;-0.037547227
-0.019852567;-0.086383;-0.005037781
-0.045569554;-0.0706689;-0.035280224
-0.053643145;-0.07841012;-0.02197418
-0.021039514;-0.0736656;-0.011329344
0.03473089;-0.010494977;0.0034365251
0.06294096;0.060354017;-0.0035007799
0.07379027;0.07015821;0.009699376
0.041844714;0.043626573;0.0515095
0.04285077;0.055213757;0.022457602
0.053811867;0.06604601;0.011716081
0.002424494;0.032524306;0.0031228645
-0.032435406;-0.044293057;0.0024982914
-0.046260823;-0.076059446;-0.010501367
-0.02763366;-0.021785056;-0.008401093
-0.018981928;-0.07055304;-4.7087474E-4
0.0051269582;-0.14550494;-0.0191267
0.0056640664;-0.13359144;-0.04030136
0.013125003;-0.10218566;-0.044741087
0.030031253;-0.07393603;-0.01079287
0.0318375;0.0017886783;0.035115704
0.04422;0.11549344;0.040592562
0.012719751;0.15645726;0.02622405
0.010175801;0.1251658;0.02097924
-0.011390609;0.11107014;0.048033394
-0.063799985;0.098231114;0.013426714
