-0.05728999;0.05045989;-0.02675863
-0.028644491;-0.017444586;-0.027656903
0.011459406;-0.06551817;-0.009625522
0.016980026;-0.10241453;-0.007700418
0.01045902;-0.116306625;-0.012410334
-0.008820284;-0.052420303;0.0025717325
-0.003931227;0.03306376;-0.010442614
-0.010957481;0.082701005;-0.014604092
-0.029078485;0.073973306;-0.011683273
-0.054512788;0.08417864;0.015653381
-0.04986023;0.10953041;0.018772705
-0.019575685;0.071999334;0.015018164
0.03746445;-0.004900534;-0.0067354687
0.069815315;-0.05392043;-0.011638375
0.06522725;-0.06813634;0.0031893002
0.07952555;-0.060759075;0.0025514401
0.06127669;-0.092357256;0.008291152
0.026365101;-0.033260807;0.0066329218
0.0039045813;-0.026608646;-0.013443663
0.010936165;-0.0025369166;0.0017450699
-0.002969818;0.007345467;0.032646056
-0.011750855;0.027751373;0.013616845
-0.009400683;0.022201099;0.010893476
-0.0075205467;0.017760878;0.00871478
-0.020860188;0.022021202;0.0069718244
-0.030750649;0.0051169624;-0.03192254
-0.02616302;9.6857006E-4;-0.006788032
0.022819584;-0.038287643;0.019569574
0.022161918;-0.050942615;-0.00934434
0.0021045338;-0.050129093;-0.013725473
-0.017847624;-0.015103274;-0.017230378
-0.0064655985;0.030104881;-0.020034302
-0.0051724785;0.061583906;-0.009777442
0.0036745172;0.058642123;0.017178046
-0.0064353864;0.0469137;0.0012424372
-0.0051483093;0.02034346;-0.0052560503
-0.0025561473;-0.018100232;-0.0042048404
0.004205082;-0.07541768;0.021636128
-0.007573434;-0.11658415;-0.007691098
-0.0013712475;-0.08701732;0.0063471217
0.010621752;-0.030551355;-0.0074223024
0.0030286517;-0.011941085;-0.005937842
-0.03195208;0.0045096325;-0.0047502737
-0.027124163;0.07235771;-0.010050219
-0.03107433;0.14226116;0.004459825
-0.012359465;0.14818393;0.04106786
-0.009887571;0.07948465;0.0016042879
0.007714943;0.0042127166;0.0012834304
0.021015704;-0.038817327;0.0010267443
0.034000065;-0.05292886;0.025821395
0.02720005;-0.07359309;0.008157116
0.01629129;-0.11824947;-0.0059743067
-0.010404468;-0.08991208;-0.036029447
-0.027073573;-0.04692966;-0.022573557
-0.029471358;0.017143771;-0.011808845
-0.009514587;0.09496502;0.028052924
0.00879458;0.111909516;0.041192338
0.001566914;0.1317151;0.026703872
0.005941031;0.11474709;0.002613097
-0.009309675;0.07461017;0.0020904776
-0.00588524;0.031563137;-0.004577618
-0.014083192;-0.06693699;-0.028662095
-0.0050165537;-0.092612095;-0.0041796756
0.006924257;-0.10377718;-0.01584374
-0.021023095;-0.11739674;-0.012674992
-0.0074434755;-0.11266739;-0.010139993
0.01592022;-0.049508914;0.016888006
0.0064861756;0.026017869;0.007260404
0.01612644;0.0786268;-0.019191677
0.0129011525;0.11758894;-0.021603342
0.008758422;0.10188365;0.020217327
0.029662987;0.07994442;0.047423862
0.00654289;0.042080536;0.02543909
-0.009609438;0.011789428;-0.010898729
-0.00925005;-0.029630957;-0.039968982
-0.012087541;-0.064329766;-0.0069751865
-0.0018575322;-0.081151314;-0.011830149
-0.029611025;-0.09929605;-0.02821412
-0.017438821;-0.07787434;-0.016321296
-0.024888556;-0.027924472;-0.013057036
-0.016785845;0.016722923;-0.004195629
-0.010303676;0.032128338;0.027893497
0.002694559;0.06632767;0.022314798
0.025593147;0.07337464;0.011601838
0.033755768;0.08213721;0.03428147
0.044192113;0.040709767;0.039925177
0.027541192;-0.017432187;-0.005559859
0.012657953;-0.048320748;-0.029447887
0.027313862;-0.0464691;-0.01730831
-0.01643016;-0.07623778;0.0049033524
-0.041269127;-0.08442772;-0.027327318
-0.0314528;-0.07066718;-0.028111855
-0.040787242;-2.8374302E-4;-0.009989483
0.0017452064;0.043523006;-0.007991587
0.020927414;0.0676309;-0.0063932696
-0.015289318;0.055667225;0.026135385
-0.012231454;0.05390878;0.008408307
0.015214836;0.030627023;4.76646E-4
0.012171869;-0.03174838;-0.018368684
0.009737495;-0.025398705;0.010305054
0.028102497;0.0015560358;0.020744042
0.013106997;-0.026880171;0.016595235
-0.020764403;-0.038691636;-0.0054738126
-0.027549023;-0.01845331;-0.01062905
0.0029607825;-0.014762647;0.01649676
0.019556126;0.01631488;0.013197408
-0.0031050993;0.009926906;-0.0019420737
-0.0040465794;0.0032540243;0.004696341
-0.025112264;0.0026032196;-0.008742928
-0.0154023105;0.045832574;-0.013244342
-0.0076343487;0.03354106;0.026904527
0.018892521;0.019020349;-0.015976379
0.033864018;0.0058412785;-2.8110296E-4
-0.0010337865;-0.018764477;-0.0064748824
-0.010202029;-0.016574081;-0.023929905
-0.008161623;-0.013259266;-0.025393926
-0.0221543;-0.024669912;-0.0015651397
-0.016160939;-0.01661093;-0.0012521119
-0.017616251;0.0070237564;0.0052483105
0.015594499;0.030619005;0.010448649
0.03200685;0.005745204;0.008358919
0.04669923;-0.029778836;-0.012062865
0.0014218835;-0.03632307;-0.003400292
-0.028549993;-0.025933456;-0.015220233
-0.0025274944;0.0073782355;3.2381312E-4
0.012040504;0.013715088;0.01900905
-0.012242597;0.006284571;-0.01604276
-0.009794077;0.0050276564;-0.012834208
-0.0078352615;0.004022125;-0.010267366
0.0015442906;0.0079052;-0.020713894
-0.0034520675;-0.05930084;0.014678885
0.008175846;-0.05837817;0.024243109
0.043259427;-0.009202537;0.006894487
0.009607541;0.02701297;-0.0069844103
0.006123533;0.041922875;0.019412471
-0.011507424;0.0507258;0.021779977
-0.02639344;0.051518142;-0.0013260182
-0.027364751;0.034964513;-0.0073108147
-0.0203293;0.01703411;0.0066513484
0.0024865593;-0.030122712;-0.0071789213
0.009801747;-0.07253567;-0.005743137
0.015653897;-0.08615354;-0.01709451
0.0047106184;-0.068922825;-0.0074256076
-0.022794005;-0.0035757627;-0.012190486
-0.013547705;0.03776439;-0.003502389
0.011036837;0.07708651;0.04094809
-0.008358031;0.11323171;0.039008472
-0.011373925;0.08589787;0.006206777
0.0034008604;0.042155795;-0.013784578
0.03162694;-0.0147128645;0.026472338
0.0401453;-0.11645779;-0.0038221302
0.0055537405;-0.18847874;-0.0155577045
-0.015869508;-0.16328299;-0.037446164
0.007616894;-0.04000139;-0.042456932
-0.012656485;0.11018639;-0.0027155445
-0.019500189;0.1443991;0.0040775645
0.02971235;0.10458179;0.022012051
0.02142613;0.11022793;0.011359641
0.017140904;0.088182345;0.0090877125
4.3147305E-4;0.078358375;0.0010201704
0.012063929;0.0158117;0.019566135
-0.0059738574;-0.05141314;0.01565291
-0.004779086;-0.09581801;-0.0062276726
-0.02491702;-0.11259191;-0.029982138
-0.008996115;-0.07132353;-0.03648571
-0.021259392;-0.044558823;0.0020614315
-0.013882513;-0.038772058;-0.017100854
0.004518989;-0.032580145;-0.013680683
0.03252144;-0.019814117;0.014055453
0.039298404;-2.2629347E-4;0.023744361
0.014251223;-0.0064310348;0.0064954897
0.032494728;0.015167672;0.011446392
0.04474578;0.024634138;0.0029071136
-0.0063908743;0.010332311;0.014825691
-0.0144877;0.011390848;-0.013139447
-0.03424641;-0.02682482;0.0019884421
-0.027397128;-0.068334855;-0.004659246
-0.010980202;-0.057792887;-0.022477398
-0.010346661;-0.019671809;0.0070180823
0.014378921;0.034262553;0.011864466
0.0021281366;0.07272254;-0.0030084273
0.007952509;0.09724054;-0.014906742
0.013393258;0.08716743;5.746065E-4
0.026339605;0.03848394;0.006709685
0.019509185;-0.050462846;0.024117747
-1.7652212E-5;-0.074745275;5.4419856E-4
-0.0039203716;-0.055108722;-0.012064641
-0.032042548;-0.0018994774;-0.009651713
-6.3403795E-4;0.020355418;0.0047786296
0.0049615195;-0.0055906656;0.016322903
-0.005405784;-0.029472532;-0.018191677
-0.0097933775;0.010796974;-0.020803342
-0.014084702;0.05707508;-0.004142673
0.008263488;0.051910065;0.015435861
0.02223579;-0.035034448;-1.513109E-4
-0.0072113676;-0.13427755;-1.21048724E-4
-0.017487844;-0.10742205;-0.006346839
-0.018677775;-0.035937637;0.0011725288
-0.00244222;0.03999989;0.013438023
0.032421224;0.072624914;0.0107504185
0.03921823;0.06278743;-0.010149665
0.019655833;0.042417444;-0.0018697322
-0.023337834;0.055808954;0.004754214
-0.045232765;0.039959665;-0.014946628
-0.03931121;0.002280231;5.426971E-4
-0.022073971;-0.034113314;-0.012065843
0.024528323;-7.281521E-4;-0.022152673
0.05634141;0.007229978;0.013527861
0.031791877;-0.042653516;0.010822289
0.009808501;-0.035685316;0.002407831
0.02737805;0.013639249;0.020676265
0.02737119;0.0780989;0.029041013
0.039084453;0.070291616;0.02323281
0.012517562;-0.0047042044;0.018586248
-0.03217345;-0.045950864;-0.028881002
-0.06636376;-0.18207319;-0.0043548015
-0.07809101;-0.32222104;-0.04098384
-0.09684781;-0.29996434;-0.089037076
-0.06497824;-0.044658974;-0.05872966
0.0073924037;0.16739783;-0.0032337266
0.062163923;0.24329326;0.028663019
0.084887385;0.2118221;0.022930415
0.03119116;0.16320768;0.04959433
-0.009422071;0.13681614;0.033425465
-0.020037657;0.05320292;-0.0045096274
-0.0035301256;-0.051187664;-0.003607702
0.0237384;-0.10813763;0.015863838
0.01742822;-0.119322605;0.0064410707
-0.014182424;-0.15952058;-0.0073471433
-0.01915844;-0.12761647;-0.037127715
0.010454498;-0.041155674;-0.017202172
0.04508235;0.10145046;0.023738263
0.05169088;0.16709787;0.03774061
0.024165204;0.1602408;0.017692488
0.0021446627;0.057880137;0.02040399
-0.02953427;-0.07088339;-0.014926808
-0.045502417;-0.13170671;-0.024441445
-0.041089434;-0.13036537;-0.007053157
-0.042246547;-0.113667294;-0.0056425254
0.0154215135;-0.06437134;-0.017014021
0.009212211;-0.03430957;-0.044861216
-4.4273166E-4;-0.022760157;-0.029638974
0.0074583148;-0.0057081245;-0.017461179
-2.8334826E-4;0.0266835;-0.020218942
-0.0017891786;0.0885343;0.027574847
0.034506157;0.12551494;0.047059875
0.035417426;0.112911955;0.012647902
0.016615191;0.049704563;0.028868321
-0.010926598;-0.019611351;0.023094656
-0.022803778;-0.076626584;-0.012774275
-0.010430522;-0.10036376;-0.03521942
-0.016938169;-0.08810351;-0.046925537
0.0044182157;-0.01423281;-0.01879043
0.019159572;0.047988754;0.009967657
0.017671408;0.044641003;0.045474127
-0.014769124;0.0747753;0.0301293
-0.010252799;0.059820242;0.01160344
-0.023045989;0.027543694;-0.028217247
-0.019999292;0.007972455;-0.028823799
0.012125567;-0.029559536;-0.010559038
0.0073567037;-0.023647629;-0.0021972307
-0.0011458872;-0.012668103;0.0044922153
-0.01654171;0.014865518;-0.0026562277
4.7882233E-5;0.040017415;-0.0083749825
3.830579E-5;-7.985689E-4;0.024550015
-0.0015318553;-0.045951355;0.0071400115
0.008149516;-0.11644858;-0.01928799
0.011988362;-0.08534637;-0.015430393
-0.0036905599;-0.0026520938;-0.006094314
0.003297552;0.06819083;0.0138745485
0.03466929;0.11080266;0.02359964
0.041016683;0.07926713;0.025129711
0.036719598;0.049351204;0.02010377
-0.0010930727;-0.040206537;-0.002666985
-0.050093208;-0.11497773;-0.039633587
-0.06507456;-0.10604469;-0.05045687
-0.036434654;-0.059835747;-0.027865496
-0.0010227226;-0.0478686;0.002707603
0.016369322;-0.042982377;0.008416083
0.0052829576;-0.012510903;0.019232865
0.021413866;0.036866277;0.009136293
0.030412342;0.07168052;0.013559034
0.0032361243;0.024531918;0.0045972276
-0.016161101;-0.011624466;0.009927782
-0.03636638;-0.029612072;0.0016922255
-0.029093103;-0.023689657;0.0013537804
-0.023274483;-0.018951727;0.0010830243
-0.020182086;-0.019848881;-0.01788358
0.02994808;0.0638084;0.0044431356
0.014583465;0.065109216;0.0035545086
0.026510522;0.066149876;0.009093607
0.025114667;0.049794897;0.013524885
0.0146229835;0.024210919;0.010819908
0.007792137;0.031868733;0.033655927
0.02107746;0.014557488;0.014424741
0.015299467;-0.05085401;-9.6020696E-4
-0.0010416758;-0.08287071;-0.013268165
-0.02036459;-0.095984064;-0.023114532
-0.047541674;-0.076787256;-0.043491624
-0.05053334;0.0073201978;-0.034793302
-0.035739172;0.04960616;0.01591536
-0.0082788365;0.05999743;0.025232287
0.022283182;0.087060444;0.01393583
0.045951545;0.08839835;-0.001351336
0.015667485;0.039468683;0.03641893
0.010971488;-0.015300054;0.016635144
0.003308441;-0.041927543;-0.024191884
-0.0012594973;-0.074167036;-0.0068535074
-0.016632598;-0.06089613;-0.005482806
-0.008618578;-0.0549669;-0.029386245
0.0016988874;-0.0095985215;-0.023508996
0.0013591099;-0.0076788175;-0.018807197
-0.016881462;0.034481946;0.009954243
-0.01194267;0.019773057;0.020463394
-0.004866636;0.023630945;0.016370716
-0.0054558087;0.042342257;-0.018153427
0.024541603;0.0666863;0.016727258
0.017289532;0.054911543;0.007131806
-0.007262124;0.004866735;-5.4455496E-4
-0.020653449;-0.04141911;0.018314356
0.01003974;-0.030010289;-0.010348516
0.023656793;-0.020883232;-0.0020288122
0.011112934;-0.046394084;0.0046269502
-0.014547152;-0.023052769;-0.01504844
-0.014762722;-0.0106297145;0.012961248
-0.018060178;-6.912716E-4;0.0041189985
-0.006635642;0.018196983;-0.009204801
-6.210138E-4;0.031745087;-0.007363841
0.008096939;0.05352107;0.006608927
-0.005241199;0.07562935;0.005287142
0.013775791;0.051128484;0.016729714
0.029770633;0.036215287;8.8377076E-4
0.0011602562;-0.04759027;0.0069570164
-0.0146967955;-0.07244722;-0.0069343867
-0.010194936;-0.051707774;-0.02429751
0.007469051;-0.05699122;0.0055619925
0.009881491;-0.08465547;0.004449594
0.0063426928;-0.03803688;-0.046440326
-0.008988346;0.016445497;-0.0059022596
-0.039221928;0.058468897;-0.017221808
-0.020440042;0.079587616;-0.0012774463
0.012554217;0.049607594;0.023978043
0.021762123;0.027186075;0.031682435
0.0267847;0.0061238604;0.025345948
0.004240259;0.008024088;-0.023473242
-5.1404274E-4;0.012669271;-2.8593602E-5
-0.0019737342;-0.021114584;-0.006272875
0.0038897626;-0.046579167;0.0137317
0.0031118102;-0.062263332;0.00473536
-0.019385552;-0.056060668;-0.014961712
-0.026445942;-0.015161034;-0.01821937
-6.300322E-5;0.059746172;-0.008325496
0.010105847;0.08373444;0.018339604
0.0018346779;0.06386255;0.014671682
0.0014677424;0.02609004;0.005487346
-0.006638306;-0.052565467;0.010639877
-0.006873145;-0.046739873;-0.0039880984
0.023407735;-0.012391899;-0.01569048
0.020288687;-5.3851935E-4;-0.03130238
-0.0064253;0.0026941844;0.006208094
-0.01139024;-0.016594652;0.017466474
-0.0137996925;0.0023492782;0.0014731799
0.0053664963;0.04406692;-0.023821456
0.012105697;0.025878537;0.012192835
0.009684558;-0.02148467;0.03475427
-0.024283605;-0.017187735;-0.015946586
-0.011614383;-0.027812688;-0.012757269
-0.0014790065;-0.030062651;-0.0039558145
0.015223045;-0.028737621;-0.009414651
0.010615936;-0.027677596;-0.0075317216
6.8024866E-4;0.0028579228;-0.006025377
-0.006487051;0.025723837;0.013929699
-0.017689642;-0.01223343;0.017393759
-0.0016517127;0.0011507565;0.020165008
0.00961613;0.025920605;0.009882006
0.014724154;0.022298984;-0.017094396
0.008654323;0.025651688;0.011324484
0.012392209;2.0884984E-4;0.009059587
0.0021012668;-0.00608292;0.0072476696
0.0016810134;0.006071164;-4.5186444E-4
-0.014280189;-0.015455569;-3.6149155E-4
-0.0012679014;-0.026426954;-0.019039193
-0.02992057;-0.039891563;-0.040231355
-0.044248957;-0.0069132512;-0.007185084
-0.0025866656;0.0335319;5.0193304E-4
0.0010556676;0.04713802;0.019151546
0.036782034;0.034585416;0.009071237
0.029425627;0.024543332;0.01350699
0.0024467518;0.024322165;0.004555592
-0.0058550984;-0.005542267;-0.015105527
-0.0054653287;-0.023183813;-0.012084422
-0.004372263;-0.01854705;-0.009667537
-0.0034978106;-0.014837641;-0.0077340296
-0.0074857483;-0.043120112;0.012562776
0.0018239013;0.00925391;-0.008699779
-0.004790879;0.015215628;-0.0132098235
0.0063235466;0.018422503;-0.016817858
0.018340087;0.0350505;0.024045713
-0.00485918;-0.0016470986;0.02548657
-0.012481094;-0.027880179;-0.0046107434
-0.0068598753;-0.033241645;-0.009938595
-0.0086129;-0.040655814;-0.0017008759
0.01576593;-0.027837152;-0.013860701
0.040737744;0.0152302785;0.0076614395
-0.015066055;0.046559222;0.012379152
-0.013615344;0.04037238;-0.0025966787
-0.010892275;0.013547903;-0.002077343
-0.01183882;0.023338322;0.023338126
-0.012596056;0.006170658;0.018670501
-0.0022643448;-0.020063473;0.0274364
0.006001024;-0.04105078;-0.00930088
0.01808207;-0.048465624;-0.038690705
-0.0011593446;-0.0512725;-0.024702564
-0.0017087257;-0.014455499;-0.02601205
-5.8573054E-4;0.0306231;-0.00830964
-4.6858442E-4;0.02137348;0.0058522876
-0.0011561175;0.040536284;0.03593183
-0.005612394;0.049616527;0.016245464
9.788348E-4;0.017818222;0.0067463713
0.017970568;-0.018557923;0.017897097
0.014376454;-0.038283836;0.0018176776
-0.0056863367;-0.04781457;-0.023545858
-0.02564282;-0.019501656;-0.031336688
-0.0064517553;2.3675027E-5;-0.025069349
0.0010885957;-0.02341856;-0.013805479
-0.008504123;-0.015609848;0.0014556166
-0.014615798;0.017199622;0.0011644933
0.010182361;0.046572197;0.025931595
0.02923964;0.057570256;0.026995275
0.02339171;0.033556208;0.02784622
0.018713368;-0.029405035;0.009776977
-0.015498055;-0.084461525;-0.004678419
-0.028023444;-0.042569224;-0.034992736
0.0010187449;0.03625712;-0.021744188
0.0023774959;0.058693197;0.02010465
0.021433247;0.0063295583;0.0035837197
0.0015215974;-0.008998853;0.015366976
-0.016751472;0.0084259175;-2.0641943E-4
-0.018088678;0.014553234;-0.012665136
-0.009783442;0.013205087;-0.0038821085
-0.0047017536;-0.04256093;0.028144313
-0.010011403;-0.048111245;-0.02123455
-0.0048841224;-0.027551495;-0.01073764
-0.0023447978;-0.022041196;-0.02109011
-0.015938338;0.012054543;-0.023122089
0.029436829;0.034643635;-0.0059976713
0.015736964;0.044902407;0.026451863
-0.0030354292;0.07810943;0.02741149
-0.013365843;0.04998754;0.028179193
-0.0028801747;0.0056150327;-0.008706646
-0.02886664;-0.031445473;-0.019465316
-0.019968312;-0.067343876;0.0031777464
-0.0065996493;-0.075750105;-0.0099578025
-0.0068422197;-0.06216258;0.010783758
-0.010161276;-0.020042567;-0.035122994
-0.011254021;0.040215947;-0.015598395
0.0050592837;0.11186026;2.1283948E-5
0.019672427;0.11448821;0.006267027
0.03370669;0.072840564;0.023763621
0.038684104;0.03483495;0.050260898
0.030947283;0.027867962;0.04020872
0.019289076;-0.024580631;0.013416974
0.013087511;-0.047789503;0.02323358
0.0104700085;-0.0647941;0.0060868636
0.0029072568;-0.06433529;-0.02013051
7.633055E-4;-0.026468227;-0.016104408
-0.009545606;0.02257542;-0.044133525
-0.027948985;0.036810335;-0.022806821
-0.022359187;0.027885769;-0.018245457
-0.00694985;0.037933614;0.016653635
-0.01649738;0.04440939;0.03207291
-0.014760404;-4.0998674E-4;0.0069083264
-0.019620823;-0.011265489;0.005526661
-0.012571659;-0.024637392;-0.0018286712
0.012598923;-0.004084913;-0.020212937
0.029610388;-0.01264293;-0.016170349
2.5081082E-4;-0.013239345;-4.3627966E-4
-0.0060493513;-0.0027789755;-3.4902373E-4
-0.0032769812;0.02902682;-0.006529219
0.0020659151;0.034158956;0.007276625
0.017277732;-7.9783547E-4;0.0308213
0.021634685;-0.024075769;0.01840704
-0.0030047514;-0.020823115;-0.016524369
-0.008653801;-0.015095992;-0.031969495
-0.010048041;0.014485707;-0.0068255956
-0.008038432;0.0037760653;0.0070395237
-0.011118246;-0.017291648;-0.006868381
-0.001082097;-0.023208318;-0.005494705
-0.0039906777;-0.035754155;-0.010645764
-0.028192542;-0.011415823;-0.014766611
-0.0022415337;0.02055484;-0.02431329
0.009144273;0.019568874;0.011799369
0.044034168;0.009405098;0.046939496
0.004758585;0.005961579;0.018801596
-0.021193132;0.023519263;-0.016208723
-0.015392005;0.02975291;-0.019216979
-0.017001105;0.028489828;-0.009123582
0.008274117;-0.024083138;-0.0072988663
0.009744293;-0.07395401;0.012910907
0.016389184;-0.046663206;-0.027171275
0.015455098;-0.029518066;0.0032629804
0.004551578;-1.7695308E-4;0.040110383
0.0052037626;0.0061084377;-0.0054116924
-5.2449E-4;0.05957425;0.001920646
-0.017607093;0.0710969;0.020286517
-0.0031481737;0.04281502;0.016229214
-0.010331039;0.013939516;-0.012016629
-0.027014831;-0.032598387;-0.015863303
-0.015361865;-0.04170371;-0.018940642
0.014273008;-0.05055047;-0.008902514
0.026262157;-0.093565375;0.011627989
-8.402483E-5;-0.0982898;-0.003197609
0.0014952802;-0.02081934;-0.015058087
-0.0019287759;0.04584453;-0.02454647
0.022675728;0.06948812;0.005362824
0.012671834;0.0743405;0.02304026
-0.016425034;0.0750974;0.012182208
-0.027202526;0.03820292;-0.002754234
-0.013949521;0.011812335;-0.027203387
0.001340383;-0.03742513;0.00948729
0.013572306;-0.084627606;0.020089833
0.001482845;-0.07082708;-0.0026781342
-0.006626224;-0.055099167;0.0041074925
0.011886521;-0.0018918341;-0.015464006
0.038415466;0.012549032;0.018878795
0.024482373;0.031914227;0.0026030361
0.015679648;0.07240638;0.002082429
-0.0140187815;0.065737605;0.032915942
-0.028402524;0.032277584;0.013832754
-0.00865952;-0.011677933;0.011066204
0.0016661341;-0.009342346;0.002602963
-0.004135843;0.0019011229;0.0020823702
-0.0079961745;-0.014104102;-0.010834103
-0.01264694;-0.02847078;-0.021167284
0.0062886984;-0.016526625;-0.0044338265
0.022218458;-0.0100963;0.0027029389
0.012306017;-0.0127645405;-0.010337649
-0.018280186;7.25868E-4;-0.02077012
-0.013061649;0.014643194;0.0021339047
-0.013574319;0.017964555;-0.010792877
0.017265545;0.029996645;0.003865699
0.019281186;-0.010377685;0.00934256
0.020893699;-0.036427148;0.0074740476
0.022964958;-0.029141719;0.018479237
0.0027469671;-0.020188374;0.0022833904
0.0021975737;-0.009900699;0.0080767125
-0.024804441;-0.0079205595;-0.03103863
-0.018281054;0.018663552;-0.012330905
-0.023999842;0.0024308418;-0.009864723
-0.019199874;0.0019446735;-0.007891779
-0.015359899;0.0015557387;-0.006313423
-0.04197542;-0.020630408;0.0011992616
0.010169664;0.017870672;-0.0052905907
0.0128232315;0.020546539;-0.0042324727
0.029789835;0.025812231;-0.009635978
0.025394369;0.042524785;0.03604122
-0.0039032553;0.05589483;0.047582973
-0.0015601043;0.032215863;0.013066379
0.012033166;0.02421019;-0.014546896
0.0041577835;-0.025944348;0.025862483
-0.026361274;-0.052005477;0.026939986
-0.017964019;-0.058791883;-0.028448012
-0.017496215;-0.040783506;-0.01650841
0.017253028;-0.002939305;-0.0069567272
0.005989922;0.019523555;-0.011815381
-0.017083062;0.026556345;-0.015702305
-0.03710395;0.063432574;-6.1844265E-5
-0.01093316;0.06480856;-4.9475413E-5
6.2847225E-4;0.026846848;0.00621042
0.014565278;-0.012897521;-0.0012816642
-0.008660277;-0.052505516;0.0052246684
-0.011615722;-0.059191912;0.010429735
0.022738673;-0.03485353;0.002093788
0.03772219;-0.020070326;-0.01707497
0.014552751;-0.00824376;-0.007409976
0.0100797005;0.035592493;0.0065720193
0.0049387603;0.07066149;0.017757615
-0.013236492;0.072154194;0.014206093
-0.0027766936;0.040535856;-0.013635126
0.007934895;-0.012883815;-0.010908101
-0.008495834;-0.043119553;-0.02122648
-0.031796668;-0.06105814;-0.0044811848
-0.016062334;-0.047284015;0.015165052
0.0027751331;-0.053452212;0.012132042
0.010032606;-0.04276177;0.022205634
0.017401084;0.007978085;-9.854932E-4
-0.006391632;0.059507467;-0.019538395
0.0073866947;0.096043475;-0.015630716
0.0012218556;0.06902228;0.018745428
-0.020897515;0.022405325;0.008746342
-0.008905512;-0.041450743;0.0069970735
-0.00556191;-0.015973093;-0.013152341
0.011175472;-0.040903475;-0.029271873
0.007377878;-0.05616028;0.020332502
0.020746052;-0.07774072;-0.014983999
0.018159341;-0.024692578;5.1280105E-4
-0.014378777;0.039620936;4.1024087E-4
0.0025594786;0.07544675;3.281927E-4
-0.004202417;0.061919898;0.037762552
0.029450566;0.04016092;0.030210044
0.004029203;0.019628735;0.011668035
-0.011620387;-0.0030470113;-0.0031655722
-0.01242131;-0.03681261;-0.008782458
-0.017749548;-0.09038759;-0.013275966
-0.028262138;-0.09574757;-0.03562077
-7.347107E-4;-0.020348055;-0.022246618
0.0040997313;0.013409056;-0.005297295
0.009529785;0.027914744;0.020762164
0.024811327;0.053581797;0.016609732
0.0057865623;0.07724044;7.877851E-4
0.0085355;0.04929235;0.006880228
0.00917215;0.01130888;0.0055041825
-0.02234978;-0.040952895;0.0044033458
-0.017879823;-0.03276232;0.0035226769
-0.0033663593;-0.030897355;-0.03468186
0.013713162;-0.015342883;-0.021495488
0.022689281;0.0033506935;0.01405361
0.010338924;-0.003569445;0.023742888
0.0035836392;-0.012230556;0.0064943107
-0.0049455888;-0.009784445;0.0051954486
-8.314709E-4;0.020297443;0.004156359
-0.0116026765;0.033425454;-0.021674912
0.0016553586;0.004865364;-0.01108993
-0.033050712;-0.013295209;0.009878056
-0.02487807;-0.021573666;-0.0045975554
0.008222544;-0.0063214335;-0.016178044
0.019078035;-0.0019321468;0.012057564
0.015262428;0.015641782;0.009646052
-0.0034150577;0.017200926;-0.0047831587
0.0019554538;0.0028232408;0.008673473
0.017970612;0.0022585928;0.0069387783
0.02375149;-0.012255626;0.011801023
-0.005217558;-0.0051170005;-0.015559182
-0.010424046;-0.0040936004;-0.0061973454
-0.016151737;-0.01577488;-0.004957876
0.0027036106;0.024880096;-0.016466301
0.0037253883;0.033966575;-6.7304086E-4
0.013136561;0.02092326;-5.384327E-4
-0.010584502;0.0042386088;0.012069254
-0.0037801012;-0.010671613;-0.0153445965
-0.013961581;-0.025724791;0.0064743226
0.0028932353;-0.03151733;-0.001070542
0.008564589;-0.033026367;-0.0071064336
-9.6082943E-4;-0.012358593;-0.0119351465
0.011731337;0.0041756257;-0.009548117
0.0054788194;0.008028001;0.011111506
0.0043830555;0.025172401;0.033889204
0.0035064442;0.01388792;0.020861363
0.0028051555;-0.006077164;-0.02081091
-0.015724625;0.0092007695;-0.035398725
0.01320155;0.024548115;-0.0033189817
0.0027487397;-0.0037990077;0.009844814
-0.011082258;-0.028039206;-0.010874148
0.004415443;-0.016181365;-0.008699318
0.0035323547;-0.012945092;-0.006959455
0.0028258837;-0.010356073;-0.0055675637
0.001479457;-0.037972357;0.008045949
-0.023816435;0.003997113;0.012686759
-0.011240647;0.01882269;0.0038994073
0.012882482;0.024433153;-0.0031304741
-6.315144E-4;0.03517152;-0.008754379
0.010432288;0.010949718;0.011746497
0.0036583308;-0.008427726;0.028147196
0.0037079146;-0.023929682;0.028767757
0.0029663318;-0.012893745;0.004264206
-0.0015331847;-0.027502496;0.022161365
0.019867202;-0.042314496;-0.019770907
0.0010500118;-0.0369766;-0.015816726
-0.010097491;-0.035831276;-0.025153382
0.0028595075;0.015084978;-0.007622705
-8.373939E-4;0.044880483;0.0126518365
-0.008482415;0.043716885;0.0038714688
0.015870318;0.044348508;0.009347175
-0.041209996;-4.586931E-4;0.01372774
-0.011092996;-0.019116955;-0.026517808
0.0020631028;-0.048106063;-0.052464247
-0.009287017;-0.04942235;-0.023221398
-0.016804615;-0.019225381;-0.012327118
-9.436914E-4;-0.009130305;-0.003611694
0.020338796;0.0051957564;0.028360644
0.020177288;0.032281604;0.028938515
0.02004808;0.039887786;0.0044008126
0.023069713;0.049097728;0.02227065
-0.012794229;0.028340682;-0.00718348
0.002264617;0.024235046;-0.018246785
0.0033741936;0.016263036;0.0041525727
-0.0098006455;-0.02605207;0.0033220584
-0.017215516;-0.058341656;0.021407647
-0.023147414;-0.063860826;-0.014123883
-0.01539293;-0.00890116;-0.048799105
-0.018564343;0.056941573;-0.001539285
0.0070235245;0.048678257;0.011268572
0.0040563196;0.009255106;-0.009735143
0.034495056;-0.022283414;0.023461886
0.051033545;-0.041264232;-0.006230491
-0.018548165;-0.056448884;0.020015607
-0.052338533;-0.05609661;0.0097624855
-0.040308326;-0.03550229;0.0015599886
-0.02130916;-0.008089329;-0.005002009
0.017327672;0.034153536;-0.004001607
0.059955887;0.06326033;0.0030487143
0.03624596;0.07560826;0.008688971
0.021184267;0.058924112;7.0117705E-4
-0.009615086;-0.0028607114;0.0068109417
0.0040266817;-0.05697607;0.0054487535
-0.010059905;-0.042455856;0.0043590027
-0.009610424;-0.066777185;-0.0152627975
-0.017063338;-0.06435925;-0.030960238
0.010568079;-0.035862397;-0.01226819
0.017829463;0.029122582;-0.0035645524
0.0048885704;0.049860567;-0.002851642
-0.0109328935;0.047700953;-0.008531313
-0.014996315;-0.018089239;-0.006825051
-0.001059552;-0.03322139;0.01953996
-8.4764155E-4;-0.015639612;0.0031319675
-6.7811325E-4;-0.02344919;-0.003744426
-0.0052299905;-0.026571851;-0.027995542
0.010659757;-0.011882481;-0.009896433
0.016340306;-0.017318485;0.023332855
0.034165993;-0.009167288;-8.3716914E-5
0.0023327959;0.009853669;-6.697353E-5
-0.016883763;0.011007936;-5.3578824E-5
-0.01975701;0.03068135;-0.0062928633
-0.04393061;0.013607578;0.0074657095
-0.008581987;0.014011063;0.0059725675
0.005634411;0.01120885;0.023528054
0.012320029;0.0105295805;-0.0061775567
0.027043523;-0.005638836;-0.0049420455
0.021634819;-0.013886069;0.0022963637
-0.013942146;-0.015796354;0.0018370909
-0.018966217;0.004550416;-0.017280327
-0.018297972;0.006765333;0.011175739
-0.0021383786;0.013224767;-0.01605941
0.0061017973;0.001204813;-0.019097527
-0.004493562;-0.011536149;0.003471978
-0.01140735;0.0063960804;0.034027584
-0.01225088;0.023866864;0.008472065
-0.014488203;0.0065934914;-0.018222347
-0.013153063;-9.7520684E-4;-0.014577878
0.0035400495;-0.0023426656;8.3769776E-4
-0.0018554603;0.03406337;0.025670158
-0.0014843683;0.027250694;0.020536127
-0.008999995;0.07336306;0.0164289
0.035768755;0.054002944;0.019393122
0.023146253;0.013514855;0.015514497
0.03961075;-0.017313115;-0.0063384026
0.03559485;-0.04510049;-0.011320722
-0.0019928683;-0.062642895;-0.009056577
0.011686956;-0.037614316;-0.013495262
0.009349564;-0.020716453;-0.0045462097
0.0074796514;-0.03219816;0.0026130322
-0.009641279;0.0023664706;0.014590425
0.009474477;0.020643177;-8.276594E-4
-0.0017954184;0.030577041;-0.013162128
-0.035811335;0.022899132;0.0019702981
-0.039586566;0.019881807;0.0015762384
-0.011356754;0.017467946;0.007510991
-0.037210405;0.034286857;-0.03149121
-0.018830823;0.038366985;-1.9296593E-4
5.603418E-4;0.019756088;0.031095628
4.4827347E-4;0.01580487;0.024876501
3.5861877E-4;0.012643896;0.019901201
0.015130645;-0.049259882;0.003420961
0.029292015;-0.0019079064;-0.0097632315
0.025777362;0.025036175;-0.0015605849
0.01827814;0.03877894;-0.007498468
0.011497512;0.07164815;0.0065012258
-0.01814574;0.05731852;-0.0072990195
-0.016079092;-0.016645182;-0.012089215
-0.015988274;-0.10550365;-0.009671372
-0.034665618;-0.18752791;-0.020237098
-0.026169995;-0.18127233;-0.028689679
0.031407755;-0.110642865;-0.004201743
-0.005342547;-0.044764295;-0.022111394
-0.0152115375;0.039188564;-0.023939116
-0.0027942301;0.114163354;0.012098708
-0.011610384;0.17726818;0.053428967
0.012586692;0.18400204;0.042743172
0.036631852;0.13782664;0.009194538
0.031649232;0.03526131;0.007355631
0.03860064;-0.029603453;0.024634505
0.04416176;-0.08305776;0.032207604
0.022048157;-0.13988371;-0.005483917
-0.001892724;-0.15878196;-0.0043871338
-0.006982929;-0.102025576;-0.022259707
-0.011055093;0.02306704;-0.017807765
-0.015875325;0.12314113;-0.014246212
-0.02051276;0.1610129;-0.01139697
-0.014847708;0.113185324;-0.015367576
-0.013440666;0.04523576;-0.006044061
-0.027940033;0.003376108;-0.011085249
-0.052039526;-0.041049115;-0.021368198
-0.01975662;-0.09846429;0.0016554409
-0.009555297;-0.09908393;0.013824353
0.019699512;-0.11207964;-0.0014405178
0.01185336;-0.10685122;0.011347585
-0.007704812;-0.06516847;-0.034671932
-0.01085135;0.013490221;-0.027737545
0.02725642;0.045167178;0.002809964
0.0061801365;0.05800874;-0.016502028
0.004944109;0.06359449;0.024298377
-0.016357213;0.06962559;0.0444387
-0.01152327;0.07445048;0.03555096
0.0048438837;0.03299788;0.003440769
0.017937606;-0.0064141955;0.009002615
0.029975086;-0.053568855;-0.0052979076
0.027886318;-0.06316759;-0.029238326
0.0051215547;-0.05834657;-0.023390662
0.0056597437;-0.032614753;-0.02496253
0.021715295;-0.008904303;0.023779977
0.004090986;0.0038140572;0.012773981
0.011085289;0.020238746;-0.008530815
-0.002850519;0.009940997;-0.0068246517
-0.015561665;0.032952797;0.0070402785
-0.014011832;0.031049738;-0.013117777
-0.008084466;-0.00641021;0.014505778
-0.018967573;-0.030128168;-0.0071453773
-0.008924058;-0.033477534;-0.011966302
0.010829504;-0.05334453;0.009176958
6.985285E-5;-0.08330062;0.0010915668
-0.021819118;-0.076015495;-0.0053767464
-0.008080294;-0.012374898;0.0019486027
0.0130670145;0.05728758;-0.004691118
0.033109862;0.10051756;0.0024971059
0.03976914;0.13041405;0.020747684
0.03415906;0.12151874;0.035348147
0.0249835;0.06440249;0.009528518
-0.01985695;-0.018790506;-0.0048771854
-0.03307306;-0.057219904;-0.0039017485
-0.015520948;-0.047338422;-0.0343714
-0.006166759;-0.03630824;-0.0087471185
0.017722843;-0.04467159;0.018002305
0.008709525;-0.026362272;0.026901843
-0.016469881;0.011722682;0.0027714751
-0.022550905;0.070315644;0.00846718
-8.532235E-4;0.081252515;0.0067737442
-6.825788E-4;0.041564513;0.017918995
0.007266437;0.03012661;0.008085196
-0.0059056003;0.008476288;-0.006031843
0.0015255196;0.0020935307;-0.011075474
0.010595416;-0.028012676;-0.021360379
0.0069138324;-0.020847641;-0.017088303
0.003187316;-0.03542811;0.0113293575
-0.019325146;-0.05646749;-0.009686515
-0.015460118;-0.027986491;-0.0014992114
-0.018618094;-0.009889194;-0.0011993692
0.0054180245;-0.0016613548;-0.007209495
0.01995942;0.017420916;0.012982404
0.015967535;0.026436733;-0.002114077
-0.006757221;0.028961886;0.0045587383
-0.0061870273;0.02941951;0.009896991
0.0036441283;0.045410607;0.014167593
-0.008803448;0.037890986;0.017584074
7.697421E-4;-0.004062211;-0.0046827407
-0.0103217065;-0.014187269;-0.016246192
-0.011382365;-0.026974816;-0.019246954
2.6910796E-4;-0.06064235;-0.009147563
0.008809037;-0.07038888;-0.01356805
-7.652709E-4;-0.048498604;-0.02960444
0.0017315333;-0.0075488845;0.0013164476
-9.5852336E-4;0.03614839;0.0073031583
-7.668187E-4;0.052356213;0.030842526
-0.015457205;0.04188497;0.012174021
0.008727986;0.030382978;-0.015260783
-0.009423861;0.024306381;0.012791374
-0.005976589;0.039757606;-0.008516901
-0.0047812713;0.008368584;0.011936479
-0.003825017;0.0066948673;0.009549183
0.026627487;-0.033706605;0.0076393466
0.01583324;-0.048840284;-0.012638522
0.02204159;-0.050009727;-0.035110816
0.016070774;-0.03688278;0.009411345
0.014419119;-0.0154437255;0.038779076
-0.014245955;-0.0061049806;0.006023261
-0.014521765;0.0076160156;-0.0014313911
-0.022554912;0.040467814;-0.0136451125
7.060709E-4;0.04174925;-0.017166091
0.0029086068;0.0193369;0.005017128
-0.012516865;-0.00171798;0.010263702
-0.010013492;-0.006061884;-0.010539038
-0.0080107935;-0.025162008;-0.008431231
0.013903866;-0.049817108;0.012005015
0.0056543425;-0.033603683;0.009604013
6.172238E-4;-0.015945448;0.00768321
0.002056279;0.026306141;-0.018853432
0.005551273;0.06479491;-0.015082746
5.3476857E-4;0.07839843;-0.012066197
-0.008947185;0.056468744;-0.0034029572
-0.027470248;0.010799996;0.016027635
0.010055051;-0.0085475035;0.031572107
0.01898154;-0.024025504;2.576859E-4
0.009716483;-0.0379704;-0.024793852
-0.0047268136;-0.07100132;-0.001085081
-0.011593951;-0.08961356;-0.013368065
-6.814107E-4;-0.06387834;0.014305548
-0.013826379;-0.005790177;-0.0073055616
0.010032647;0.07661786;0.006655551
0.023651117;0.111294284;0.017824441
0.012670894;0.099972926;0.020509552
-0.0031445348;0.073728345;0.022657642
-0.032203127;0.026170176;0.036876112
0.003924998;-0.02125136;-0.0017491091
0.014858748;-0.054501086;-0.013899287
0.0040744985;-0.08735087;-0.00486943
-0.017834151;-0.108943194;-0.041395545
-0.01739232;-0.04184206;-0.033116434
-0.018601356;0.039963853;-0.026493149
-0.0039435853;0.07103358;-0.008694518
0.014813881;0.06463937;0.018044386
0.023569856;0.07514899;0.03943551
0.0032308842;0.058556695;0.031548407
0.019772207;0.020282855;0.018988725
0.031442765;0.008413784;-0.0035590199
0.023591712;-0.022956472;-0.0028472159
0.00481087;-0.051177677;-0.027277773
-0.030526305;-0.042504642;-0.034322217
-0.044733543;-0.007441214;0.0037922254
-0.0076618344;0.011234529;-0.0032162196
-0.0061294674;0.008987623;-0.0025729756
-0.004903574;0.0071900985;-0.0020583805
0.022639642;0.012002079;-0.0016467044
-0.0029820374;-0.021648336;0.011182636
0.0077706203;-0.02669367;-0.02230389
0.015591496;-0.0041674357;0.013406888
0.010129447;0.0044785514;0.016975509
0.0143535575;0.01920784;0.0010804079
-0.012735904;0.023178773;0.013364326
-0.014876223;-0.009581981;0.010691461
-0.0025259785;-0.012353085;0.014803169
-0.020770783;-0.0036324682;-0.019407464
0.0060396236;0.009594025;-0.021775972
-0.006887051;-0.01888728;-0.017420778
-0.007072141;-0.030734824;0.017313378
0.0060610375;-0.010525359;0.020100702
0.02203633;-0.0052952874;0.0098305615
0.034816563;-0.0057987296;-0.010885551
-0.0026154988;-0.042138983;-0.01495844
-0.012248649;-0.03683619;-0.011966752
-0.016830169;0.0064685503;-0.009573402
-0.016589135;0.008299841;0.017341278
0.0031349417;0.0050773723;-0.017376978
-0.0013982967;0.0040618978;-0.0014015818
-0.018306138;0.021999517;0.0051287347
0.01973009;0.050412115;0.016602987
0.002502822;0.026267191;0.00703239
0.012939758;0.0038262533;-6.240879E-4
0.022070557;0.017123502;0.01825073
0.004375195;0.016823802;0.008350584
-0.008218594;-0.008415958;0.012930467
-0.015949875;-0.030170267;-0.0021556264
-0.0252599;-0.0053862133;0.004525499
-0.03583292;-0.021496471;-0.002629601
-0.011478836;-0.043759678;-0.027103681
0.009566931;-0.010007741;-0.0154329445
0.009216045;-0.008006193;-0.012346355
0.024560336;0.0060950457;-0.016127085
0.018085768;0.011126037;0.018348332
0.010562365;0.016713329;0.008428666
0.020168642;0.036808163;4.9293274E-4
0.013791163;0.02007153;0.025394347
0.014939181;0.008244725;0.020315478
0.0025763446;-0.01059172;-0.014997618
-0.018251425;-0.053785875;5.019052E-4
-0.03803864;-0.0461537;-0.024598476
-0.010118412;-0.005672961;-0.03842878
-0.008094729;0.007961632;-0.030743025
0.009149217;0.029806806;0.0066555804
0.011225623;0.019157944;0.024074465
-0.0043007513;-0.006548645;0.0130095715
-0.0221906;-0.025551416;-0.0020923428
-0.011502481;-0.017316133;-0.0016738743
0.012673016;0.012709594;0.0049109007
0.0062321625;0.011730175;0.0039287205
-0.01142052;0.01875914;0.009392977
-0.0044489163;0.015007312;-0.011235619
-0.008246633;0.0041933497;0.003511505
0.0043401937;0.0017921798;-0.009690796
0.008940905;0.012371244;-0.014002637
0.009496474;0.014584495;0.0075478903
0.016972179;-0.002394904;-2.116876E-4
0.030765243;-0.034728423;0.018580649
-0.012887806;-0.06372024;0.01486452
-0.010310244;-0.05878869;-0.031858385
-0.020748196;-0.014218452;0.005763293
-0.013473556;0.030812738;-0.0016393658
0.009533655;0.03871269;-0.020061493
0.009189424;0.049720153;0.008950806
-0.008273461;0.03508862;-0.011589355
-0.011306269;0.056195896;0.009478516
-0.015295015;0.027769217;0.026332812
0.006513988;0.011277874;0.00856625
0.0013049404;-0.0316027;-0.005647
0.018231452;-0.03621966;-0.0045176
-0.011196088;-0.04928823;-0.00361408
-0.0073943706;-0.05036808;-0.015391264
3.345036E-4;0.0034555339;0.0064369887
0.020580104;0.038701925;-0.013600409
8.390823E-4;0.04814904;0.007869673
0.008483766;0.036956735;0.018795738
-0.0025879873;0.007690387;0.01503659
