-0.044271562;-0.0043552425;0.048438277
-0.02291725;0.019953307;0.021563122
-0.0120838005;0.009712645;0.019203622
-0.03466704;0.010895116;0.038409773
-0.052733634;0.035278592;0.051821567
-0.029686905;0.048535373;0.04341038
-0.023749525;0.0294533;0.024962679
0.00600038;-0.010812361;-0.022217358
-0.020199696;-0.011774888;-0.009961385
-0.0036597566;0.039017588;0.0033590165
-0.009177805;0.051526573;-0.027781537
0.0051577557;0.036533758;-0.02613148
0.022876205;-0.0067104944;0.0040948163
0.018300964;-0.020993395;-0.002583522
0.014640771;-0.033982217;-0.021207443
0.024212617;-0.039685775;-0.030247204
0.038120095;-0.037998617;-0.016775887
0.030496074;-0.014773895;-0.03060821
0.03689686;6.808842E-4;-0.031908445
0.017017487;-0.0103927925;-0.020058004
0.0136139905;-0.016126733;-0.03909328
0.010891193;-0.041026387;-0.017602747
0.0149629535;-0.01875861;-0.014082198
-5.29637E-4;0.0021806122;-0.019078258
0.01832629;0.00955699;-0.017215732
0.014661033;0.013895592;-0.027053835
0.017978827;0.0048664734;-0.017736819
-0.0043669394;0.01795568;-0.014189455
-0.022243552;0.042489544;0.0077890614
-0.024044842;0.015241634;0.019512499
-0.019235874;-0.047181692;0.028891249
-0.0403887;-0.056495354;0.0309255
-0.03231096;-0.010821283;-0.013540851
-0.019598767;0.016342973;-0.0030201804
0.009320986;0.03338688;0.01281823
-0.011293211;0.025147002;0.02158271
-0.03403457;-0.015819898;0.019219292
-0.033477657;-0.011093418;0.013422309
-0.045532122;-0.0010622345;0.035737846
-0.0364257;0.03977521;0.04577778
-0.022890558;0.05369517;0.044434723
-0.0058124475;0.049206138;0.0027352779
-0.010899958;0.014364908;2.3509725E-4
0.0037800337;0.009929427;0.011906828
0.009274027;0.009506041;-0.009615162
0.019919222;-0.018957667;-0.01941088
0.022185378;-0.038603634;0.022752546
0.023998301;0.011304594;0.024061412
0.04419864;0.038731176;-0.015125871
0.041608915;0.05285994;-0.016006947
0.0020371305;0.029787952;-0.014758682
0.014129705;0.03164286;-0.023135072
0.0050537637;3.1428912E-4;-0.04155493
-0.008456989;-0.032561067;-0.023868944
-5.1559135E-4;-0.040111355;-0.0015170312
0.012087527;-0.060214084;3.48875E-4
0.009670022;-0.07004627;0.010044725
0.026486017;-0.057599515;-0.01305797
0.027438814;-0.04764211;-0.044821378
0.015701052;-0.03498869;-0.018669602
6.0840823E-5;-0.013928451;-0.01884193
4.8672657E-5;-0.02833026;-0.026401669
0.006288938;-0.011726709;-0.009793211
0.02378115;-0.006256367;0.0073998063
2.749204E-4;-0.0096925935;-0.0015020298
0.012719937;-0.042129073;-0.016436
0.022675948;-0.01807826;0.0075543257
0.01814076;-0.014462608;0.0060434607
-0.0042373925;-0.011570087;0.025928518
0.009110086;0.009493931;-0.0077728103
0.0010380688;0.034157645;-0.008171373
-0.011669545;0.033576116;0.037603527
-0.003085636;0.009673392;-0.004682804
-0.002468509;-0.023511285;0.002113132
-0.014474807;0.0015034713;0.0055967555
-0.017829845;0.023077777;0.01971178
-0.0017638765;0.03252472;0.025535049
-0.013911101;0.051019777;0.02589679
-0.036128882;0.051753324;0.02462368
-0.035153106;0.06640266;0.021652069
-0.021872483;0.037497126;0.004040406
-0.017497987;0.011247701;-0.0104395505
-0.020248389;0.007435661;0.0072733597
-0.04119871;0.009073528;0.026912438
-0.02670897;0.016633824;0.032858074
-0.027617175;-0.0054429416;-0.008088539
-0.022093741;-0.029354353;-0.0025645818
0.0073250076;0.020266518;0.032323334
0.012110006;0.053713214;-0.005000707
0.022188004;0.02890807;-0.004000566
0.030250404;0.002813957;-0.0067160777
0.017950322;0.0069386656;-0.020997861
0.014360258;-0.038199067;-0.032032665
0.017738206;-0.06805925;-0.019766757
0.014190566;-0.027884902;-0.009954031
0.023852453;0.0073795775;-0.01772885
0.025331961;0.0012161619;-0.02199558
0.05776557;0.01347293;-0.044158965
0.014962455;-0.015784156;-0.04704592
0.018219965;-0.003252325;-0.031777363
0.027075972;0.03021064;0.005437486
0.021660777;0.0147935115;0.0023968634
0.017328622;-0.03972769;0.0038706157
-0.0048871026;-0.06303215;0.004658993
-0.003909682;-0.04417572;2.1156912E-4
0.009372255;-0.04159058;-0.0056901197
-0.0112521965;-0.019209962;-0.023692722
0.009748243;0.0096320305;-0.03418855
-0.0047014058;0.028018124;-0.012116467
-0.010011124;-0.0182105;0.009447452
-0.0205089;-0.0520684;0.016932962
-0.01640712;-0.07290472;0.023311995
-0.044375695;-0.031761277;0.035837095
-0.048000555;0.005840979;0.05171655
-0.019650444;0.018735284;0.018326366
-0.040720355;0.024363227;0.014661093
-0.001326285;0.04761558;0.023447623
0.011438972;0.019342465;0.0187581
0.0029011776;-0.009526028;0.013053355
0.002320942;0.0064416775;0.023723934
0.008106753;0.041090842;0.036166646
0.012735403;0.048497673;0.030886443
-0.027311677;-2.6436106E-4;0.014943529
-0.015599342;0.016976012;-0.0032795519
2.05263E-5;0.035455808;0.0012826086
-0.012483579;0.029927148;-0.020067664
0.008763137;0.030191718;-0.014101005
-0.0054894905;0.021028373;-0.02104643
-0.016891593;-0.014427301;-0.028165268
-0.026013274;-0.011541841;-0.03776659
-0.045810618;-0.0061084726;-0.030213272
-0.042898495;-0.026761778;0.0023918825
-0.015568797;-0.024534423;-0.013320869
0.012544963;-0.011815038;-0.048937947
-0.0024640297;0.00929797;-0.02547848
-0.014471224;0.016813375;0.0100859655
-0.005326979;0.0197007;0.004162522
0.020738417;0.02513556;-0.011904357
0.041590735;0.021670949;-0.015382861
0.027022587;-0.0014132413;-0.023634413
0.02786807;-0.03706809;-0.005626281
0.022294456;-0.026529474;0.0146396
0.017835565;-0.01653608;0.004289805
-0.0044815484;-0.039791364;-0.006333781
-0.01608524;-0.049020592;0.017979851
-0.006618191;0.0014085273;0.025712006
0.013455447;0.030814322;0.024475854
0.042014357;0.06527646;0.0023931833
0.027361486;0.056908667;0.019102046
0.01563919;0.020526933;0.0059066373
0.012511351;-0.010140954;0.010194059
0.016259082;-0.008112763;0.027295873
5.0726475E-4;0.010697289;0.014414824
-0.0058441884;0.0148078315;0.0037193587
0.007824649;0.036846265;-0.006399513
9.719552E-6;0.038852014;0.019489765
-0.0062422245;0.03108161;-0.012923813
-0.036243778;-1.3471216E-4;-0.008385926
-0.022745024;-0.023545269;0.0046193847
5.539811E-4;-0.043836217;-0.009585743
4.431849E-4;-0.027256472;-0.015481094
-0.012145452;-0.024930177;0.0028495
-0.022216361;-0.009006643;0.0350921
-0.011523089;-0.025955314;0.05463618
-0.009218471;-0.09732675;0.013240194
-0.007374777;-0.1700489;-0.02964222
0.025350178;-0.13135162;-0.050666902
0.039030142;-0.042581297;-0.057721023
0.037474114;0.06593496;-0.030942442
0.017479291;0.14649796;-0.026316453
0.045233432;0.15157337;0.0035562124
0.0049367463;0.1025087;-0.0010612801
-0.021050602;-0.011743039;-0.018036524
-0.0105904825;-0.10783193;-0.04099172
-0.020972386;-0.07064054;-0.0097465
-0.010527909;0.0044250637;-0.0077972
-0.020922327;0.02697755;-0.00623776
0.020762138;0.012207041;0.0082910415
-0.008390289;0.020703133;0.050773457
-0.019212231;0.054062504;0.023040641
-0.021619786;0.046375006;0.016870013
-0.017295828;-0.026962496;0.02287101
-0.0013366624;-0.043445;0.033531185
-0.00731933;0.019931503;0.013543697
0.006644536;0.0581327;0.0088818325
-0.013434371;0.10431866;0.005152341
-0.023247497;0.06626743;0.015840624
-0.031097997;0.026451444;0.022047497
-0.024878398;-7.1384525E-4;-0.014783876
-0.04490272;-0.050571077;-0.019639602
-0.035922173;-0.068581864;-0.005946056
-0.0037377398;-0.04549049;-0.016475596
0.022009809;-0.002017391;-0.0034148507
0.017607847;0.039011087;0.041408744
0.014086277;0.009333869;0.02726762
0.023769021;0.0027795958;-0.0070921537
0.037765216;0.0069111767;-0.043954972
0.023962174;-0.011658559;-0.037117105
0.0066697393;0.010985653;-0.025787432
0.017835792;-0.0037114776;-0.03586432
0.026768632;-0.054531682;-0.041972708
0.0089149065;-0.038937844;-0.016390666
-0.017868076;0.012599723;-0.018971907
-0.00804446;0.01945478;0.009822474
0.018564433;0.006188823;0.0039517293
0.033601545;-0.03411144;-0.008166742
0.020631237;-0.030414153;-0.026064644
-0.014745011;-0.013393823;2.4203538E-4
7.039914E-4;-0.012277558;-0.009181372
0.019313194;-0.050447047;-0.0034388474
0.015450555;-0.05910764;-7.979529E-4
0.0061104437;-0.01134861;0.006783513
0.004888355;0.020608611;0.0034736851
-0.021089315;0.01961189;0.014497698
-0.023121452;0.032877013;0.032691907
-0.04974716;0.02630161;0.0031066518
-0.02729773;-0.021146212;-0.009233428
0.015661817;-0.00285447;0.034800757
0.012529453;0.018028924;0.0047937306
0.0037735624;0.02223564;3.1935956E-4
-0.00948115;0.04122601;0.013536737
0.01116508;0.05329331;0.008876265
0.008932064;0.042634647;0.007101012
-0.01785435;0.015357718;0.01896206
-0.00803348;-0.004901326;0.009700898
-1.7678327E-4;0.0070164395;0.026901344
-0.025141427;0.030613152;0.038708575
-0.020113142;0.008865521;0.050107483
-0.016090512;0.010217417;0.013132863
-0.01912241;0.008173933;-0.012540584
-0.021547928;0.019039147;0.0036394072
-0.042238344;0.023043817;-0.006854099
-0.027540674;0.016872553;0.0042823455
-0.0032825393;-0.027126957;-0.019620998
-0.027626032;-0.06545156;-0.011790548
-0.009600826;-0.053923752;-0.002010564
0.00481934;0.008423498;-0.014889701
0.010105472;-0.018261202;-0.031052386
0.033084378;-0.03023396;-0.034607533
0.026467502;0.011750331;-0.025732903
0.014924002;0.021900265;-0.026055072
0.0056892014;0.008145212;-0.018890932
0.02955136;-0.05754633;-0.024878372
0.01739109;-0.049162064;0.0031441783
0.02641287;0.0059828483;-0.03185966
0.021130297;0.018848779;-0.0313471
0.023154238;0.055704024;-0.0059370557
0.0060233898;0.08987572;0.046812855
-0.001431288;0.08283807;0.014403409
0.02385497;0.03189546;-0.016992897
0.0065839756;-0.03698363;-0.011641193
-0.0072328197;-0.034274407;-0.022984829
4.6374442E-4;-0.0055445246;0.010518386
0.0066209957;-0.05131062;0.008414709
0.0052967966;-0.0879235;-0.018268233
-0.014512563;-0.043776296;0.002572914
-0.00536005;0.025916463;0.050105207
-0.04178804;0.05198317;0.03031854
-0.045930434;0.044711538;0.026207957
-0.042994346;0.051394228;0.04401324
-0.034395475;0.037990384;0.06802309
-0.027516382;0.0069548064;0.054418474
-0.028263105;-0.017873654;0.04509728
-0.022610484;-0.031486426;0.0017028233
6.616128E-4;-1.8913907E-4;-0.025200242
0.01302929;0.015473689;0.018121056
0.010423432;0.028003952;0.02582497
0.039588746;0.03334066;-0.025433773
0.044170998;0.007922528;-0.035581395
0.047836795;0.026650524;-0.028465115
0.032019436;0.030695418;-0.018865842
0.03811555;0.015181335;-0.020952048
0.03674244;-0.04254243;-0.018714763
0.035643954;-0.040283944;0.0022156888
0.028515162;-0.016602157;-0.030649323
0.01031213;-0.027344225;-0.039753836
0.026999703;-0.05937538;-0.031803068
0.027849764;-0.022500305;-0.03130183
0.02227981;-0.008625244;-0.011369588
-0.019676153;-0.036587697;0.02918558
-0.028240921;-0.058957655;-0.016885912
-0.016342737;-0.08779112;-0.036555603
0.0056758104;-0.0686704;0.012943016
-0.007959352;-0.02368632;0.04082316
-0.012617482;-0.018949056;-0.0017164693
-0.022593984;-0.06359675;-0.022466926
-0.030575188;-0.049314898;-0.0066454154
-0.030710151;0.06836058;0.023589918
-0.02456812;0.10312597;-0.010034316
-0.019654496;0.070000775;0.0036912973
0.015526403;0.12006312;0.03342179
0.006171122;0.14761299;0.03845618
-0.026313102;0.09309039;0.07646807
-0.052300483;0.016659817;0.07094008
-0.048090387;-0.008547147;0.02589269
-0.03222231;-0.031837717;-3.7959855E-4
-7.778466E-4;-0.008282674;-3.0367883E-4
0.043127723;0.049623862;0.03999143
-0.04049782;0.060011588;0.010899396
-0.07614826;-0.03480323;0.050907016
-0.042168606;0.033094916;0.033303738
0.016265115;0.06866343;-0.0061695096
0.013012093;0.053368248;-0.018216858
-0.020840326;0.055194598;0.0026140139
-0.03542226;0.05665568;0.002091211
-0.0095878085;0.043762043;0.009485469
0.011079753;0.0021971338;-0.007646
0.015113803;-0.06699229;-0.01783555
0.024591042;-0.11609384;-0.041221566
0.013422834;-0.09600007;-0.069305375
0.035738267;-0.009612554;-0.020678677
0.059840612;0.021997457;0.0025976838
0.06037249;-0.035527036;-0.034640603
0.05454799;-0.07217163;-0.021853108
0.037388396;-0.0546123;0.011423764
0.042410716;-0.06868984;-0.008048489
0.052678574;-0.051826872;-0.022063792
0.042142857;-0.046149;-0.04226041
0.021214286;-0.0572317;-0.018573951
-0.026778571;-0.04578536;-0.033999786
-0.021422857;-0.011628287;-0.017824829
-0.023388285;0.0125723705;0.006833887
-0.0062106284;0.017870396;0.011326484
0.013781497;-0.027891183;-0.027266938
0.011025198;-0.030125447;-0.014391675
0.0025701583;-0.0116003575;-0.0017477149
0.0020561267;0.0016572142;-0.009210672
0.014144901;-0.0017992286;0.017631462
-0.019934079;-0.004564383;0.025433294
-0.05344726;-0.009901506;0.045346636
-0.03650781;-0.007921205;0.026902309
-0.035456248;0.0139755355;0.007849972
-0.015864998;0.05649293;0.012139353
-0.012691999;0.060819343;0.0018989821
-0.010153599;0.036155473;0.0073785605
0.0043771206;-0.00857562;-0.013237776
-0.0027483036;-0.027172996;0.023784779
0.016551357;-0.020175897;0.03465282
0.019491086;-0.0020782177;0.019909758
-0.0031571314;0.018649926;0.023740306
0.016224295;0.044607442;0.02250787
0.019229436;0.029435953;0.0066781715
0.0091335485;0.009486262;-0.030985588
0.01980684;-0.01428599;0.007633405
0.003345471;0.0010712077;0.013919224
-0.003573623;-0.008518034;-0.03495837
-0.0341089;-0.027126927;-0.041247945
-0.008537118;-0.010764042;-0.019717107
0.024420304;0.014826267;-0.009914311
0.032036245;0.008736013;-0.004025199
0.025628995;0.006988811;-0.003220159
0.014253196;-0.03190895;-0.008435503
-0.007347443;-0.01615216;-0.016514027
-0.0058779544;-0.003546729;-0.01867997
0.014047637;0.009662617;-0.03994398
0.02998811;0.0077300933;-0.031955183
0.030240487;-0.0078784255;0.0049046045
-0.00705761;-0.00630274;-0.0034981912
-0.005646088;-0.028479692;-0.018032929
-0.0045168707;-0.032158755;-0.016379468
0.0026365037;-0.011664503;-0.007634824
-0.022890797;-0.0062066023;-0.0041547343
-0.012062638;0.021597218;0.013863713
0.00284989;0.014152775;0.01890347
0.002279912;0.01132222;0.03035715
-0.02942607;0.021557776;0.04537947
-0.036040857;0.0063087204;0.08630358
-0.022582686;0.0019219765;0.112792864
-0.011816148;0.010912581;0.10390616
-0.02820292;-0.008457435;0.07531243
-0.035062335;-0.020828448;0.089156196
-0.028049868;0.008337242;0.06351246
-0.0036898942;0.03166979;0.04885684
0.009548085;0.023773335;0.04299172
-0.0048615322;0.012768668;0.009393377
-0.022639226;-0.0022850658;-0.028813424
-0.024361381;-0.012765553;-0.057425737
-0.031989105;-0.019587442;-0.013518715
-0.0068412838;-0.025044953;-0.09128372
0.038276974;-0.021598464;-0.1015426
0.09312158;0.074908726;-0.033577833
0.068247266;0.15211448;-0.015143516
0.00459781;0.05137909;-0.019927314
0.009928248;-0.115146734;-0.02531685
0.014192599;-0.12805489;8.4026984E-4
0.030104078;-0.04619391;0.008094091
0.024083262;5.44874E-4;-0.0028997273
0.02551661;-0.0433141;0.0051020933
0.0016632883;-0.054963782;0.007987925
-0.01741937;-0.036158524;0.01967159
-0.013935495;-0.03361432;0.021596646
0.020101603;-0.006578956;-0.013191433
0.016081283;0.0041118353;0.017962478
-0.005884974;0.018914469;-0.0067237667
-0.017207978;0.018256575;-0.018660264
-0.0012663831;-0.013519741;-0.007115711
-0.0072631063;-0.043628294;-0.0021769437
-0.012060485;-0.028652634;0.019352196
-0.028398389;0.013015393;0.042434882
-0.035218712;0.021349814;0.03199478
-0.021924969;0.029579852;0.008408324
-0.036289975;0.008038881;-0.020226466
-0.02278198;0.025181105;0.004912577
-0.030725583;0.018582383;0.011742562
-0.018330468;0.014865907;0.020722175
0.0040856265;0.013455226;0.02048399
0.028268501;-0.0048608193;0.008574692
0.016364802;-0.013263656;0.0013910034
5.918407E-4;0.006576576;0.0011128027
0.0129734725;0.01932376;0.03135899
0.022878777;0.03889651;0.02313407
0.030803023;0.040492207;0.00717913
0.024642417;0.030831266;-0.011444196
0.019713935;0.026227511;-0.040014733
0.015771147;-0.01026799;0.0027538396
-0.024883082;-0.012901892;-0.022796929
-0.0074064657;-0.018134013;-0.022143792
-0.0059251725;-0.03169471;-0.008340034
0.014009862;-0.012855769;-0.0066720275
0.04245789;0.005340385;-0.018618872
0.021466311;0.018334808;-0.0031763476
0.010923049;-0.008769654;0.004880797
0.014988439;-0.008578223;0.011717138
-5.092484E-4;-0.0021750783;0.020701835
0.0120926015;-0.018927563;0.012655218
0.009674081;-0.01670455;0.0066085495
0.007739265;-0.01336364;-0.012291285
0.018691411;-0.010690912;-0.013348653
-0.01004687;-0.00542773;0.017836703
-0.008037496;-0.0074671838;-0.006824388
-0.0064299973;-0.023161247;-0.016787635
0.0011060023;0.0064710025;0.0076636416
0.0071348017;0.016114302;-0.0016815867
-0.0067921584;0.012891442;0.015842231
8.1627315E-4;-0.0068743466;0.010720659
-0.011846981;-0.017999478;0.007014028
-0.0032275852;-0.03783708;0.016939348
-0.008832068;-0.011519666;0.019410852
-0.038315654;0.020471768;0.007716182
-0.0056525236;0.008564914;0.008126071
0.0017279811;0.0084144315;0.027594607
0.007632385;-0.002643455;0.03340381
0.0061059077;-0.003677264;0.017348047
-0.013865273;-0.013879311;0.0021596886
-0.01734222;-0.015790949;-0.015459749
0.017376225;0.002992241;0.0087259505
0.02015098;0.013331293;-0.016066115
0.009870784;0.037227534;-0.01832164
0.0016466271;0.029782027;0.015811436
0.007567302;0.023825621;-0.023678975
0.006053841;0.019060498;-0.018943181
0.0110930735;0.029310899;7.9830614E-5
0.0026244584;0.031261217;-0.0057955105
-0.010400433;0.012508974;-0.015964534
0.010429653;-0.0087428205;-0.022537252
-0.004156277;-0.008556756;-0.014123552
-0.009575021;-0.036532905;-0.035908215
-0.013910018;-0.024538824;-0.023257824
-0.029878015;-0.02431856;-0.010793759
-0.02390241;-0.016329847;0.0144118685
-0.006621929;-0.008376378;-0.01151738
0.0072024567;0.010486398;0.0021142208
-0.0067380345;0.024014119;-0.0057304986
-0.024140427;4.6129452E-4;-0.018256273
-0.013062342;-0.023068465;-0.022026895
-0.029199874;-0.021579772;0.02651911
0.0016401011;-0.023513816;0.036449663
-0.011187919;-0.0016235538;0.03853473
-0.0152003355;0.012763657;0.006218409
-0.012160269;0.0055234255;0.014349727
-0.0034782146;0.0059812404;0.021245407
-0.015282571;0.025097493;-0.0021442994
-0.012226057;0.023202993;-0.03452794
0.015219154;-0.012687605;0.008705773
-0.006574677;-0.027337585;0.03196462
0.013490259;-0.0015575672;0.01033732
-0.0017077931;0.015941447;0.017644856
0.0048837657;0.022128157;0.0086471345
0.022657013;0.045827527;-0.0048010424
0.03062561;0.01791202;0.03248729
0.024500487;-0.0012953836;-0.004478917
0.025850391;0.0052136932;-0.018817509
0.014430312;0.013545955;-0.026772756
0.00529425;-0.004788236;-0.030793205
-0.0270146;-0.006955589;-0.028540814
-0.03411168;-0.0055644712;0.0021673485
-0.002289344;-0.016951578;0.0017338787
0.041918524;-0.008873762;-0.027519148
0.02103482;-0.005536509;-0.027874693
-0.0019221442;0.009633292;-0.014487254
-0.014037715;-0.014168366;0.030597696
-0.0049801725;-0.023834692;0.0033844074
-0.003984138;0.0012447458;-0.0031518491
0.02181269;0.016620796;0.024431646
0.017450152;-0.030453363;0.006264067
0.0014601215;-0.05717519;0.0030581283
-0.011331903;-0.058240153;-0.011225373
-0.027815523;-0.035654623;0.004691577
-0.009752418;0.0058513028;0.036175136
0.010948066;0.0015560421;0.011752609
-0.009991547;-0.017505167;0.0074489624
-0.007993238;-0.014004133;0.015724795
-0.0063945903;-0.0049533066;0.012579836
-0.017615672;-0.0039626453;-0.02274863
-0.0015925379;-0.007857616;-0.00452703
0.02372597;0.0046514072;0.007706501
0.006480776;0.014658625;0.019446451
0.01768462;0.0570394;-0.009052214
0.007897696;0.04563152;-0.0072417716
0.025068156;0.041192718;-0.0022777922
0.020054527;0.06576667;1.3089126E-4
-0.03395638;0.04948834;-0.003801537
-0.033415105;0.008340671;8.650204E-4
-0.007982083;0.012922537;-0.0032142338
-0.018885667;0.02283803;-0.017805763
0.016141467;0.047957923;-0.0103383595
0.012913174;0.02742884;-0.014130062
0.004080539;0.02350557;0.025024075
0.0032644311;0.010991957;0.00673801
0.002611545;0.016606065;-0.007890842
-0.004160764;-0.014840147;0.0050154515
0.0029213887;-0.038434617;0.013777986
-0.01641289;-0.046372693;-0.015930736
-0.0068803113;-0.037098154;0.0024897861
-0.011754249;-0.046866026;-0.005430046
-0.0219034;-0.03124282;0.016749714
-0.02377272;-0.014056755;0.03449352
-0.019018175;-0.029995404;0.021735441
-0.0027145403;-0.020871324;0.028716478
-0.0021716324;-0.008884558;-0.013354942
-0.0017373059;-0.013357647;-0.031777702
0.0048601553;-0.048186116;-0.008234663
0.010138124;-0.051048893;0.012552895
-0.0043895007;-0.015839115;6.6731556E-4
0.0027383994;-0.006421292;5.3385244E-4
0.00844072;-0.0051370338;0.004333332
-0.011997424;0.002140373;-0.008252084
0.015402061;0.0345248;-0.023789167
0.018571649;0.047932338;-0.015125084
0.03360732;0.028970871;-0.014053192
0.014385855;-0.011198304;-0.011242554
0.005258684;-0.03239614;-0.022275293
0.010456948;-0.008729414;-0.0025858595
0.0021155577;-0.0054210313;-1.15562536E-4
0.014192446;0.001913175;-0.023139326
0.036353957;0.03590554;-0.028277084
0.041583166;0.044349432;-0.001527918
0.045766532;0.049542047;0.0026839157
0.036613226;0.014633637;0.0021471325
0.01054058;-0.008605591;0.003670831
-0.016567536;-0.025634473;9.835397E-4
-0.025754029;-0.029882578;0.016021207
-0.045603223;0.008906437;-4.6428453E-4
0.007267422;-0.00693735;-0.015605803
0.012063937;-0.01492488;7.9660787E-4
-0.00284885;-0.015064904;0.02759041
-0.03352908;-0.021426924;0.058400456
-0.058073264;-0.034329038;0.046720363
-0.05270861;-0.06496323;0.010423166
-0.04841689;-0.047283083;0.031385407
-0.038733512;-0.037826467;0.025108326
0.006513191;-0.028698673;-0.0010070892
-0.0072894474;-0.03702144;-0.014086922
-0.012081558;-0.0061796517;0.011777338
-0.022165246;0.013806279;-0.00776563
-0.023982197;-0.007704977;-0.010118754
-0.012935758;-0.0030389815;0.005186247
-0.010348606;0.016318815;0.010008372
-0.0020288848;0.031805053;-0.016993301
0.017126892;0.036381543;-0.0038290166
0.032451514;0.043167733;-0.016735088
0.025961211;0.067346685;-0.0075286957
0.05201897;0.06481485;0.0017895435
0.06661517;0.058101878;-0.014193365
0.02204214;0.043356504;-0.03244844
0.03638371;0.048747703;-9.587537E-4
0.029106969;0.024935663;-0.016001377
0.004535576;-0.0050514704;-0.0069417274
-0.0026215394;-0.018103676;-0.007506507
-0.0145972315;-0.01760794;0.0072760447
-0.017927784;-2.3852746E-5;-0.009413539
-0.014342228;-1.9082197E-5;-0.032530833
0.013526217;0.023422234;-0.01079029
-0.001679026;-0.015637213;-0.008632232
-0.007593221;-0.01719727;-0.012374536
-0.012324576;-0.040320314;0.0014284964
0.008890338;-0.032256253;-0.006669703
0.013362271;-0.0398675;-0.0033826374
-0.014310183;-0.0334565;0.0031532652
0.0010518534;-0.018952701;-0.0013836379
0.0070914826;0.02390034;0.0067055896
0.018173186;0.023807772;0.028411347
-0.0104614515;0.006546217;0.037963454
-0.03336916;-0.032263026;0.017089512
-0.05169533;-0.013310421;0.026952859
-0.016356263;-0.0012733369;0.027421663
-0.0068350104;-0.0057061696;0.01412483
0.0070319916;-0.010814936;0.0019248641
-0.0068744067;0.0022855515;-0.014085108
-0.024249526;0.019015942;-0.011268087
-6.4962025E-4;0.008962753;0.017938655
-5.196962E-4;0.008732703;0.014350925
-0.006665757;0.019486163;0.02085574
-0.030332606;0.0062139295;0.011215841
-0.030516084;0.009658644;-0.029308576
-0.030662868;0.018664414;-0.008212486
-0.012030294;0.019619033;-0.017898114
-0.0033742352;0.025070226;-0.020177865
-0.015199388;0.02786868;-9.0791803E-4
-0.0059095104;0.020732444;0.0051330407
-0.0047276085;0.013460956;-0.009565443
0.03371791;-0.014231236;0.027113272
0.02697433;-0.017634988;0.031065617
0.021579465;0.012454509;-0.0017100066
0.01726357;0.031838607;0.011913245
0.038810857;0.034845885;-0.019375654
0.056048688;0.024751708;1.2447663E-4
0.04483895;0.008863867;-0.005759794
0.023371158;0.013341093;-0.00656096
0.0061969273;0.0028603747;-0.005248768
0.011207541;-0.0258367;-0.023339638
0.008966033;-0.06285686;-0.0014842115
0.0071728267;-0.06434799;-0.020327995
-0.019261738;-0.0061658905;-0.02759052
-0.034159392;-0.0018077124;-0.02793179
-0.033577513;1.16330106E-4;-0.035626683
-0.03311201;-0.015531936;-0.040220097
-0.007739608;-0.037425548;-0.030222952
0.0063083135;-0.025252938;-0.0030846116
-0.0074533494;-0.028014852;-0.0024676893
-0.01221268;-0.02084938;-0.0308804
0.0027298564;-0.008867005;2.956788E-4
0.008433885;-0.005531104;-0.011091582
-0.018252892;0.009637617;0.004407984
-0.0021023136;0.0045850934;0.016807638
0.0045681493;0.016168075;0.032586735
0.0036545193;0.02074696;0.018647512
0.015423615;0.016597567;0.01882426
0.024838893;-7.8444567E-4;0.04552816
0.032371115;-6.275565E-4;0.027047526
0.013396891;-0.0036270453;0.046247397
-0.0017824871;0.008035864;0.021763543
0.01107401;0.02049119;0.019363958
-0.016140793;0.027330453;-0.0056025833
-0.025412634;0.004676862;0.014658558
-0.026580106;0.01311649;0.038679972
-0.027514085;0.033930693;0.017272102
-0.028261269;0.024019554;0.011864557
-0.016359014;-0.0120343575;0.009491646
-0.013087212;-2.5248577E-4;-0.022875434
0.0020302306;0.020110512;-0.0011128468
0.020374184;0.02546341;-0.0028434026
0.016299348;0.020370727;-0.025321597
-0.011960522;0.014734082;-0.0046322774
-0.009568417;0.0024122654;-0.020893322
-0.013904734;0.019117313;-0.034292784
0.026376212;0.02154385;-0.013762351
0.04610097;0.00786008;-0.024681756
0.011880776;0.0094130635;-0.03107353
0.022004621;0.0075304513;-0.017046323
0.023853697;-0.034600638;-3.5580902E-4
0.012832957;-0.02768051;0.016902853
0.0102663655;-0.008081909;0.0076629072
0.014463093;-0.012715527;-0.011057174
-0.0071795257;-0.025797421;-0.024080114
-0.02449362;0.0074870624;-0.015357842
-0.0070948964;0.00286465;-0.010333148
0.013074082;-0.02427078;-0.0027977685
0.016709266;-0.039729126;-0.007706965
-0.005382587;-0.0520958;0.022350052
-0.010556069;-0.02917664;0.03311442
-0.020944856;-0.013966312;0.04016341
-0.016755885;-0.0017980492;0.020411978
-0.019654708;0.0048115607;0.0089077065
0.009276234;0.036661748;-0.013967585
0.019920988;0.0465169;0.0021071823
-0.0028132102;0.004401019;0.005591996
-0.0022505682;0.0035208152;0.004473597
-0.008050455;-0.028433347;0.024672627
-0.018940363;-0.018059177;0.031066228
-0.015152291;-0.022259843;0.030712357
-0.005871833;-0.005307874;0.041757386
0.0015525338;0.0270037;0.031452782
0.026242027;0.04035296;0.0021153516
0.027243622;0.040094867;-0.019401468
0.009294897;0.033638395;0.009478825
0.019935917;0.023785716;-0.00569819
0.0034487343;2.7857267E-4;-0.017839802
-0.009741013;-0.016964642;-0.027943717
0.0047071897;-0.018259214;-0.020401848
0.0037657518;-0.03804487;-0.0046027284
0.0155126015;-0.016373396;-0.03454156
-8.991875E-5;0.0040887827;-0.004586371
-0.025071936;-0.013916474;-0.003669097
-0.03880755;-0.026758179;-9.821526E-4
-0.024796039;-0.022969043;0.020308027
0.0051631695;0.0050622653;-0.008753577
0.016630536;0.0056123124;0.019950263
0.025804428;-0.01738515;0.048382085
-0.0043564574;-0.08265812;0.059799418
-0.009735166;-0.081751496;0.061120786
0.017211867;-0.054463696;0.014521628
0.038769495;-0.034195956;0.061617304
-0.006484405;-0.083606765;0.020387592
-0.017687524;-0.085635416;-0.16376805
-0.007900019;-0.06850833;-0.19624881
-0.018820016;0.023318335;-0.24488968
-0.0025560122;0.26084217;-0.11934924
0.04170519;0.47117373;0.04241123
0.07086415;0.436314;0.055022735
0.03794132;0.20842619;0.0057369377
-0.032146942;-0.042634048;-0.018457325
-0.06946755;-0.17160724;-0.037812736
-0.055574045;-0.1669733;-0.032203313
-0.025709234;-0.11326613;-0.00857515
-0.020567387;-0.1062379;0.037280504
-0.04145391;-0.06936532;0.11810566
-0.033163127;0.01013274;0.1097189
0.0047194976;-0.08251881;0.041681368
0.016275598;-0.13632755;0.01811072
-0.0057295216;-0.04656204;0.052769825
-0.017083617;0.03931287;0.019168986
-0.0011668939;0.018950297;0.025100814
0.017816486;-0.006714763;-0.004919349
0.008003188;0.04150319;-0.013310479
0.0064025503;0.09882755;-0.028226508
0.01762204;0.10093704;-0.033909332
0.03284763;0.06356213;-0.023221215
0.038778108;0.016474707;-0.049436346
0.018522484;0.011617266;-0.050877202
0.014817988;-0.015706187;-4.673873E-4
0.03060439;-0.10318995;-0.02146766
0.030733513;-0.18411446;-0.06873663
-4.1319028E-4;-0.09416657;-0.047567427
-0.025330553;0.07154175;-0.040007066
0.010985558;0.1884834;-0.045286905
0.027538447;0.21016172;-0.04013577
0.07203076;0.032191873;-0.034061745
0.032624606;-0.15549651;-0.052249394
-0.023900315;0.0334153;-0.03203389
-0.06287025;-0.037330262;0.012654138
-0.1127962;-0.19080171;0.058170184
-0.09648696;-0.12295387;0.034817398
-0.07718957;0.045386907;0.06613517
-0.030501656;-0.018377975;0.02986126
-0.005651324;-0.15063988;-0.0065797423
-0.01702106;-0.120511904;-0.01659192
-0.0011168475;0.030152977;-0.00194541
0.011606522;0.13662238;0.023443673
0.028035218;0.1514854;0.047270562
0.041178174;0.077438325;0.06867582
0.014192539;-0.027111841;0.00494066
-0.019895969;-0.043564472;0.0019994031
0.009083225;-0.005164078;0.030505773
0.02601658;0.019306237;0.056826495
0.008313264;0.03106999;0.014992445
0.019150611;-0.06420651;-0.01105292
-0.009679511;-0.09355271;-0.024076711
-0.03274361;-0.021717165;-0.030980118
-0.007444887;0.048251268;-0.01892472
0.04404409;0.055788513;-0.04756165
0.060235273;0.04463081;-0.03258057
0.023188218;0.004454649;-0.0069238315
0.018550575;-0.05268628;-0.032101564
0.027340459;0.007850976;-0.004587502
0.015622367;0.10159328;0.011564373
0.018747894;0.048462123;-0.01965475
0.014998315;-0.0331053;-0.019239426
-0.006751348;-0.04210924;-0.034532167
-0.005401078;0.014750107;-0.029578857
-0.010570862;0.041487586;0.010711914
-0.027206691;0.030065069;0.023803907
-0.028015353;0.006864555;0.06904312
-0.04741228;-0.027320856;0.06070325
-4.2982533E-4;-0.064044185;0.0122344745
0.02465614;-0.16061035;0.007834455
-0.0052750884;-0.109738275;0.06368944
-0.02922007;0.026271878;0.075951554
0.014123944;0.110080004;0.06076124
0.023799155;0.0771265;0.03337462
0.025289323;0.0023262012;-0.004159681
-0.01726854;-0.015326539;-0.0048902445
-0.020064833;0.020551268;0.02069718
-0.016051866;0.033628516;0.04351087
-0.006591493;0.003465312;0.009808695
-0.030273193;-0.03316525;0.011753206
-0.0054685553;-0.0234072;-0.013644311
0.014375156;0.03283674;0.046506427
0.0052501243;0.14970689;0.014158267
-0.0082999;0.011953013;-0.013282762
-3.8992031E-4;-0.12012509;0.0085144155
0.018438064;-0.06328757;-0.012329092
0.02100045;-0.014692557;-0.017675774
0.02305036;0.06637096;0.06632813
0.030940289;0.13434677;-0.00826562
0.031002231;-0.08471009;-0.05075312
0.024801785;-0.19745557;-0.042555623
0.026091428;-0.070464455;-0.056700747
0.03962314;0.071753435;-0.026219973
0.044198513;0.08396525;0.009492772
0.016608812;0.014047198;-0.043968283
0.0070370487;-0.021574741;-0.019940251
0.005629639;-0.017259793;-0.015952202
-0.0017462887;0.033067167;-0.0147148855
-0.013897031;0.021766232;0.0054155914
-0.017367626;-0.035712015;0.006285598
-0.0013940998;-0.08169461;0.012840979
-0.0011152799;-0.1528557;0.048554033
0.0053577763;-0.22072205;0.056030728
-0.008213779;-0.14845264;0.07919958
-0.037821025;-0.020324612;0.1496878
-0.13025682;0.1493653;0.16506273
-0.12920545;0.26949224;0.10587831
-0.009614364;0.26246879;-0.030141102
0.07980851;0.12872504;-0.15653476
0.05134681;-0.05795747;-0.2439778
0.034827445;-0.071365975;-0.23522131
-0.009638043;-0.00865528;-0.11532548
-0.051460434;-0.0022367241;-0.05983851
-0.041168347;0.0044606207;-0.017402058
-0.076684676;0.0754435;0.013031478
-0.08009774;0.1603548;0.06589393
-0.032828193;0.16109633;0.07771514
0.048737444;0.09606457;0.07740649
0.057739954;0.09091415;0.08692519
0.033691965;0.014918825;0.09805578
-0.0042964285;-0.09587744;0.101491496
-0.07218714;-0.13607696;0.18236507
-0.08274972;-0.08854906;0.035345186
-0.034949772;-0.15208925;-0.038911354
-0.002959817;-0.2263589;-0.06355096
0.016382147;0.017350381;-0.09498139
0.044355717;0.4388803;0.09081176
0.11048457;0.39016673;0.09530566
0.025887659;-0.051929105;-0.10930235
-0.073039874;-0.35560578;-0.21205126
-0.064681895;-0.21885963;-0.17550038
0.010754481;0.1170998;-0.1419628
0.064853586;0.24367984;-0.06982024
0.05813287;0.17150638;-0.07694995
0.021506295;0.043455098;-0.09788808
-0.032794964;0.0019515773;-0.1413964
-0.0012359716;0.017186262;0.04020319
0.030261222;-0.1971885;-0.08854057
-0.07579102;-0.3186883;0.022917543
-0.029382817;0.09036186;0.21755278
0.08274375;0.29416448;0.15490161
0.053694997;0.06658159;0.15439004
-0.038294002;-0.10767222;0.054762024
-0.0681352;-0.10176278;0.11451275
-0.04200816;-0.015785223;0.1587977
-0.0023565292;0.018621821;0.031335033
0.0043647764;-0.106977545;0.0020211507
-0.0027581789;-0.15901953;-0.042523704
-0.014706543;-0.08502813;-0.034018964
-0.0055152345;0.011664998;-2.6204588E-4
0.014337813;0.124956995;0.03221224
0.02397025;0.1202781;0.08514479
0.0066762;0.11184748;0.16381896
-0.01340904;0.097290486;0.21543017
-0.029477231;0.079394884;0.09578163
-0.029831786;0.05414091;-0.06517157
0.0011345715;0.06206273;-0.15174663
0.032157656;0.016837683;-0.2151473
0.044476125;-0.20215486;-0.2717272
0.0668309;-0.33984888;-0.3552724
0.04721472;-0.3953166;-0.17308511
-0.018478224;-0.22250329;0.08750848
-0.03353258;0.111059874;0.14266303
0.048173938;0.3154104;0.083661675
0.05728915;0.40389082;0.02864809
-0.0041686804;0.37155014;0.0037778472
0.021665055;0.15661512;-0.0622121
0.042332046;-0.1700204;-0.057582177
0.008865636;-0.26726633;-0.0019251173
-0.05540749;-0.12631306;0.028928656
-0.038075995;0.06769955;0.038767926
0.0070392056;0.15728465;0.03648309
0.024381364;0.071140215;0.048327096
0.02575509;-0.022775328;0.010146053
-0.023145927;-0.09009526;0.002257467
-0.07476674;-0.04707621;-0.036475275
-0.0660634;-0.011098468;-0.040508345
-0.021600714;0.019246226;0.030874573
0.0077194283;0.02164698;0.08016841
-0.012574458;-0.0108074155;0.083275355
-0.060059566;-0.036770932;0.12208903
-0.07304765;0.015895754;0.1379056
-0.03968812;0.059591603;0.16579323
0.005749502;0.11329828;0.13654083
0.023349602;0.071888626;0.085795164
0.06242968;-0.0362391;-0.08605137
-5.6254827E-5;-0.20555378;-0.091887966
-0.093795;-0.2566305;-0.0254635
-0.062536;-0.028741919;-0.03208955
0.0562212;0.18481897;0.01651586
0.069976956;0.20098017;-0.0039748116
-0.012768433;0.14047164;-0.030132974
-0.03521475;0.00143981;-0.041293878
0.034328204;-0.036348153;-0.03498823
0.07746256;-0.019703522;-0.026037458
0.03697005;-0.039200317;0.0022169086
-0.01417396;-0.10479775;-0.0517421
-0.017589169;-0.1135257;-0.08748743
0.023428665;-0.07832056;-0.098505564
0.062492933;-0.04859395;-0.05028883
0.043744344;0.01112484;-0.019137314
0.028745476;0.13546237;-0.015309851
0.02299638;0.1614949;-0.060294755
0.037147105;0.08388342;-0.0826108
-0.007782316;0.078044236;-0.04694802
2.414725E-5;-0.020377113;-0.058652166
-0.024980683;-0.08661419;0.005031393
-0.057484545;0.013521148;0.0059782397
-0.039737638;0.023316918;8.763416E-4
-0.0067901094;-0.017283965;0.023747949
0.0070679127;0.018985327;0.028373359
-0.02559567;0.074563265;0.014886186
-0.039226536;0.07683811;0.0314402
-0.03763123;-0.008842012;0.03452716
-0.048854984;0.0148013905;0.056527976
-0.045333985;-0.014721388;0.026081758
-0.02376719;-0.07896461;0.038052905
-0.019013751;-0.063171685;0.030442325
-0.027711;-0.04897485;0.031775735
-0.0596688;-0.03292988;0.025420588
-0.06648504;0.015843596;-0.008179155
-0.08443803;0.040799875;-0.020215198
-0.048800427;0.0529524;-0.037265908
0.010959659;0.05329942;-0.018093977
0.027517727;0.08170204;0.060134195
0.022014182;0.07629913;-0.041736394
0.08636135;0.025101803;-0.11581099
0.087839074;-0.022106057;-0.08327379
0.0015212612;-0.075497344;-0.05294716
-0.061282992;-0.118210375;-0.0021233526
-0.024026392;-0.0367558;-0.041933056
0.13077888;0.031532858;-0.058546446
0.2046231;0.042413786;0.012537844
0.07619849;0.05893103;0.00807715
-0.07029121;-0.0122301765;-0.04510078
-0.062482968;-0.04415914;-0.076315
0.0062636253;-0.05876481;0.017463626
0.0550109;-0.03294935;0.107720904
-0.0059912796;-0.12948447;0.08031735
-0.023543024;-0.18483758;-5.8987364E-4
0.01866558;-0.107245065;-0.006331274
0.064932466;0.011078946;-0.053111896
0.04569597;0.044800658;-0.06905202
0.024056777;0.029590525;-0.034147862
0.019245422;0.09554742;-0.023802664
-0.009603662;0.16550043;-0.024510881
-0.0076829297;0.13240035;-0.017655581
0.006353656;0.06373278;-0.02389009
0.030082924;0.038486224;0.009794178
-0.04468366;0.041726477;0.11681972
-0.11074693;0.017756183;0.1125964
-0.10109754;-0.049857553;0.05570212
-0.012128034;-0.18519855;4.2107052E-4
0.027797572;-0.24347134;-0.028178768
-0.027761942;-0.17602707;-0.005355515
-0.022209553;-0.015821654;-0.031237537
0.04473236;0.10921767;-0.05936503
0.073285885;0.07956164;-0.011163899
0.021128708;-0.059788186;0.05435013
-0.058097035;-0.06814305;0.031761356
-0.083977625;0.047048062;0.060174707
-0.054682102;0.13920096;0.11884289
-0.03124568;0.15354826;0.06616806
0.06250346;0.072838604;0.0740282
0.08125276;0.036395885;0.055706937
-0.0037477887;0.03224171;0.02894055
-0.102998234;0.03516837;-0.009269436
-0.06364858;0.07032219;-0.009368674
0.011581132;0.051570255;0.009692561
0.0030149058;-0.0665563;-0.01880845
0.0024119245;-0.11574504;-0.038093638
0.03317954;0.0011539704;-0.036334284
0.05154363;0.038423177;-0.036879927
-0.008765095;0.027613541;0.0072148084
-0.019512076;0.13459083;0.019053096
0.015640339;0.21548517;0.0054768524
0.075012274;0.11613813;-0.043274768
0.07875982;-0.07427699;-0.07680731
0.006757854;-0.25785908;-0.13800836
-0.044593718;-0.21722478;-0.09126606
-0.041924972;-0.04721732;0.016830904
-0.02103998;0.0012886435;0.091980346
0.033168018;0.055718414;0.08920928
0.082784414;0.17426223;0.088554926
0.06622753;0.13784729;0.074359566
0.0029820246;0.03527783;0.05011265
-0.04761438;-0.059277736;0.015090121
-0.038091503;-0.12554719;0.037072096
-0.030473202;-0.11762525;0.044892054
-0.0056285625;-0.056600202;0.012866767
-0.01700285;-0.04371766;-0.02603471
-0.04485228;-0.04434913;-0.018874643
-0.023381824;-0.024541803;-0.022912215
-0.006205459;0.0038040574;-0.03161102
