0.0034199273;0.029070372;0.009814217
-0.0035140582;0.023256296;0.007851373
-0.021561246;0.029542537;0.033234224
-0.010998997;0.02363403;0.007056129
0.016200801;0.009532223;-0.015058221
0.025460642;0.020125778;-0.048765328
0.051618513;0.028600624;-0.023387263
0.06004481;0.029130498;-0.0073816846
0.04803585;0.026429398;-0.03832722
0.032178678;0.022706019;-0.015427403
0.050742943;0.041602314;-0.041248173
0.040594354;0.03328185;-0.03299854
0.038725484;0.021937981;-0.01858633
0.049730387;-0.0027621146;-0.014869064
0.03353431;-0.010022191;-0.036895253
0.008077447;-0.017392753;-0.04279745
0.012711958;-0.040476702;-0.04751921
0.016419567;-0.044881362;-0.03801537
0.0068856534;-0.03903009;-0.0151779195
-7.414775E-4;-0.057786573;-0.010189211
-5.93182E-4;-0.06341676;0.0012236312
-0.019224545;-0.039795905;-0.004489845
-0.021629637;-0.049024224;-0.0114043765
-0.02980371;-0.07671938;0.0022046242
-0.030092968;-0.0645005;0.0037168243
-0.042824373;-0.081287906;0.0068797097
-0.028009498;-0.07909282;0.035972517
-0.0474076;-0.088274255;2.6238908E-4
-0.06917608;-0.078431904;0.03458491
-0.061590865;-0.053370524;0.029621053
-0.024272691;-0.03019642;0.025649969
-0.03816815;-0.005407136;0.037707474
-0.018034521;0.019111792;0.028212855
0.004322382;0.023101933;0.02452341
0.009707906;0.040356547;0.021571852
0.014016325;0.024472738;6.998158E-5
0.02371306;0.02270319;0.009430985
0.018970449;0.0056625516;0.045826036
0.021426357;0.024842542;-0.0016204194
0.035891086;0.041749034;0.031516165
0.05996287;0.055274226;0.03068168
0.041720297;0.07078188;0.011264095
0.008376236;0.098813005;0.020730026
-0.018299012;0.07905041;0.024005895
-0.0083892085;0.036677822;-0.009310909
-0.019211367;0.027779758;-0.036354978
-0.021619093;3.4880682E-4;-0.021271482
-0.011045275;0.0049665454;-0.01897031
-0.00258622;0.010223236;-0.024941873
-0.002068976;0.011303589;-0.027375374
-0.02665518;0.01841787;-0.014478424
-0.015074145;0.050671797;-0.019004613
-0.012059316;0.04522494;-0.009734942
-0.009647452;0.04086745;-0.030444203
-0.026467962;0.03738146;-0.032167863
-0.01492437;0.040842667;-0.031593665
0.025560504;0.035799135;-0.021368682
0.032948405;0.0067643076;-0.06670432
0.026358724;-0.018026054;-0.043988455
0.021086978;-0.014420843;-0.02542514
0.035619583;0.0056508253;-0.030105738
0.040995665;0.00608316;-0.02799084
0.039046533;0.0033040282;-0.026298922
0.037487227;-4.8177736E-4;-0.04174226
0.023739781;-0.020697922;-0.06425318
0.031491823;-0.044683337;0.004066202
0.01894346;-0.05762167;0.018487336
-0.003595232;-0.052347336;-0.0023976306
-0.0028761856;-0.065315366;0.034800645
-0.021050949;-0.039752293;0.04307489
-0.04184076;-0.031801835;0.024694288
-0.03347261;-0.04262897;0.03147418
-0.020528086;-0.046603177;0.046273094
-0.041422468;-0.02947004;0.058112226
-0.033137973;-0.025138533;0.071099155
-0.02651038;-0.020110825;0.089691825
-0.058708303;-0.03171366;0.08308159
-0.028216643;-0.031620927;0.066465266
0.027426686;-0.0065467427;0.07231284
0.01569135;-0.016174894;0.07503777
0.025053078;-0.030127415;0.06003022
0.026292464;-0.017851932;0.0749773
0.02728397;-0.018969046;0.07716934
0.034327175;-0.015175236;0.05782922
0.05246174;0.0050473106;0.017747752
0.048219394;0.05403785;0.008338827
0.044825513;0.041667778;0.014483561
0.06086041;0.044271722;0.0037743489
0.04868833;0.058854878;-0.010261771
0.020200664;0.050208904;0.02421246
-0.0025894693;0.06360462;-0.032192532
0.022928424;0.057133697;-0.05270715
0.0058427397;0.08164446;-0.0745876
0.017174192;0.08094057;-0.1288107
-0.005010647;0.10537745;-0.12414231
0.008491483;0.098364465;-0.1032201
5.4318615E-4;0.10994157;-0.080622956
-0.03081545;0.07701576;-0.052779615
-0.02465236;0.049112603;-4.2681585E-4
-0.02597189;0.023665084;-0.0038570778
-0.014527511;0.014244567;-0.008945038
-0.011622009;0.0020206536;-0.02434353
0.009452393;-0.004633477;-0.010099824
-0.017438086;0.019730719;-0.008079859
-0.05145047;-0.0014029254;0.020489238
-0.07866038;-0.00737234;0.02967264
-0.1004283;-0.021522872;0.060066238
-0.09284264;-0.023468297;0.08281861
-0.09302411;-0.028149638;0.07562989
-0.04941929;-0.04283221;0.039410163
-0.04578543;-0.03270327;0.037387505
-0.049128346;-0.010537615;0.03967563
-0.08305268;-0.013117592;0.056349877
-0.07894214;-0.027681574;0.08140803
-0.07565371;-0.04714526;0.12801705
-0.06677297;-0.075216204;0.13131988
-0.078418374;-0.077360466;0.09021216
-0.0752347;-0.04157587;0.0026384783
-0.04143776;-0.022323199;-0.04710797
-0.0019002086;0.0024539416;-0.06854575
0.042229835;0.053525653;-0.062258475
0.058783866;0.058445524;-0.038478654
0.109527096;0.031131418;0.045388952
0.10637167;-0.020407366;0.05974866
0.07884734;-0.07101339;0.036080178
0.05057787;-0.045873214;-0.06097961
0.015462297;-7.6107116E-4;-0.09487744
0.043619838;0.044703644;-0.11613632
0.08489587;0.054512914;-0.104237184
0.061666697;0.009235332;-0.07753037
0.04308336;0.0011382652;-0.04678992
0.059466686;0.014973112;-0.029619439
0.047573347;0.01979099;-0.041273676
0.05055868;-0.0138547085;-0.034972064
0.034196943;-1.4626655E-4;-0.062352654
0.021107554;-0.007929513;-0.040116496
0.029386044;-0.0063436106;-0.05514007
0.029758835;0.013675111;-0.044112056
0.017557068;0.03437759;-0.03724277
0.026545655;0.03843957;-0.008700467
0.021236524;0.016689157;-0.014772873
0.004489219;-7.1117433E-4;-0.009865174
-0.002658625;-0.03338144;-0.01726714
0.0041231;-0.03764265;-0.036860585
0.02204848;-0.030114122;-0.025582219
-0.007361216;-0.006903797;-0.02632515
0.0066110273;-0.021148037;-0.048013244
0.017788822;-0.01379343;-0.03255122
0.014231058;-0.014159744;-0.006900352
0.011384846;0.0074222046;0.0042453436
-0.0033921232;0.020000264;0.004958775
-0.0464637;-0.002749789;0.02349827
-0.030920958;0.007175169;0.022314241
-0.043486767;0.018240135;0.033476394
-0.034789413;0.028654609;0.040062364
-0.04033153;0.032298688;0.045331143
-0.051015224;8.3894917E-4;0.07259304
-0.04706218;-0.02432884;0.07526193
-0.037649743;-0.019463073;0.060209543
-0.055119794;-0.024945458;0.07707389
-0.050345834;-0.043393865;0.065565355
-0.02777667;-0.06909009;0.059874162
-0.040971335;-0.067772076;0.057664953
-0.026527068;-0.05265516;0.084413216
-0.021221654;-0.053061627;0.06557745
-0.029477324;-0.0408868;0.05441508
-0.029831858;-0.023334442;0.072438315
-0.011365487;-0.0077300533;0.054044403
0.03465761;-0.007746543;0.029563647
0.058976088;-0.0046347342;0.016229043
0.05343087;0.0025422126;-0.010063641
0.061494697;-0.00577873;-0.025238413
0.04919576;-0.013997984;-0.01081573
0.033106606;0.021614112;-0.031308834
0.06398529;0.0126037905;-0.09223457
0.08243823;0.005395532;-0.100740775
0.06595058;0.005878926;-0.09387387
0.046510465;0.017203141;-0.08486472
0.05595837;0.035637513;-0.069454275
0.038516697;-0.01211499;-0.044235297
-0.012936641;-0.05344199;-0.06781011
-0.029099314;-0.031816095;-0.06401371
-0.05452945;0.029234625;-0.060585972
-0.07487356;0.0530752;-0.037140653
-0.10364885;0.03152266;-0.012525022
-0.10166908;-0.038844373;-0.010020018
-0.100085266;-0.054512996;-0.017391015
-0.07381821;-0.096735395;0.024368439
-0.021554569;-0.052388318;0.038635377
0.0140063455;0.008089345;0.042236425
0.004955076;0.011158976;0.074023515
-0.02103594;-0.022322819;0.09750006
-0.02932875;-0.011608255;0.06081255
-0.023463001;0.007900896;0.08107191
0.0062295995;0.023508217;0.059388783
-0.03251632;0.04380657;0.030323526
-0.044763055;0.04285776;0.056680694
-0.029560445;0.056161206;0.049250808
-0.029898357;0.06524146;0.01635377
-0.0051686848;0.081880674;0.0130830165
0.008365052;0.09206704;-0.03367421
0.031692043;0.11115363;-0.013658119
0.050353635;0.1389229;0.0027453792
0.08403291;0.14082582;-0.0036630717
0.12972632;0.118910655;0.0029289178
0.14753106;0.107628524;0.004296259
0.16802485;0.07360282;-0.012187992
0.15941988;0.015132258;-0.040219143
0.11503591;-0.053519193;-0.03022219
0.035778724;-0.049065355;-0.062459003
-0.021377021;-0.050189786;-3.578268E-4
-0.042101618;-0.07140183;0.0055731134
-0.058681294;-0.06493396;0.0044584908
-0.059445035;-0.04413467;0.009426167
-0.060056027;-0.039995234;0.011447184
-0.085544825;-0.04449619;0.012673372
-0.05593586;-0.06840945;-0.022283178
-0.032248687;-0.06879006;-0.006498417
0.02420105;-0.07221955;0.008473142
0.05686084;-0.06558814;-0.008846487
0.095488675;-0.03528301;-0.0012178144
0.10764094;-0.03291391;0.022072624
0.123612754;-0.041956127;0.032892473
0.1113902;-0.0445024;0.049360853
0.07036216;-0.05903942;0.026207434
0.031289726;-0.10191904;0.0072940714
0.031281784;-0.11747273;-0.030492868
-0.018724574;-0.12366568;-0.04744117
-0.06497966;-0.10205755;-0.01881231
-0.05198373;-0.103521034;-0.018565474
-0.04783698;-0.04844183;0.015616371
-0.050769586;-0.018440964;0.008586847
-0.05311567;0.027434729;0.056869477
-0.061242536;0.06569778;0.054870583
-0.036494028;0.094745725;0.020849591
-0.029195223;0.09767158;-0.0024609524
-0.054606177;0.09844977;-0.005484387
-0.06243494;0.08188481;-8.718846E-4
-0.062447954;0.08425785;0.0071149925
-0.056208365;0.10178128;0.005691994
-0.06996669;0.10955002;0.017834846
-0.08097335;0.08764002;0.050986625
-0.064778686;0.06542452;0.01969555
-0.033072945;0.05858961;0.02122519
-0.038958356;0.05624669;0.028698903
-0.031166686;0.041872352;0.015146622
-0.03743335;0.022560382;0.0027422977
-0.023696678;0.018048305;-0.013431162
-0.018957343;0.030063644;0.033395696
0.016084125;0.028738415;0.020857181
0.031617302;0.026115732;0.02410762
0.02529384;0.022455085;0.01577047
0.026485072;-0.0039109313;0.027850753
0.014938058;-0.023441246;0.039468102
0.024450446;-0.0046904963;0.026105732
0.019560358;-0.008439897;-0.0025529151
0.028148286;-0.050501917;-0.0149329575
0.03501863;-0.035714034;-0.034993242
0.015514903;-0.037946228;-0.05494772
0.006161922;-0.052231982;-0.05919255
0.004929538;-0.09647308;-0.05516654
0.00394363;-0.091240965;-0.06522698
0.009404904;-0.06518027;-0.09046283
0.007523923;-0.09901922;-0.07393277
-0.0064808615;-0.06827787;-0.09391184
0.01981531;-0.0546223;-0.119270094
0.034602247;-0.03276034;-0.12197858
0.0651818;-0.03245827;-0.11477036
0.06464544;-0.04159162;-0.08439442
0.032966353;-0.028585793;-0.07298428
0.02637308;-0.024431136;-0.06619993
-0.016401535;-0.05235741;-0.029913066
-0.025621228;-0.030948427;-0.031742953
-0.032996982;-0.016946241;-0.032816235
-0.020147586;0.0036305068;-0.026252989
0.008881931;0.032591905;-0.0057680164
8.55545E-4;0.029198524;0.010619962
6.84436E-4;0.03898382;0.035449095
0.006797549;0.018687056;0.05296865
-8.1196096E-4;0.019637145;0.06346867
0.005600431;0.040709715;0.064446814
-0.008019655;0.03413027;0.062885575
-0.012665724;0.021054218;0.06749596
-0.016382579;0.0074683744;0.073137395
-0.025606064;0.0262872;0.049134914
-0.007984851;0.03196726;0.05258918
-0.05013788;0.024011308;0.053790096
-0.071360305;0.012959046;0.07740708
-0.08833824;0.018179737;0.07325379
-0.058170594;0.009856289;0.051181152
-0.009036476;-0.0046149683;0.025319923
-0.03222918;0.016620526;0.05111531
-0.050783344;0.00548392;0.017845375
-0.021876676;0.0075121364;0.014276301
-0.011251341;0.026322208;0.02860854
-0.015251072;0.031995267;0.018980583
-0.005950858;0.06465872;-0.002003034
-0.0047606863;0.075164475;3.506977E-4
-0.02255855;0.07575658;-0.016906941
0.013203161;0.09654276;-0.08422868
0.06056253;0.111609206;-0.11933607
0.060950022;0.12522487;-0.13570324
0.04876002;0.07205489;-0.11793758
0.026508015;0.002956415;-0.096303195
0.021206412;0.002365132;-0.07704255
0.06696513;-0.08092039;-0.07335279
0.0723221;-0.14286132;-0.041494735
0.089107685;-0.14553905;-0.025383288
0.09628615;-0.12893124;-0.01249413
0.08952892;-0.104707494;-6.203039E-4
0.06537313;-0.08220349;0.0034100069
0.002298507;-0.090762794;0.052337382
-0.0044111945;-0.10073524;0.084057406
0.0027210445;-0.057150688;0.08833967
0.008426836;-0.041033052;0.099577986
0.025491469;-0.05001394;0.09880301
0.039143175;-0.016573653;0.105995536
0.03131454;0.008616078;0.11292143
0.031301633;0.002205362;0.10986839
0.018791305;0.02520179;0.10273846
0.0025330444;0.01859893;0.082190774
-0.041723564;-0.0069958544;0.043096367
-0.04587885;-0.019659184;0.021195844
-0.05545308;-0.061039846;0.0095348
-0.050612465;-0.07226938;-0.009950285
-0.034239974;-0.062503;-0.05171023
-0.058641978;-0.0531274;-0.07964943
-0.046913583;-0.009689421;-0.1004383
-0.018780865;0.015685963;-0.13777252
-0.008774692;0.04379877;-0.112171136
-0.007019754;0.074101515;-0.09520566
-0.0056158034;0.121781215;-0.085930154
0.0017573574;0.13648747;-0.058978494
-0.011094114;0.14668998;-0.060854673
-0.0026252912;0.15328948;-0.04282436
0.010399767;0.16794409;-0.02254074
0.014569813;0.14998026;0.0026705333
0.01790585;0.11217172;0.034948926
-0.0106753195;0.06786237;0.035381015
-0.008540255;0.057414897;0.05525794
-0.019332204;0.05530692;0.05201885
-0.009215764;0.019245533;0.056849454
-0.013622611;-2.2857265E-4;0.09508894
0.0016019114;-0.029870357;0.09169615
0.0075315293;-0.062958784;0.08273192
-2.2477673E-4;-0.083179526;0.08337304
-0.03142982;-0.10091862;0.091307804
-0.031393856;-0.0994849;0.075389996
-0.037615087;-0.12177542;0.068124495
-0.03634207;-0.113045335;0.08106209
-0.010323655;-0.08418627;0.05313093
0.0042410763;-0.07828651;0.013598491
-0.021607138;-0.06262921;0.001503793
0.013964289;-0.03916587;-0.0042657154
0.029921431;-0.032895196;-0.018646948
0.042687144;-0.013816156;-0.041870683
0.040399715;-0.0126154255;-0.018262172
0.051069774;0.01490766;-0.07593786
0.040855817;0.027551128;-0.08535966
0.032684654;0.012665902;-0.07610023
0.026147723;0.025757723;-0.09134894
0.02091818;0.012793678;-0.10003227
-0.0020154568;0.003984942;-0.106978945
0.017137634;0.021937953;-0.06839565
0.0074601076;0.033175364;-0.058232147
0.018468086;0.03591529;-0.04658572
0.027274469;0.05060723;-0.041174825
0.0093195755;0.040485784;-0.038799234
0.00745566;0.04332613;-0.029086264
0.012214528;0.028410902;-0.011940885
0.016021622;8.5372233E-4;2.1291655E-4
0.019067299;-0.007129522;0.027123459
-0.015996162;-0.010391118;0.019745642
-0.019046929;-0.042687893;0.054077763
-0.0027375435;-0.032587815;0.07763721
-0.008440034;-0.008882753;0.05273477
0.018247971;-0.008668702;0.047656566
-0.010401622;-0.03349746;0.074453376
-0.039571296;-0.05023547;0.09432833
-0.031657036;-0.041750874;0.05827516
-0.0065756305;-0.0287132;0.054042004
-0.0052605043;-0.03859556;0.11940548
-0.016708404;-0.05587645;0.17052439
-0.063366726;-0.086888656;0.19579451
-0.08819338;-0.11794843;0.18710436
-0.1205547;-0.13029625;0.13874598
-0.16519377;-0.105799496;0.07974679
-0.16340502;-0.07213959;0.00832868
-0.155724;-0.0077116755;-0.100368306
-0.087079205;0.09539316;-0.15099777
-0.057163365;0.17006452;-0.18017322
-0.014480692;0.17511413;-0.111716695
-0.005334554;0.1697788;-0.047185857
0.014482358;0.14519803;-0.008842437
0.030335886;0.14428343;0.01948855
0.08051871;0.14667675;0.0062158406
0.15816496;0.1454664;-0.027839828
0.15153198;0.122623116;0.038665637
0.06497558;-0.025339007;-0.020239364
0.07073046;0.059416294;-0.21345712
0.09408437;0.18347053;-0.1707657
0.0940175;0.16708893;-0.11747193
0.043964;0.075858645;-0.088118166
0.016421197;-0.045563087;-0.053307034
0.013136958;-0.04582547;-0.012176878
0.029259566;-0.027285375;0.024633497
0.042157654;-0.0171408;0.0697068
0.033726122;0.00347486;0.044437315
0.014480898;-0.03628261;0.050784227
-0.0071652816;-0.08840109;0.048049256
0.019267775;-0.116033375;0.019298779
0.03416422;-0.1178267;0.032626525
0.014831376;-0.11457386;0.014773094
0.0306151;-0.107284084;-0.0112284
-5.0791947E-4;-0.11082727;0.0027360301
-0.0066563357;-0.12616181;0.053751323
9.2493155E-4;-0.11186695;0.06565731
0.019489946;-0.13011856;0.0720571
0.021841956;-0.12128235;0.04983318
0.0049735648;-0.10640088;-0.040602207
0.022728851;-0.063245706;-0.07623176
0.036933083;-0.05840906;-0.12036041
-0.0017035347;-0.03735225;-0.12128833
-0.026362827;-0.0298818;-0.08765566
-0.046090264;-0.03796794;-0.05293703
-0.08687221;-0.03974935;-0.0247715
-0.09449777;-0.06929948;0.008698425
-0.08809821;-0.110127084;-0.01960376
-0.032978572;-0.10216417;-0.023495508
-0.026382858;-0.081731334;-0.018796407
0.060143713;-0.040385067;-0.040037125
0.16061497;0.053629447;-0.055076577
0.15974198;0.075716056;0.0098449895
0.084043585;0.069947846;0.051625993
0.010984865;0.082520775;0.054972667
-0.034962106;0.025391622;0.08421251
-0.052969687;-0.021874202;0.091979384
-0.04862575;-0.044061862;0.056396008
-0.0701506;-0.02118699;0.07988243
-0.12487048;0.017425409;0.08617157
-0.13739638;0.06706533;0.07128101
-0.1286671;0.12865226;0.062493555
-0.09043369;0.14979681;0.046088595
-0.06609695;0.16983745;0.07515212
-0.07787756;0.18743245;0.058559198
-0.062302046;0.22650847;0.02731611
-0.043591637;0.22808178;0.012477888
-0.06612331;0.21996541;-0.0017364398
-0.03414865;0.19315983;-0.010764152
0.0039310814;0.14202787;-0.033220697
0.046894867;0.1011223;0.0042828177
0.06251589;0.035585336;0.014363755
0.056262713;0.014405768;-0.0017902466
0.06376017;0.022462115;0.014192803
0.07600813;0.021094691;0.009010492
0.11080651;0.049688254;-0.011541606
0.11364521;0.055375602;-0.005327035
0.065916166;0.05211298;0.03558212
0.06523293;0.0088778855;0.0519032
0.06468634;-0.03039769;0.043085057
0.064249076;-0.06963065;0.0039992966
0.057649262;-0.06976702;-0.013988063
0.04611941;-0.090188615;-0.038143575
0.0056455275;-0.0987134;-0.037936736
-0.014233578;-0.111783214;-0.019411888
-0.023886863;-0.17848907;0.01572049
-0.03160949;-0.21779126;0.01570139
-0.025287593;-0.208608;-0.011657637
-0.038980074;-0.2184489;-0.032372985
-0.03743406;-0.23569663;-0.056757763
-0.011197248;-0.2119948;-0.04540621
-0.027707798;-0.20865834;-0.051559344
-0.05966624;-0.13723917;-0.03929435
-0.06023299;-0.033228837;-0.08143548
-0.07943639;-0.08595807;0.040320367
-0.119799115;-0.15939146;0.026396917
-0.14583929;-0.12595066;-0.038257465
-0.15417144;-0.028885532;-0.06498097
-0.09833714;0.055016574;-0.099641025
-0.028669717;0.03776326;-0.14690033
0.07706422;0.03958561;-0.069473386
0.14290138;0.078543484;-0.04815683
0.1268211;0.13314728;-0.01938484
0.10770688;0.16276783;0.026679628
0.07366551;0.21771426;0.013531202
0.052682407;0.22729641;-0.029018788
0.017145924;0.20371214;-0.07321503
0.0012167396;0.1989072;-0.0644314
9.733917E-4;0.16381326;-0.045685746
0.06327871;0.11542561;-0.06350172
0.08812297;0.09546549;-0.033223253
0.07049838;0.09980989;-0.009391101
0.0688987;0.09547291;0.011627744
0.04261896;0.08731583;0.035864696
0.021595169;0.10266516;0.057598006
0.023526136;0.10869463;0.06912528
0.03757091;0.1353932;0.106862724
0.036306728;0.12550206;0.13705269
0.035295382;0.07540165;0.1322984
0.009486305;0.018133821;0.15974496
-0.073660955;-0.08080544;0.12779596
-0.09642877;-0.15370685;0.119424276
-0.07089301;-0.23234048;0.10882067
-0.05046441;-0.28118488;0.09486904
-0.027871527;-0.24369791;0.09542648
-0.022297222;-0.26995832;0.11071619
-0.03658778;-0.25659165;0.1268542
-0.07302022;-0.23964833;0.13585836
-0.12091618;-0.21359366;0.089155436
-0.102982946;-0.16462493;0.014293099
-0.057386354;-0.07857495;-0.013565521
-0.008409083;-0.058172457;-0.026477417
-0.031727266;-0.054350466;-0.070400685
-0.031631812;-0.021605372;-0.0914768
-3.054505E-4;0.010840703;-0.11146269
0.04350564;0.07429756;-0.14815453
0.053554513;0.11725055;-0.14703925
0.04284361;0.17036293;-0.14067827
0.04052489;0.19254035;-0.11058949
0.05741991;0.17434478;-0.12675284
0.07718593;0.15978833;-0.1377304
0.08674874;0.16220567;-0.12580933
0.06939899;0.16413952;-0.09869433
0.036769196;0.13599913;-0.067236714
-0.0018346439;0.1134868;-0.03269562
0.023532284;0.09703944;-0.024203373
0.018825827;0.094819054;-0.002175198
0.021310663;0.09773024;0.032634843
0.04204853;0.09693419;0.049154747
0.033638824;0.094734855;0.07955817
0.02066106;0.10703788;0.09606841
0.0040288474;0.08094281;0.12841724
-0.028026922;0.046004247;0.12773378
-0.05367154;-0.014759104;0.12484328
-0.01168723;-0.052432284;0.11315587
0.021900216;-0.085695826;0.115524694
0.011270173;-0.09043166;0.11195101
-0.015983861;-0.08172033;0.091123305
-0.0065370896;-0.12475126;0.06742989
-0.011479672;-0.12323851;0.071131416
-0.009183737;-0.09390331;0.04909263
-0.03234699;-0.06731015;0.020524107
-0.06337759;-0.042910617;-0.028111964
-0.050702073;-0.043703493;-0.012333322
-0.06556166;-0.06933779;0.029977093
-0.10869933;-0.088282734;-0.010393326
-0.111959465;-0.100313686;-0.046595912
-0.095817566;-0.09275095;-0.07555798
-0.051654056;-0.08513826;-0.087008886
0.033676755;-0.04779811;-0.115700856
0.051941406;-0.005425987;-0.06560756
0.054053124;0.025346711;-0.058345422
0.0432425;0.039027367;-0.046676338
0.034594;0.0062218946;-0.029919196
0.027675198;0.015915016;-0.018075982
0.02214016;0.022107013;-0.06992953
0.030212127;0.05987311;-0.055943627
-0.007080298;0.086960986;-0.058036152
-0.0056642382;0.06331879;-0.046428923
0.0017186094;0.058467533;-0.033627514
0.0076248874;0.046774026;0.011769865
0.01859991;0.03429422;0.03754089
0.014879928;0.057122875;0.061282713
0.036903944;0.087885804;0.02168242
0.035773154;0.08437114;0.034533437
0.022368522;0.062809415;0.048720498
0.01789482;0.03931003;0.0311639
0.014315855;0.031448025;0.02493112
-0.0010473161;0.031408418;-0.0066176043
-8.3785295E-4;-0.013935764;0.023612166
-6.7028234E-4;-0.04552361;0.018889733
-0.025536226;-0.03485639;0.022924287
-0.020428982;-0.031010112;0.02380818
0.021156816;-0.013870589;-0.009859706
0.023175452;0.013903528;-0.018825265
0.031040361;0.001747823;-0.005685212
0.0060822894;0.009210758;0.0048268302
-0.020134168;0.022993607;0.019486465
-0.034857336;0.0043323855;0.02496417
-0.015385868;-0.015284092;0.035596337
-0.012308694;-0.016914774;0.00894582
-0.009846956;-0.02290682;-0.013937094
0.010872436;-0.029262954;-0.015055926
0.0024479486;-0.07341036;-0.00970099
-0.029291641;-0.096228294;-0.010104543
-0.017183313;-0.13948263;0.0012913662
-0.06374665;-0.1287736;0.011189343
-0.08849732;-0.098331384;-0.012142275
-0.083297856;-0.066165105;-0.040573195
-0.054138284;-0.031057086;-0.026599182
-0.030810628;0.004841831;-0.053701222
-0.005898502;0.025748465;-0.054679725
0.001531198;0.03153627;-0.04374378
0.032474957;0.039291516;-0.03694815
0.05097997;0.034558214;-0.036980394
0.059533972;0.04795907;-0.0026311907
0.05387718;0.05555476;0.0053169224
0.07435174;0.0975688;-0.003168337
0.07198139;0.087430045;-0.020112794
0.038835116;0.098069035;-0.01960586
0.04981809;0.11283023;-0.038731564
0.033604473;0.10120168;-0.029032126
0.02688358;0.027836347;-0.0021319508
0.027756864;-0.038668424;0.030716315
-0.0027945093;-0.060622238;0.020666802
-0.014735607;-0.07349779;0.039580315
-0.005538486;-0.061923232;0.021898627
0.02056921;-0.049538586;0.048378278
-0.008544631;-0.05056837;-0.0015317531
-0.0068357047;-0.026392195;-0.028178528
-0.0054685636;-0.025801256;-0.006917822
-0.004374851;-0.031578504;-0.026628008
-0.03474988;-0.058075305;-0.015833655
-0.065299906;-0.06364774;-0.0029012999
-0.058489922;-0.08841819;-0.015992915
-0.046791937;-0.08167206;-0.0010755819
-0.012433551;-0.051275145;-0.012579216
-0.016196841;-0.017582616;0.0016553776
-0.0067074727;-0.0062535927;0.003277427
-0.017865978;0.021559626;6.688167E-4
-0.020542782;0.0547477;0.029050678
-0.010184226;0.07036066;0.011912418
0.0106026195;0.07660103;-0.0057044406
-0.010267905;0.06596832;0.010670822
-0.0019643237;0.04183716;0.021817908
0.017178541;0.022532227;0.034641825
-0.0050071673;0.0055257813;0.010525961
-0.004005734;-0.006516875;0.031077018
-0.015704587;-0.003651;0.019392865
-6.3669606E-5;0.0048917;0.031139292
0.006199064;0.01953836;0.022567684
-0.0075407485;-0.017181812;0.006335397
0.006467401;-0.038745448;0.043349568
0.01767392;-0.026308859;0.052648403
-0.010860863;-0.027297087;0.04914997
-0.00868869;-0.02965017;0.022132479
-7.009525E-4;-0.020595137;0.0044247326
0.005689238;-0.018038608;-0.008178963
0.04205139;-0.009743387;-0.017480671
0.027391111;-0.00779471;-0.016328286
0.00941289;-0.0046732677;-0.01306263
0.020030312;-0.019363614;-0.012012604
0.0035242494;0.0016966086;-0.029141333
0.0340694;0.026357288;-0.030734941
0.02725552;7.733295E-4;-0.022634828
0.028054416;-0.011881337;-0.054435987
0.016193533;0.0029949308;-0.04354879
0.019204825;0.011770945;-0.040698405
0.04036386;0.020354256;-0.045839977
0.05729109;0.0022209047;-0.04057823
0.05833287;-0.0029107763;-0.045743834
0.052916296;-0.010141121;-0.055735692
0.017333038;-3.0039684E-4;-0.048494805
0.00136643;0.0075721825;-0.038795844
-0.005156856;-0.028317254;0.0033383255
-0.022875484;-0.038278803;0.021811286
-0.018300388;-0.052498043;0.035027154
-0.0021403104;-0.043560933;0.054584224
0.004537752;-0.034848746;0.057339255
-0.021369798;-0.018503997;0.018918278
-0.04209584;0.007071802;0.026462747
-0.021176672;-5.925586E-4;0.015701447
-0.029441336;-0.008286547;0.014514283
-0.03605307;-0.022254238;0.06512705
-0.041342456;-0.02249089;0.059132893
-0.026823964;-0.003930212;0.049650062
-0.033959173;0.0046683303;0.0530013
-0.020917337;0.020922164;0.02911979
-0.02298387;0.03392523;0.027202083
0.019112904;0.030265186;0.013949166
0.040290322;7.7464816E-4;-0.013840667
0.03223226;-0.010317782;0.0045524663
0.007035807;-0.005129225;0.007548223
0.011878646;-0.0041033803;-0.011148922
0.015752917;0.023279795;-0.037825387
0.025102332;0.045186337;2.0844012E-4
0.013831867;0.04239907;-0.024833247
0.011065493;0.058919255;-0.031194724
0.0026023947;0.056510404;-0.030424528
0.014581916;0.020208323;-0.020433374
0.011665532;5.416588E-4;-0.062440448
0.009332426;4.3332705E-4;-0.044092983
-0.011284059;0.0034716616;-0.035274386
-0.015277247;-0.03472267;-0.01884451
-0.018471798;-0.029340636;-0.018981857
-0.021027438;-0.014097509;0.003955139
-0.03557195;-0.036278006;-0.0062108887
-0.02845756;-0.029022407;-0.004968711
-0.010266049;-0.015405425;0.011259406
-0.02071284;-0.02482434;0.012913775
0.002179729;-0.026109472;0.02751852
0.0017437832;-0.031825077;0.032952316
0.013895026;-0.042647563;0.024799353
0.011116021;-0.02005555;0.019839482
-0.009857183;-0.020731939;0.042434085
-0.007885747;-0.021273052;0.030041019
-0.006308597;-0.0107684415;0.031845316
-0.017546877;-0.002364753;0.016101252
0.010962497;0.0043581976;0.018349752
-0.0037300016;0.008174058;0.0076485514
0.009515999;0.0065392465;0.019400092
0.0263628;0.023981398;0.007707573
0.046090238;0.0035601177;0.010072309
0.030622192;0.016910594;0.0018078466
0.030747753;0.024465974;-0.013397473
0.0058482024;0.0023852803;-0.0068117282
0.004678562;0.008158225;-0.0077931327
-0.0025071504;0.03933908;-0.006234506
-0.014505721;0.008033764;-0.03350323
-0.036604576;0.02205201;-0.013130709
-0.029283661;0.028579108;-0.006598317
-0.02342693;0.021300787;-0.020903654
-0.012491543;0.024853129;0.004370827
-0.009993235;0.0026950035;0.024590412
-0.0079945875;-0.011906497;-0.0014214207
0.00610433;0.010787303;-0.0034808866
0.004883464;0.011754842;-0.0043472094
0.003906771;-0.014033627;-0.0073840176
0.003125417;-0.012789401;-0.002000964
-0.009999666;-0.002419021;0.011680479
-0.007999733;-0.019122716;0.021063132
-0.037649788;-0.024673173;0.0035692565
-0.01761983;-0.018176038;-0.004957095
-0.020345863;-0.003603331;0.035878073
-0.0037766907;0.009617335;0.02479621
0.0032286474;0.0014438682;-0.029381782
0.040082917;0.015217595;-0.021942927
0.032066334;0.0074865757;-0.004273091
0.038153067;0.0075517604;-0.037402846
0.036772452;0.03572891;-0.029922279
0.041917965;0.058270626;0.0030153026
0.03978437;0.041929003;-0.030400258
0.038077496;0.0429182;-0.03174208
-7.8800286E-4;0.012459561;-0.04297179
0.024369597;-0.011907351;-0.005471182
0.019495679;-0.05171338;-0.0063300706
-0.0031534575;-0.053870704;-0.014439057
-0.015022766;-0.057159062;0.00758938
-0.012018213;-0.06135225;0.0060715037
-0.02211457;-0.056894302;0.044700954
-0.036441658;-0.03457794;0.031854514
-0.029153325;-0.019849852;0.00673361
-0.01707266;0.007557618;0.03351189
-0.03240813;-0.008016406;0.02680951
-0.032176502;-0.017350625;0.0042601083
-0.0569912;0.011119501;0.024501836
-0.04559296;-0.0051669;0.02194522
-0.04272437;-0.00882102;0.030837426
-0.034179494;0.0038806843;0.03404494
-0.0023435962;0.0015420474;0.021767203
0.004375123;0.0137336375;2.2626182E-4
-0.008999902;0.026611911;0.02518101
-0.019699922;0.0072270283;6.135576E-4
-0.015759937;0.0042191227;-0.018259155
-1.07949636E-4;0.012750298;0.0119551765
0.0061636404;0.02426274;0.013470392
0.011180912;0.03816019;-0.012661187
-0.0098052705;0.028965652;-0.01012895
0.010905784;0.03723502;-0.01122816
0.027474627;0.064163014;-0.049216904
0.0219797;0.07164291;-0.024139147
0.04258376;0.04793933;-0.013842568
0.03406701;0.057101466;-0.018886555
0.03975361;0.03474367;-0.019015493
0.031802885;0.027794939;-0.0034936448
0.03794231;0.02536095;-0.014513666
0.011603847;-0.01096124;-0.009267183
0.0155330775;-0.016581492;-0.005851246
0.031176463;-0.035140194;0.010944003
0.0124411695;-0.043737154;-0.025619797
-0.015047064;-0.042802222;-0.014636463
-0.030787652;-0.037366778;-0.01014667
-0.03713012;-0.033018425;-0.013586086
-0.042204097;-0.03266474;0.004365506
-0.05251328;-0.02769429;0.008961155
-0.023260621;-0.014342933;0.022793924
-0.031108497;-0.014599347;0.02604764
-0.049886797;-0.028866976;0.018494362
-0.039909437;-0.0059060818;0.005420489
-0.019427551;-0.021912366;0.017617641
0.00945796;-3.423922E-4;0.021906612
0.020066367;-2.7391376E-4;0.0151815405
0.034803092;0.006030869;0.008238982
0.06534248;0.0032621953;-0.025440063
0.04602398;0.007297256;-0.0016020513
0.030569185;0.0011503049;0.035437107
0.030705348;-0.008454756;0.024443436
0.04956428;0.030736195;0.014086
0.033401422;0.035526454;0.0073625497
0.020471137;0.028421165;-0.00973496
0.01637691;0.016486932;-0.0023192181
0.04435153;0.024127046;0.019238375
0.029231222;0.0052391365;0.0021094503
0.035884976;-0.01768369;0.0040313103
0.028707983;-0.014146953;0.0032250483
-0.014533614;-0.0081925625;0.021330038
-0.04912689;0.009070951;-0.0134047195
-0.039301515;0.01506926;-0.033380024
-0.01894121;0.007367908;-0.03686027
-0.040152967;-0.008168173;-0.038472593
-0.057122376;-0.028409539;-0.040543698
-0.0456979;-0.03366513;-0.024622459
-0.02405832;-0.042557105;0.012333283
-0.025496656;-0.024670685;0.0043978766
0.0046026753;-0.010361547;0.008987051
-0.00881786;0.024523262;0.01890839
-0.019554287;0.03680611;0.0073142126
-0.01564343;0.023194889;0.015226371
-0.0062647443;0.03574341;0.033274848
-0.017511796;0.009844728;0.042244878
-0.014009437;0.014125783;0.014264652
-0.05495755;0.006613126;0.004380471
-0.02521604;0.0177905;0.008973127
0.029827168;0.025169902;0.016553503
0.055111736;0.02638592;-0.0055071986
0.06283939;0.0054837363;-0.02159326
0.0127715105;-0.012800511;-0.040712107
-0.0022827918;-0.021177908;2.4281426E-4
-0.033076234;-0.024754828;-0.016993249
-0.007710987;-0.0073038614;-0.02531335
-0.024918789;-0.0058430894;-0.037047554
-0.03868503;0.021888029;-0.0011224183
-0.012198025;0.034697924;-8.979346E-4
0.0089915795;0.027758338;0.004750402
0.032193262;0.04251917;0.010050322
0.03825461;0.021515336;0.0056965076
0.024353689;0.006274769;-0.010286544
0.006982951;0.005019815;-0.008229235
0.01808636;-0.0069216476;-0.005020888
0.020719089;0.0054001817;-0.019251086
0.03532527;0.012132646;-0.013447744
0.047010217;0.0050186166;-0.024039445
0.031358175;-0.005360107;-0.025090931
0.03758654;-0.0074130856;0.02016163
0.005069231;-0.023117969;0.016129304
-0.014694615;-0.043494374;0.020715943
-0.005505692;-0.036358;0.010322755
-0.016904553;-0.0415864;0.004351954
-0.019773643;-0.04108162;0.049575314
-0.022068914;-0.017240295;0.01309775
-0.03640513;-0.018479737;0.0182907
-0.029124105;-0.01947129;0.021663811
-0.029549284;-0.014014532;0.035299797
-0.042389426;-0.004961625;0.024333589
-0.021411542;0.0038432;0.03040437
-0.023379233;-0.00473794;0.011042247
-0.024953388;0.013397148;0.012740048
-0.01371271;0.0091552185;0.006285788
0.0077798325;0.026074175;0.0073723802
-0.006276134;0.03648434;-0.015195846
0.013729093;0.03699997;-0.010594177
0.029733274;0.032724977;-0.010037841
0.03628662;-0.006632518;-0.029124023
0.060279295;0.0025064854;-0.02720547
0.060723435;-0.0026823115;-0.033483125
0.04857875;-0.0021458492;-0.034599
0.013862999;0.02484582;0.0066958
-0.0076596006;0.041751657;0.00770039
-0.04362768;0.039651327;0.015535312
-0.028652145;0.02078356;-0.016478
-0.022921715;0.024439348;-0.02646365
-0.0058373725;0.010176479;-0.03601467
0.0015801021;0.011266183;-0.023342986
-0.0049859183;-0.011299553;-0.0108618885
0.0022612654;-0.015289643;0.0061542387
0.008059013;-0.038794216;0.003360891
0.03769721;-0.03884787;0.014407462
0.023907768;-0.032640796;0.02871347
0.0066262144;-0.021425137;0.026877027
-9.490286E-4;-0.02182761;-0.003498379
-0.013259223;-0.020587089;-0.0543612
-0.023107378;0.0038428295;-0.032160837
-0.049735904;0.009324264;-0.02572867
-0.07103872;-0.014415589;0.002463939
-0.07558098;-0.02715747;0.005877401
-0.06046478;-0.031100977;0.010170671
-0.017121825;-0.007693282;0.023761537
-0.0011974606;-0.010842125;0.01510298
-0.013457969;-0.013361201;0.026926134
-0.023266375;0.0018110398;0.021540906
-0.0248631;0.021761332;0.015670225
-0.01364048;0.026784066;0.01253618
0.020337617;0.026114753;-0.013408556
0.028770093;0.020891802;-0.033383094
0.029266074;0.06827594;-0.009518975
0.029662859;0.051495753;0.008009819
0.029980287;0.008384103;-0.013123394
0.03648423;-0.035480216;-0.0050299657
0.035437383;-0.028384175;0.020976027
0.059599906;0.01010516;0.015218322
0.07267993;0.05183413;-0.018294092
0.07689394;0.032092303;-0.018541524
0.030265152;0.033486344;0.014073031
0.024212122;0.067414075;-4.6032527E-4
0.044369698;0.010181259;-0.06911826
0.010495758;-0.08247999;-0.017013358
0.020896606;-0.0644215;-0.04056381
-0.014532715;-0.012474695;0.015595825
-0.030376172;0.054082744;0.01247666
-0.055550937;0.030766195;0.009981329
-0.06319075;-0.14101204;0.022828814
-0.0068026;-0.22843464;0.0393568
0.02580792;-0.06868521;0.02992294
-0.029353663;0.12161434;0.1497196
-0.035982933;0.20666647;0.10493193
-0.016286345;0.118458174;0.020664295
-0.013029076;0.09476654;0.016531436
0.05832674;-0.06324927;-0.08794673
0.034161393;-0.06466191;3.4574422E-4
-0.04142089;0.07952047;0.036214095
-0.07063671;0.18392888;-0.0054037236
-0.06275937;0.1549556;-0.04260423
-0.031457495;0.07708948;-0.045802135
-0.037665997;-0.049265917;-0.015547956
-0.023882797;-0.14878774;0.037561636
-0.012856237;-0.18153019;0.030049307
-0.03528499;-0.07959915;0.060758196
-0.046977993;-0.024616819;0.007981557
-0.031332392;-0.061880957;0.019666495
-6.591467E-5;-0.09325477;0.046983197
0.043697268;-0.052728813;0.020399056
0.06620781;0.02656695;-0.011024504
0.027966252;0.01656606;-0.014288354
0.016123;0.04606535;0.0018505673
3.9840108E-4;0.08060228;0.049136702
-0.005931279;0.028544324;0.04555936
0.0140049765;0.033772957;-0.054177508
-0.0012960186;0.11451837;-0.008185757
0.017713185;0.024427194;-0.062017355
0.014170548;-0.121083245;-0.11875451
0.011336438;-0.0843666;-0.121956736
-0.0034308492;0.051256724;-0.10889351
-0.02149468;0.076942876;-0.039067935
-0.029695744;0.039679304;0.071870655
0.013743405;4.934422E-4;0.070777774
0.054744724;-0.09023025;-0.014471532
0.037545778;-0.1768717;-0.0037647258
0.061286625;-0.08837236;-0.106136784
-0.0072207013;0.026177114;-0.1345188
-0.055776563;0.12250419;-0.06738067
0.036628753;0.24800335;0.026173593
0.048053;0.19840269;0.05179825
-0.0553076;0.055597145;0.0664386
-0.012996079;-0.03989728;-0.033177245
0.033353135;-0.14129283;-0.11482304
0.014182509;-0.14740926;-0.17037407
-0.032403994;-0.03355241;-0.16872112
-0.044673193;0.07784557;-0.052555025
-0.035738554;0.24665146;0.011471605
0.008909156;0.25200868;0.04550541
-0.024122676;0.16098194;0.11687308
-0.08179814;0.036598045;0.10521721
-0.08418851;-0.08947156;0.09511127
-0.03610081;-0.10282725;0.045620266
0.008619352;-0.1244493;-0.018972538
6.4548175E-4;-0.11049694;-0.022599906
-0.024483616;-0.004022552;-0.025892423
-0.063336894;0.05615696;-0.0054795644
-0.06941951;0.055863068;-0.0043836515
-0.05553561;9.404533E-4;-0.039835047
-0.03817849;-0.082060136;-0.026008662
-0.03054279;-0.10939811;-0.059088178
-0.011934233;-0.070330985;-0.028129919
0.040452614;-0.02345229;0.007964815
0.032362092;-0.0015743322;0.014184352
0.032139674;-0.018446965;-0.021074394
0.013211738;-0.030382572;-0.016859515
0.016819391;-0.04305606;-0.04044074
0.03220551;-0.026632346;-0.049540088
0.03826441;0.009944123;-0.11033519
0.036861528;0.0454553;-0.12108066
0.029489223;0.03167674;-0.07967702
0.017341377;-0.0074711093;-0.06374162
0.0513731;-0.029414387;-0.052946422
0.04734848;-0.0047815097;0.036158487
-0.0058712144;0.058674794;0.11720804
-0.035946973;0.06412733;0.17032893
-0.028757578;0.04192687;0.12845065
0.026993938;0.050728995;0.16213551
0.04659515;0.049958196;0.16017716
0.03727612;0.032154057;0.09220423
0.029820897;-0.022714255;0.019857135
-0.007393283;-0.029108904;0.083073206
0.0065853735;-0.07641213;-0.04252581
0.036518298;-0.1564422;-0.120348774
0.04796464;-0.19234125;-0.06737277
0.05087171;-0.044498008;-0.09257009
0.01569737;0.098776594;-0.07210295
0.012557895;0.15558377;-0.047916733
0.016296316;0.14477952;-0.01919276
0.044287052;0.12519862;-0.038401082
0.010429642;0.10797139;0.0017010082
-0.022906287;0.07387711;-0.0021548185
-0.0058250288;-0.023710808;-0.022817604
-0.010910023;-0.09553114;-0.026066585
-0.046228018;-0.08267492;-0.007572017
-0.049482416;-0.10832743;0.02089551
-0.052085932;-0.106974445;0.045622658
-0.041668747;-0.06370456;0.018920003
-0.052084997;-0.013463646;0.088182874
