0.013316719;-0.017417032;0.047373187
0.027840875;-0.027996127;0.01914855
0.025397701;-0.031771902;0.00906884
0.02422441;-0.04104252;0.026005073
0.023285778;0.0015409832;-0.004195942
-0.014183877;0.032482788;-0.0033567536
-0.0379096;0.08379873;0.016064597
-0.0053276815;0.09985148;-0.024648322
0.012925355;0.087693684;-0.007218658
0.007215284;0.06390495;0.025475074
-0.0067277728;0.04487396;0.007880059
0.0039927815;0.024961667;0.012554048
0.0031942253;-0.019093165;-0.0024567624
0.01193038;-0.06996203;0.01053459
-0.007643196;-0.062219627;0.008427672
-0.023302056;-0.048213203;-0.030757863
-0.015516645;-0.013570561;-0.030856289
0.006336684;0.05476855;0.019064968
0.025381846;0.08912734;0.046501976
0.009367977;0.057239372;0.012201579
-3.1811793E-4;0.031728998;0.0035112638
0.0013080057;0.022258198;-0.015940988
0.0057339044;-0.018130941;-0.0065027913
-0.018850377;-0.023879753;0.026047766
-0.0275803;-0.005041302;0.0020882136
-0.015814241;0.0022169582;0.014170571
0.004536107;0.0064610667;-0.0011635433
-0.005746114;0.04423135;-0.025930835
0.009465609;0.035385083;-0.04574467
0.020072486;0.031433064;-0.042845733
0.016057989;0.009521453;0.028223412
0.03237764;0.035742164;0.041328732
0.058714613;0.00828123;0.020562984
0.02353419;-0.10900002;0.0039503872
-0.041328896;-0.17626251;-0.01558969
-0.04243812;-0.04882251;-0.006221752
-0.0058254944;0.10625449;-0.017477402
0.014089605;0.13656609;-0.013981922
-0.0074783163;0.081127875;-0.023685537
-0.021607652;0.0133398;-0.04394843
-0.029786123;0.02317184;-0.041408744
0.010546102;0.03259997;-0.001876995
0.03968688;0.13857998;0.07974841
0.051280756;0.15773898;0.13879873
0.046493355;0.0074411854;0.16728897
0.064538434;-0.13779706;0.033831183
0.030536996;-0.33992514;0.008314947
0.018179597;-0.36881512;-0.012098043
-0.07608132;-0.2528646;-0.084678434
-0.12649006;-0.20229167;-0.20524275
-0.054317046;-0.20870833;-0.2204442
0.001858863;-0.12009167;-0.10760536
-0.11570041;0.119551666;-0.023584288
-0.23318532;0.27532884;0.049882572
-0.22092326;0.29682556;-0.06634394
-0.02517611;0.30933544;-0.040575154
0.10485911;0.29746836;0.06753988
0.10419979;0.23797469;0.1852819
0.08179733;0.04975475;0.14822552
0.08262537;-0.2258212;0.018580416
0.09500654;-0.40096945;-0.016385667
0.077567734;-0.37546307;-0.025608534
0.046429187;-0.23474546;-0.045486826
-0.0214504;-0.114358865;-0.08013946
-0.07497282;-0.01023709;-0.026611568
-0.08654076;0.06993533;0.028710745
-0.0801701;0.12313576;0.016718596
-0.050073583;0.15007111;0.0071248766
-0.018183867;0.13411939;-5.500987E-4
0.0057654064;0.04323301;0.005809921
0.028049825;-0.004476092;0.029647937
0.03493986;-0.033268373;0.02371835
0.07482689;-0.0844272;2.2467958E-4
0.08876776;-0.10347926;-0.012320257
0.08976421;-0.048408408;-0.016106205
0.07571761;0.008148274;-0.012884964
0.048855342;0.02683112;0.0021920288
0.0047092745;0.029277395;0.014253623
-0.018888831;0.056234416;0.017652899
0.005982686;0.079362534;0.007872319
0.0047861487;0.065052524;4.7854977E-5
-0.011014831;0.05829202;3.8283983E-5
-0.043186866;0.041946117;0.006280627
-0.039236993;0.0038693936;0.017524501
0.0029854064;-0.028154485;0.0390196
0.035200827;-0.031898588;-0.02503432
0.04144191;-0.01614387;-0.013777455
0.006591028;-0.058227595;-0.061021965
0.03574157;-0.024707077;-0.09256757
0.030155757;0.08960934;0.06969594
0.018655857;0.16543747;0.18075675
-0.0038253148;0.07297498;0.107105404
-0.0694665;-0.05099502;-0.09556568
-0.1102607;-0.12985851;-0.13895254
-0.08352106;-0.08513681;-0.036162034
0.001933151;0.07407805;0.046070375
0.05623402;0.11082494;0.024356298
0.052799717;-0.0019650478;-0.018014962
0.019583523;-0.064072035;-0.026911968
0.0055105686;-0.040320132;-0.009029575
-2.7904508E-4;0.016181396;-9.736601E-4
-0.040848237;0.0129451165;-0.019528927
-0.05142859;-0.025581406;0.028126858
0.0010446289;0.026409874;0.028751487
0.042241953;0.1117529;0.04800119
0.043168563;0.08471482;0.03840095
0.0446911;0.017771855;0.030720761
0.02950288;0.011092485;0.018326608
0.023602303;0.032311488;0.020911288
0.014975593;0.05866169;0.010479029
0.033074226;0.053179353;0.014633223
0.04364688;0.03004348;-7.9342106E-4
0.017730003;0.055284787;-6.3473685E-4
0.004809003;0.05829033;-0.0067577893
-0.011777798;-0.0049302373;-0.024156231
0.011671511;-0.03206919;-5.749853E-4
0.0023059596;-0.03346785;0.030790012
-0.027061483;-0.01583678;-0.006617991
-0.050555434;-0.020481925;0.0072056074
-0.06231935;-0.04138554;-0.012985514
-0.04048048;-0.03779593;-0.010388412
-0.015196883;-0.034924246;0.004189271
-0.021532506;-0.0076268967;-0.040398583
-0.0078510055;-0.027976517;-0.044818867
-0.004718304;-0.038006213;-0.023355093
0.020444106;0.024282528;0.0063159256
0.037449036;0.061613522;0.02380274
0.043240476;0.027415818;-0.005957808
0.034592383;0.021932654;-0.0047662463
0.040955156;-0.009016376;0.033687003
0.0022953749;0.008411899;0.020699602
0.0096488;0.03172952;0.004059682
0.01162529;0.011321115;0.0032477456
0.005393982;-0.045630608;0.0025981965
-0.026153564;-0.091191985;-0.022921443
-0.03967285;-0.08232859;-0.018337155
-0.007519531;-0.026800372;-0.014669724
-0.022421874;0.012934703;7.6422124E-4
-0.0241875;0.054097764;-0.005638623
-0.0021625;0.06202821;0.007989102
0.01155125;0.080872566;0.03139128
0.0108035;0.047510553;0.006363025
0.01098655;-0.03386656;-0.00740958
0.01660174;-0.061468244;3.22336E-4
0.007031392;-0.0647996;-0.0059921313
0.013437614;-0.08308968;0.0077062952
0.009187591;-0.06490924;-0.025084963
-0.0028061774;-0.034739893;-0.0013179712
-0.019432442;0.015958086;-0.007304377
-0.013202203;0.045578968;-0.012093501
-0.026186762;0.047400676;0.009075198
-0.02251191;0.067608036;0.032260157
-0.0070720282;0.07908643;0.025808128
-0.0056576226;0.038269147;-0.010603499
0.011098902;0.022802817;-0.008482799
0.014347872;-0.008320247;0.024463762
0.015384547;-0.020718697;0.007071009
0.0029326377;-0.04469996;0.005656807
-0.01796639;-0.087322466;-0.032974556
-0.026873112;-0.087045476;-0.026379643
-0.013685989;-0.083698876;-0.058603715
-0.0031362916;-0.034146603;-0.015632972
0.0068659666;0.025807718;0.0062436224
8.052734E-4;0.055021174;0.023744898
6.442187E-4;0.06745444;0.012745919
-0.007297125;0.05708855;-0.014803265
0.0144748;0.0019208412;6.573878E-4
0.02720484;-0.040650826;0.019275911
-0.020423628;-0.018458162;0.015420728
-0.039776403;0.011795971;-0.0064134174
-0.016196122;0.0016242765;-0.023880733
0.017511852;-0.0096380785;-0.006604587
7.28232E-4;-0.029585464;0.03846633
0.017770085;-0.01898087;-4.769358E-4
0.01812232;-0.030809697;-0.019131549
-0.015970895;-0.034022756;0.009694761
0.008317034;0.010281795;0.007755809
0.004309877;0.059787937;-0.012545353
0.03235415;0.077517845;0.014963718
0.016508322;0.083889276;0.018220974
-0.002418343;0.057736423;-0.010423221
-0.016778424;8.766384E-4;-0.0020885766
-0.029047739;-0.03523619;-0.0016708613
-0.0076131914;-0.034438953;-0.007586689
0.011096947;-0.058801163;-0.006069351
0.0026275574;-0.07516593;-0.02360548
-0.011960454;-0.044507742;-1.3438477E-4
-0.012693363;0.0143938055;-1.0750781E-4
0.0054703094;0.033390045;0.031163994
0.025469998;0.048587035;0.006181195
0.016469749;0.04355713;0.011194956
0.010832048;0.025470702;0.033955965
0.008665639;0.015689062;-0.0040852283
-0.010254989;-0.0015112503;0.0029818176
-0.029297741;0.0019159998;-0.010114546
-0.029688193;-0.0187797;-0.020591637
0.0035931957;-0.03846126;-0.0102233095
0.027874557;-0.060456507;0.0043213526
0.007455895;-0.029615207;-0.0027929181
-0.019035283;-0.0080671655;-0.008484335
-0.008978227;0.027921269;-0.019287467
0.018598668;0.066087015;-0.002929974
0.042222686;0.07630711;0.01640602
0.010340648;0.07823319;0.013124817
-0.008914982;0.04696155;-0.020750146
-0.0032257354;0.003194241;-0.0041001174
-0.0025805885;-0.027132107;0.009219906
-0.0020644707;-0.035768185;0.007375925
-0.033682827;-0.05048955;-0.01284926
-0.02382126;-0.07320414;0.002220592
-0.014369509;-0.044500813;-0.016973527
0.0010043929;-0.01997565;0.017671179
0.008616014;0.0012069809;0.032886945
-0.010294689;-0.0068469155;0.020059554
-0.01604825;-0.019540032;0.0035476435
0.014505149;-0.006257026;0.046588115
0.0014478695;-0.0018806206;0.05602049
-0.008216704;0.040683005;0.019816393
0.0067078862;0.1028589;-0.040396884
0.03817881;0.07134962;-0.10731751
0.039918046;0.008642198;-0.010854007
-0.0141593125;-0.046211243;0.10381679
-0.017577449;0.019281007;-0.060696565
5.4022814E-7;0.090424806;-0.04230725
-0.06718707;0.0051523442;0.0286542
-0.028749654;-0.052128125;0.0041733594
0.04262528;0.0036100002;-0.059161313
0.04191272;0.046638;-0.00357905
-0.007094823;0.0701229;0.05338676
-0.022863358;0.04828582;0.017709408
0.0067093135;-0.014496344;0.039167527
0.058492452;0.004027925;-0.012415979
0.05304396;-0.01240266;-0.003682783
-0.0153773315;-0.08179713;0.059553772
-0.049801864;-0.0841877;0.016393019
-0.033591494;-0.06891266;-0.043135583
4.7055623E-4;-0.03013013;-0.06575847
0.041001447;0.046208397;-0.021356774
0.024988657;0.11509172;0.026664581
-0.016727826;0.13894838;0.0025816644
-0.00947601;0.122096196;-0.0041846684
-0.025549559;0.05548946;-0.047097735
-0.009502146;-0.0056084325;-0.043928187
0.043960784;-0.101361744;0.04610745
0.004699876;-0.124839395;0.04938596
-0.018896349;-0.09830902;-0.06049123
0.009101671;-0.07708471;-0.042142987
-0.018499913;-0.07729277;0.04128561
-0.0046436805;-0.049334217;-0.010721511
-0.0037149445;0.0042826263;-0.033577207
-0.011565706;0.0440511;0.010638233
0.0055911853;0.057115883;0.021010587
-0.0056833015;0.061317705;0.041808467
-0.009234142;0.028741663;0.045946777
0.003550187;0.030805832;0.01175742
0.03877765;0.013707165;-0.034344062
0.02399087;-0.049971767;-0.014975251
-0.017526055;-0.080602415;0.0192698
-0.032770842;-0.05823193;0.0029158394
0.0019083252;-0.012210545;-0.016417328
0.00933916;0.015231564;-0.031883862
0.007471328;0.012185251;-0.02550709
0.0059770625;0.0081857005;0.017094327
-0.02334335;0.03936106;0.03867546
7.532002E-5;0.026801348;-3.096302E-4
0.014904006;-0.008246421;-0.025247704
0.011923205;-0.026909636;-0.013948163
0.013444814;-0.04184021;0.007591469
0.006849601;-0.047534667;-0.0064268247
-0.02030157;-0.009902734;0.0011085403
-0.017803755;0.0061403126;0.013386833
-0.009555505;0.02522475;-0.0017905341
0.015011847;0.0451798;-0.0014324273
0.014353227;0.03926884;0.005104058
-0.004142418;0.003290072;-0.0021667534
0.0029360654;0.0057570576;0.010766597
0.015630102;-0.018831855;-0.022636723
0.006254082;-0.019752983;-0.0056093778
-4.6548448E-4;-0.020489886;0.0330125
-0.020684887;-0.01951691;0.03266
-0.00795416;-0.012488527;0.0011279986
0.009261672;-0.011553322;-0.024097601
-0.013684412;-0.0076801577;-0.013028081
-0.01094753;0.015730875;-0.029172465
-0.016570523;0.0282097;0.03916203
-0.02106892;0.03350526;0.05007962
0.063613616;0.04242921;-0.0036863019
0.064953394;0.010505866;-0.0029490415
-0.0074122865;-0.024407808;-0.008609233
-0.030148579;-0.022651246;-6.373866E-4
-0.024118863;-0.016558496;0.030740092
-0.0052325907;-0.014809297;-0.019157927
0.028626427;-0.014972438;-0.021576341
2.448919E-4;-0.03072795;0.013988926
-0.022460336;-0.01051986;-0.0013088589
0.014062981;0.007209112;-0.001047087
0.015156635;-4.8271054E-4;-0.01333767
0.0043128077;-0.01601117;-0.016920136
-0.005924754;0.0028160652;-0.0072861086
7.2894694E-4;0.039752852;0.031671114
0.012301908;0.04430228;0.03783689
0.003591526;0.016691826;-0.0072304877
-0.0010330292;-0.02570904;-0.02453439
0.0054235766;-0.03619223;-0.013377512
-0.0050361385;-0.0070787854;-0.0044520097
-0.01574766;0.027149472;-0.016061608
-0.0032231288;0.038907077;-0.025349285
-0.002578503;0.032688163;0.010970571
0.0073121977;0.02458803;0.008776457
0.008193508;0.038420424;0.013271165
-0.0051639434;-0.0114511615;0.0043669324
0.013056345;-0.05603593;0.0034935458
-0.004398674;-0.024516243;-0.009705164
0.0019498109;-0.014925495;-0.01401413
0.013278599;0.0052471044;0.013788695
0.002810379;0.015135184;-0.0077190436
-0.013376697;-0.003516853;0.018824765
-0.019295108;0.0049990173;0.040059812
-0.015436086;0.013374214;-0.01170215
0.009526132;-0.023675628;-0.02811172
0.019339655;-0.040815502;-0.016239377
0.007659224;-0.015464903;-0.012991501
-0.0032476208;0.053253077;0.008356799
-0.018223098;0.073852465;0.02543544
-0.008328477;0.03095697;0.05159835
0.018337218;0.002890576;0.022528682
0.014669774;-0.0070625395;-0.031977054
0.01564207;-0.03533753;-0.019331643
-0.0031113443;-0.039207526;0.009534685
-0.022801576;-0.01886602;-0.0048722522
-0.01824126;-0.018217817;-0.0038978017
0.013531991;-0.023949252;-0.009368242
0.008481843;0.018340597;-0.0012445931
0.010691725;0.05529748;-0.019745674
0.01636588;0.067675486;0.015453461
-0.021282297;0.019765386;0.018612769
0.013442913;-0.013875191;0.008640215
0.009191831;-0.006412653;-0.0055878283
0.020634715;-0.027005123;-0.010720262
-0.0030234784;-0.054416597;-0.00232621
-0.028200032;-0.043533277;0.004389032
-0.035060026;0.0073608775;-0.008988774
-7.04271E-4;0.046513703;-0.02594102
-0.010719667;0.07002346;-0.020752816
0.0070492667;0.07320627;0.008397748
-0.0076418365;0.022627516;4.6819798E-4
0.0016990306;-0.028772987;3.7455838E-4
0.031827975;-0.03864339;-0.018450353
0.03639988;-0.027789712;-0.0022602826
0.018182404;-0.00973177;0.010691774
0.0028271729;-0.010910416;0.02730342
-0.013363262;-0.061853334;0.021842735
0.018215641;-0.038545165;-0.04502581
-0.019802488;0.044163868;0.01397935
-0.05021699;0.0775186;0.02368348
-0.017517341;0.041702375;-0.006053216
0.0031736265;0.0083619;-0.0110925725
0.010351401;-0.01206048;0.003625942
-0.0010938791;0.002851616;-0.0033492465
-0.006343853;-0.011781207;0.003570603
-0.0011688326;-0.043799967;0.009106482
-0.004841316;-0.022539973;-0.011464814
0.0070644473;0.041343022;0.0033281487
0.026745308;0.039324418;0.015162519
0.006552496;0.004897034;0.005880015
-0.001008003;-0.007019873;-0.014045988
0.009349847;-0.0431159;0.0012632097
0.030136129;-0.053242717;0.019760568
-0.0047973474;-0.048844174;0.0033084543
-0.03899413;-0.04063784;-0.0036032367
-0.0054140524;-0.027822772;-0.01538259
-0.004331242;0.008991783;-0.0060560713
-0.024558743;0.054068428;-0.017344857
-0.024334494;0.05262974;-0.007625886
8.449041E-4;0.023353793;0.0063992916
0.028800923;0.023370534;0.011369433
0.01600949;-0.0078660725;0.0028455465
-0.01609866;-0.025042858;-0.0039735627
-0.020691426;-0.026284287;-0.00942885
-0.008740642;-7.1492925E-4;-0.01379308
-0.0069925133;0.0025530567;0.007715536
0.02096849;-0.032332554;0.0124224285
-0.0058814585;-0.046178542;-0.002562057
-0.011736417;-0.016630335;-0.0020496456
-0.015639134;0.025758231;0.0046102833
0.008582443;0.037794087;0.041188225
0.016240954;0.023985269;-0.0045494186
-0.015913486;0.037938215;-0.016139535
-0.011168289;0.028788071;0.012088372
0.0012216187;0.016780457;0.009670698
-0.002928955;-0.011575634;0.013986558
0.022656836;-0.0014480072;-0.013810754
0.018125469;-0.0011584058;-0.011048603
0.012156625;-0.041551724;-0.015088882
0.00581905;-0.06917888;-0.012071106
-0.00471976;-0.0678431;-0.022156885
-0.016275808;-0.043336984;-0.0052255075
-0.022395646;-0.008107087;-0.016680406
0.013333483;0.026326831;-0.013344325
-0.0026144637;0.019498965;0.02057454
-0.020060321;0.034349173;-0.014790368
0.0042642434;0.046229336;6.677056E-4
0.035442643;0.05260847;0.0067841643
0.028354116;0.026461776;-8.226684E-4
0.011745793;0.018044421;0.018091865
-0.036697116;-0.018376963;0.020723492
-0.023107693;-0.03970157;0.004078794
0.005732596;-0.034886256;0.003263035
0.004586077;-0.021659005;-0.022389572
0.009137611;0.018610295;0.019588342
0.009653839;0.021138236;0.021920674
-0.01962068;0.01691059;-0.0012134608
-0.017259043;0.01665347;-0.007220769
-0.012244734;-0.019489722;-0.005776615
0.0058292123;-0.015591778;0.0016287081
-0.00314913;-0.010910923;0.0013029664
0.007636946;-0.011853738;0.019792372
0.009234557;0.01239201;0.0158339
0.0073876455;0.008351108;-0.0060828812
0.012160117;-0.037069112;-0.004866305
0.005821843;-0.03590529;-0.0038930438
-0.014873776;-0.014661733;-0.015614435
-0.009555271;0.010145614;-0.018741548
-0.0037379663;0.04092899;0.0037567616
-0.005334123;0.08118069;0.015505409
0.0019827015;0.049319554;-9.567264E-5
0.010961161;-0.021481857;0.0061734617
0.01814393;-0.032810487;0.0049387696
-0.010484857;-0.051248387;-0.021048984
-0.020887885;-0.09099871;-0.016839188
-0.015147808;-0.06811147;-0.01972135
-0.010555747;0.0095733255;-0.00327708
0.0032741528;0.08109616;0.003628336
2.7557212E-4;0.06487693;0.002902669
0.008032958;0.025339043;0.008572135
0.008770117;0.012458734;0.006857708
0.008578593;0.020904487;-0.0070138336
0.022487875;0.0026610899;-0.018111067
0.02502155;-0.04318363;-0.0019888536
-0.0042015105;-0.0532969;-0.0015910828
0.0060137915;-0.019200021;0.023727134
9.047833E-4;0.009639982;2.3170702E-4
-0.016463673;-0.021975514;-0.012314634
-0.016295938;-0.03476791;-0.0036017075
-5.3675094E-4;0.004998171;0.009618634
-0.0223044;0.030561037;-0.011055093
-0.01471852;0.0041363295;-0.015094074
-0.0023998164;0.036121562;-0.0058252593
0.019173896;0.04295975;0.007839792
0.024714118;0.024992801;0.031271834
0.025240043;-3.1825947E-4;0.006267467
0.010817035;-0.040879607;0.005013974
-0.008533872;-0.059266187;-0.02098882
9.854025E-4;-0.03335045;-0.023041056
0.008600822;-0.021992858;-0.024682846
-0.0048380923;-0.034781788;-9.962764E-4
0.007848276;-0.0012629298;0.005452979
-0.021065129;0.031802155;0.0106123835
-0.027008353;0.069191724;0.014739906
-0.020044183;0.04441588;0.011791925
-0.008222846;0.015220204;-0.00931646
0.009827973;0.0074886633;-0.0012031678
0.0039561284;-0.020571569;-9.625343E-4
-0.008553848;-0.043019757;-7.7002746E-4
-0.010749328;-0.043790806;-0.006866022
0.010931788;-0.025657644;0.0070071826
0.01655793;0.0075988853;-0.013144254
0.009340094;0.020141609;0.008234597
-3.4042465E-4;0.027050786;0.0065876776
0.02316516;0.012265629;0.005270142
0.012282128;-0.0042499965;0.010466114
0.0059194528;0.026287504;0.01462289
0.008641812;0.024155002;0.03669831
-0.01183655;-0.040051;-0.01439135
-0.01728174;-0.016415799;-0.04276308
-0.034137893;0.004054861;-0.009210464
-0.044497814;-0.013943611;-0.0011183711
-0.005910751;-0.026779888;0.005355303
0.017927648;-0.01673641;-0.014465758
0.02059212;-0.002451629;0.007177394
0.0047549456;0.007413697;0.005741915
0.020991456;0.016868457;0.035843533
0.007418165;0.041619767;0.016174825
0.015309532;0.016108314;-0.024560139
5.288757E-4;-0.0121133495;-0.0071481117
-0.0089519;-3.156798E-4;-0.011968489
-0.0048177694;0.009122456;0.009175208
-0.0061979657;0.022922965;-0.011409833
-0.013552123;-0.003536628;0.015872134
-0.031154199;-0.0075168023;1.9770682E-4
-0.0014858585;-0.013825942;-0.0060918345
0.017561313;-0.023560753;-0.0048734676
0.020299051;0.015526397;0.008601226
0.01389549;0.018671118;0.013130981
0.0072101424;0.019624393;0.016754784
-0.005169386;0.020387016;0.0071538277
-0.008041759;0.016309611;-5.269379E-4
-0.018152157;-0.01195231;-0.02542155
0.0011032743;-0.045499347;-0.007837241
-0.0030236305;-0.03639948;-0.025019793
0.0069560953;-0.04005708;0.011234166
0.017283626;-0.024233166;0.008987333
0.03492065;0.011863467;-0.017810134
0.02012402;0.040740773;-0.0017481069
-0.018275782;0.04040512;0.017351514
-0.029464377;0.032324094;0.0013812116
-0.014977751;0.007109276;-0.017645031
-0.004169701;-0.024000078;0.004633975
-0.016617011;-0.006700063;0.0037071803
0.0078001413;0.005577449;0.009215744
0.010146363;0.02164946;0.019872595
0.02374209;0.0095070675;-0.015351924
0.0072749224;0.007605654;2.1846106E-4
0.0058199377;0.027959524;0.012674768
0.00621845;0.028617619;0.0038898152
-0.008306489;-0.020855905;0.003111852
-0.018363941;-0.055747226;0.0024894816
9.338466E-4;-0.066472776;-0.010508414
0.010122078;-0.028178224;-0.014656732
0.008097662;-0.011605078;0.013274615
0.0049156295;0.046965938;0.023119692
0.013307503;0.07507275;-0.012754247
0.022364752;0.033495698;-0.0039533973
-0.0032019478;0.0064840596;0.0030872822
-0.015842808;-0.018250253;0.033719826
-0.0032992465;-0.0036627017;0.008225861
-0.0026393973;-0.0029301613;0.0065806885
0.0017947322;-0.028906628;-0.03223545
-0.004814214;-0.018437803;-0.0070383595
-0.0054138713;0.0039997576;-0.011880687
-0.017612347;0.034449805;-0.01575455
7.5387233E-4;0.004122345;-0.00635364
-0.004865652;-0.013889624;0.013667088
-0.007798772;-1.7419939E-4;0.01718367
0.0054797325;-0.01576436;0.0074969362
0.012196286;-0.007923988;0.012247549
-0.003524221;0.0014733099;0.00979804
-0.016881878;0.001178648;-0.017161569
-0.0056930017;0.005630418;-0.019979255
-6.481512E-4;0.015441835;0.0027665962
0.008856479;-0.011084032;0.002213277
0.0031789332;-0.024492227;-0.016979378
-0.020113103;0.0038437194;-0.0073335026
0.016722018;0.0077624754;0.006633198
0.022752615;0.01245998;0.024056558
0.008827091;0.011530484;-0.018254753
8.116728E-4;-0.0032756126;-0.014603803
-0.0032569116;0.00987951;0.019566957
-0.0041680294;0.050091106;-0.0030964338
0.0021343264;0.011947886;-0.008727147
0.01576996;-0.007629191;-7.317176E-4
0.010272219;0.0017091472;-5.853741E-4
-0.014438475;0.0091798175;-4.6829926E-4
-0.00998828;-0.008281146;-3.746394E-4
-0.002521874;-0.03787492;0.0059502884
0.0042325007;-0.07092493;-0.0014897692
0.011198501;-0.052052446;0.0050581847
-0.0051036994;0.020858042;-0.020953452
-0.02127046;0.061998934;0.03948724
0.0040773824;0.085536644;0.02533979
0.0016994058;0.08874182;0.0015218324
0.0029220248;0.06630596;0.007467466
-0.02891238;-0.009455237;-0.019026028
-0.045004904;-0.1263142;-0.021470822
-0.051628925;-0.11980135;-0.010926657
0.016509362;-0.05521608;-0.014991326
0.03976999;-0.006672865;0.0067569395
0.037284743;0.05091171;0.030405551
-0.006109707;0.103229366;0.005574441
0.016205985;0.081020996;-0.008040447
0.022339787;0.035129294;-0.018932357
-0.01962817;-0.056271564;-0.002645886
-0.028202536;-0.110642254;-0.014616709
0.004781721;-0.0947638;8.0663286E-4
0.059294127;-0.05237354;0.025645306
0.058372803;0.0096636675;0.045516245
0.03185449;0.051480934;0.011412996
0.013764843;0.05368475;-0.022119604
-0.028831875;0.0429478;-0.023945682
-0.037128;0.017170738;-0.006656546
-0.03673365;-0.01126341;-0.005325237
-0.03719942;-0.024635728;0.0019898105
-0.045384537;-0.036896084;-0.01715815
-0.014432629;-0.021704366;-0.013726521
0.022047646;0.0029490076;-0.017231217
0.033263117;-0.005453294;0.0049650264
0.022704244;0.0050123646;0.02897202
0.019725895;-0.008490108;0.004427617
0.012655716;-0.030229587;0.009792093
0.032780822;-0.04137117;-0.023416325
0.0066934084;-0.014346936;-0.01248306
0.0053547267;0.022897452;-0.028736448
-0.0027474687;0.051130462;0.0082608415
-0.021729225;0.04715437;0.031608675
-0.03613338;0.037723497;0.012786939
-0.028906705;0.037991296;-0.014770449
-0.008281613;0.030393036;-0.0055663595
-0.010531541;-0.02256057;0.014296913
-0.012331482;-0.052423455;-0.00731247
-0.0059589357;-0.020063765;0.019150024
0.0053891013;0.018323988;-0.0034299807
0.01759253;0.03340919;-0.008993984
0.027355274;0.026727352;0.0053048125
7.904698E-4;0.026069382;0.02924385
-0.003273874;-0.0025819945;0.02339508
0.009099651;0.0010594043;-0.012533936
0.0127484705;-0.047589976;-0.01627715
0.0047300262;-0.03182198;-0.019271718
-0.013403479;0.013604915;0.009582625
-0.001347783;0.021821432;-0.0110839
0.014546773;0.008082146;-0.04011712
-0.006331331;0.029903216;-0.007093696
-0.052721314;0.06923507;5.750431E-4
-0.053114552;0.04757556;-0.0057899654
-0.01905414;-0.038502052;0.0016180276
0.008975437;-0.11517664;0.020044422
0.0071803494;-0.076516315;0.053535536
0.06902553;0.03253695;0.02407843
0.08959542;0.052592058;0.0130127445
0.05214509;0.031136148;0.016660195
0.012809821;0.04834642;0.0070781563
-0.046002142;0.06523963;-5.87475E-4
-0.06961422;0.024066707;-0.01296998
-0.05412887;-0.029184135;0.002124016
-0.038615596;-0.026472308;-0.017050788
-0.012142478;-0.0024278457;-0.032390628
-0.0065889824;-0.023817277;-0.025912505
0.010353814;-0.0049913214;-0.001980003
0.027033051;0.025694443;0.023415998
0.01772019;-0.010694446;0.024982799
0.008707403;-0.031993058;0.0074862386
-0.016471578;-0.061531946;-0.03151101
-0.005364762;-0.061725557;-0.018958807
0.0035206904;-0.0056304447;-0.008917046
-0.0065584476;0.053308144;0.005366363
-0.007590508;0.041084014;-0.020706909
0.0056463433;0.05630471;0.008434473
0.034985825;0.07004377;0.037997577
0.03189491;0.056035016;0.030398061
0.017703427;0.0026405125;0.00556845
0.011037743;-0.04476259;0.02320476
-0.012263556;-0.09674757;-0.025186192
-0.021529594;-0.108648054;-0.051398955
-0.020348676;-0.08066845;-0.047369163
-0.011591441;-0.028597256;-0.00664533
-0.010835652;0.033372194;0.0071837357
0.016331477;0.06732275;0.02449699
0.010721432;0.092920706;0.013347591
0.018733395;0.114961565;0.016928073
0.028267967;0.048219252;0.026042458
-0.0062918765;-0.0270496;0.027083967
-0.02456475;-0.06382718;-0.009582827
-0.02512055;-0.07606174;-0.02641626
-0.008377691;-0.048349395;-0.014883009
-0.0051396526;-0.0027420158;0.0068435925
0.005263278;0.030618887;0.024224874
-0.0067268778;-0.0020673901;6.298993E-4
-0.009287752;-0.025091412;-0.0057460805
0.017569799;-0.03101063;-0.0045968643
0.02343084;-0.041996002;-0.022427492
0.017182171;-0.028909303;-0.036691993
-0.013598014;-0.030939942;-0.010603595
-0.02884716;0.033060547;-0.0022328757
-0.0027652285;0.07019844;0.0044636996
0.024350317;0.08115875;0.02232096
0.014011504;0.036802;0.0053567677
0.024490453;-0.0096209;0.029285414
6.1112405E-5;-0.03894672;0.023428332
-0.02104486;-0.07959487;-0.018757336
-0.009023388;-0.0714884;-0.027505867
-0.0033124604;-0.03844072;-0.022004694
-0.03468122;0.0020599235;-0.030103756
-0.026182475;0.03602294;0.013416995
-0.02094598;0.027255852;0.035733595
0.008243216;0.021804681;0.009836877
0.051907074;0.008068745;0.026619501
0.05558816;0.008017495;-0.0037043986
0.0061892765;-0.013898503;-0.009213519
-0.0012985787;0.006068697;-0.001120815
0.010679887;0.015792457;-8.966521E-4
-0.0109873405;0.018883966;0.018032677
-0.015821122;0.024482174;-0.029323857
-0.026719397;0.0023982383;-0.010959086
-0.027625518;-0.01058141;0.01623273
0.0021183353;-0.022527628;4.8618505E-4
0.018882168;-0.005522102;-0.012111052
0.0072932346;-0.015355182;-0.009688841
-0.017602913;-0.012284146;-0.007751073
-0.02267608;-0.006702316;4.9141396E-5
-0.010328364;0.024325646;0.006289313
-0.008262691;0.019460518;0.0050314507
0.011358597;0.035880916;0.0040251603
0.03408688;0.03807973;0.009470128
0.025707003;0.002338785;-0.0049238973
0.0033781016;-0.040316474;-0.003939118
-0.018391268;-0.05725318;-0.015651295
-0.033463016;-0.036427543;-0.012521035
-0.014270412;0.0052329665;-0.022516828
-0.011416329;0.011998873;-0.0055134627
0.0010231864;0.033036597;-0.0044107703
-0.0030877008;0.02799178;0.015221383
0.012373589;0.002080923;0.043427106
0.030992622;-0.012397761;0.028491685
0.023231598;-0.02554321;-0.008456651
0.017022777;-0.012622068;-0.0067653214
0.013618222;0.018027347;-0.017912257
-0.008636672;0.003484377;0.0044201943
-0.029565588;-0.0409625;0.0035361557
-0.02677747;-0.042145;-0.0034210756
-0.015171976;0.013159001;-0.02148686
-0.001981331;0.0386522;0.0078105116
-0.005491315;0.02779676;0.0124984095
0.0010756982;0.0128624085;-0.0025012726
0.0032043085;-0.0022100732;-0.002001018
-0.016186554;-0.0064555584;0.0046491856
0.019082008;-0.030164447;0.009969348
0.007453106;-0.028819058;0.020475479
-0.0034125152;-0.043367747;0.003880383
-0.022261262;-0.028444197;-0.021895694
0.01890974;-0.013380357;-0.011266555
0.029971542;0.012733214;-0.009013244
0.026320985;0.025811572;-9.605951E-4
0.047619287;0.030024257;0.017981524
0.04043918;0.033394404;0.04563522
0.020632593;0.022028025;0.030258175
-0.024118925;-0.01987758;-0.01954346
-0.06226389;-0.09871457;-0.059384767
-0.04512361;-0.08834665;-0.047507815
-0.03609889;-3.6482117E-4;0.0057437485
-0.01794161;0.08095814;0.029594999
-0.0018532893;0.16632901;0.011175999
0.0024236185;0.16118822;0.008940799
0.019126395;0.14613807;0.0071526393
0.045769867;0.104410455;0.030722111
0.028803393;-0.016471636;-4.2231075E-4
-0.023051037;-0.1334898;-0.03158785
-0.04109708;-0.13022935;0.005979721
-0.031315163;-0.09637098;0.004783777
-0.0039583803;-0.06928428;-0.0024229784
0.035114545;-0.0054274257;-0.0019383827
0.042154137;0.09253306;0.035949294
0.01653581;0.15840144;0.041259434
-0.0023963526;0.12359616;-0.004492452
0.003551668;0.06918943;-0.028593961
0.009091334;-0.008710959;0.0021248306
0.0033668175;-0.056968767;-0.017050136
-0.010587796;-0.13932501;0.017609892
-0.0014389869;-0.1755225;-0.017162086
0.03947381;-0.054480508;-0.07622967
-0.03092095;-0.004521907;-0.017233735
-0.08098676;-0.0036175256;0.023713011
-0.005414409;0.040855978;-0.03727959
-4.252772E-4;0.06862228;-0.011073672
-0.015183972;0.100210324;0.041141063
-0.04495968;0.06766826;0.01416285
0.024969758;-0.005240391;-0.0011697203
0.05825706;-0.057317313;-0.013435776
0.052074395;-0.05210385;0.008001379
0.061190765;-0.04949558;0.012651104
0.027858863;-0.053658962;0.022620883
-0.01990041;-0.06636467;0.005596706
-0.05654533;-0.049966738;-0.033022635
-0.063986264;0.02565161;-0.013918108
-0.01993901;0.065833785;0.0013655135
0.009830042;0.06672953;0.0010924108
0.021926533;0.061196126;0.019623928
0.017541228;0.0567694;0.028199144
0.021064231;0.05635302;0.0038093142
0.027007636;0.054457415;0.015547452
0.019262359;-0.0017465674;0.006187961
-0.0033401134;-0.043584753;-0.0012996311
-0.018297091;-0.070805304;-0.019789705
-0.020106422;-0.12695675;0.0091682365
-0.018428888;-0.090627894;-0.011415411
-0.01474311;-0.025627315;-0.046632327
-0.011794488;0.010748148;0.018944137
0.01400191;0.021098519;0.01515531
0.019014027;0.046566315;-0.0066257524
0.03396122;0.09506555;0.013449398
0.023262728;0.13542745;0.017009519
0.005328932;0.16302945;0.026107615
-0.026205605;0.09761106;0.020886092
-0.013151984;-0.01097365;0.010458874
0.013697163;-0.13221642;0.0021170988
-0.0062297694;-0.15264814;-0.023306321
-0.015921315;-0.142431;-0.037395056
-0.018987052;-0.082694806;-0.042416044
0.009810358;-0.013030846;-0.015182836
0.011754536;0.053637825;0.03160373
0.0039348793;0.097597755;0.044032983
0.008616653;0.115578204;-0.0022736122
-0.008731677;0.08621257;0.016931111
8.271581E-4;0.026782552;0.013544888
0.016286727;0.002676042;0.0045859106
0.020841882;-0.021296667;-0.0150812715
-0.014576495;-0.059224833;-0.012065018
-0.022598697;-0.08331737;-0.009652014
-0.040735207;-0.0932164;-0.007721611
-0.041963164;-0.065198116;-0.006177289
2.3217632E-5;-0.0068459916;-0.017441832
0.027362324;0.036710706;0.023546536
0.03517111;0.07936857;0.03758723
0.03360564;0.08068235;0.011319783
0.01125951;0.020795882;0.002805826
-0.013648642;-0.030238295;0.0022446609
-0.032012664;-0.0070031355;-0.016954271
-0.004516381;0.0037724916;-0.019813417
0.012011895;0.0030179932;0.021649266
0.024453266;0.0055393944;0.017319413
0.023468863;-0.0049434844;-0.01739447
-0.011693659;-0.035204787;-0.0076655755
-0.0077924277;-0.05160133;-0.012382461
-0.0038901921;-0.067843564;-0.009905969
-0.0031121536;-0.010524851;0.017075226
-0.008739723;0.06345512;-0.00508982
-0.031210529;0.0679516;0.014678144
-0.0023121727;0.059048776;-7.5748464E-4
0.0036190117;0.04411402;0.011894012
-0.01429229;0.0087287165;-0.00923479
0.008097418;-0.035204526;-0.019887833
0.015852934;-0.08441362;-0.015910266
-0.008411403;-0.0862809;-0.006478213
0.008895878;-0.0065247174;-0.00518257
0.008679202;0.044780225;-0.0041460562
-0.010244139;0.06238668;0.015433155
-0.00975781;0.035846844;0.012346524
-0.0023374984;0.013052476;-0.0026227806
0.005942501;0.0041919807;-0.014598224
0.0313165;0.0017910844;0.01957142
0.021146951;-0.007942133;0.021907136
0.01926131;-0.020416206;0.017525708
0.015409049;-0.016332965;0.014020567
6.084888E-4;-0.013066372;-0.007533546
-0.012794459;0.036421902;0.006473163
-0.014141818;0.03851252;0.0051785302
-0.024594704;0.0058100177;0.0041428246
-0.010300763;0.012460514;-0.02793574
-0.01214686;5.9341127E-4;-0.016098592
-0.022217488;-0.03702527;-3.7887393E-4
-0.0013677407;-0.012432717;-0.0253031
0.010624558;-0.028696174;-0.0077424794
0.010062146;-0.0057694386;-0.0061939834
0.023674717;0.001634449;-0.004955187
0.015033524;0.01068256;0.02103585
-0.012973181;0.035108548;0.01682868
-0.018191045;0.062461838;-0.0052870554
0.008884664;0.06871947;0.008270356
0.012576481;0.023725577;3.662844E-4
-0.007126315;-0.02789454;0.019043028
-0.015076052;-0.04262813;0.033984423
-0.022217091;-0.030977504;-0.016562462
-0.0076174233;-0.024782004;-0.03824997
9.373114E-4;-0.015138104;-0.018099977
-0.0023751508;-0.018360483;0.01677002
-0.029243872;0.010311614;0.025916016
-0.0101138465;0.0019992911;-0.016767187
0.009096423;0.010974433;-9.1375015E-4
0.026808389;0.018154547;0.0117689995
0.008165461;0.036398638;0.0031652
-0.0012801315;0.04005641;-0.02871784
0.008350895;0.04142013;-0.010474272
0.014493216;0.025323601;-0.0083794175
0.015500823;-0.0031786181;-4.5353413E-4
-0.003224342;-0.0025428946;0.030887173
-0.015860723;-0.052034315;0.030959738
-0.008782329;-0.06350245;-0.01273221
-0.004682113;-0.06017696;-0.016435768
-0.0076519405;-0.03876657;-0.019398615
-0.008465302;0.037736744;-0.0030188912
-0.010678492;0.077064395;0.03508489
0.0016134565;0.05227652;-0.0031820904
0.012228265;0.016821213;-0.015045673
0.019938862;0.01345697;4.6346214E-4
0.00970109;-0.029859424;0.01287077
-5.162822E-5;-0.04107504;0.010296616
0.0038649475;-0.02192253;0.008237293
-0.002376792;-0.017538024;-0.005910166
-0.0073701837;-0.0062179198;0.0015218672
0.003478853;-0.004974336;-0.017532507
-0.010498168;0.014770531;-0.020276004
-0.014648534;-0.005371075;-0.003720804
0.0039061727;-0.01523436;0.003273357
0.0070311883;-0.021562489;0.008868686
-0.0076562995;-0.01724999;0.0070949486
9.0621045E-4;0.023700008;-5.740413E-4
0.016349968;0.034585007;0.005790767
0.016986225;0.016730504;0.017132614
-0.00906727;0.011821904;0.0074560908
-0.015066316;-0.003042477;-0.031535126
-0.001115553;0.01787852;-0.012728102
0.0053575574;0.011177815;0.021067519
0.008192296;-0.0129327485;0.004354015
-0.016883664;-0.0384712;-0.021516789
-0.0033506805;-0.015151959;-0.02346343
0.012163206;0.003503433;-0.0062707444
0.012074314;0.018427746;0.026233405
0.0018469515;0.005367197;0.0084867235
-0.0118036885;0.007418758;0.006789379
-0.009442951;0.024685007;0.011681503
-0.017710611;0.033810504;0.0030952024
-1.0598863E-4;0.036423404;0.008726162
0.009290209;0.027576223;0.013230929
-0.016005334;0.007998479;-0.014415257
-0.006554266;-0.012351217;-0.017782206
0.013506587;-0.038005974;0.010774236
0.0014302697;-0.07102978;-0.022630611
-0.0027620343;-0.049011324;-0.02435449
0.024352873;0.0061034416;0.005516409
0.0351073;0.04550775;0.035663128
0.018710839;0.045781203;0.0285305
-0.012375079;0.042874962;-0.008425599
-0.009900063;0.04679997;-0.012990479
0.023329949;0.024939975;0.008357617
-0.00867979;-0.023798019;0.031686094
-6.9383247E-4;-0.06591342;-0.024651125
-0.027898816;-0.062105734;-0.0134709
-0.029350303;-0.044997085;0.00797328
7.385078E-4;-0.0094351685;-0.018621376
-0.008784194;0.017451866;-0.002397101
-0.012496105;0.026461491;0.010582319
0.012659366;0.038356695;0.027215855
0.014033743;0.013497855;0.0030226843
0.005758244;-0.009514216;-0.022581853
0.0022628454;-0.016986374;-0.030565482
0.013529026;-0.019839099;-0.011952385
0.003010721;-0.03930878;0.02168809
0.018033577;-0.022072023;0.011100473
-0.0066668885;0.007342382;-0.0036196215
-0.017052261;0.018373905;0.022104302
-0.0073918086;0.033449125;0.0051834425
0.001117803;0.0251968;-0.008353246
0.021987993;-0.022030061;-0.025432598
-0.001159606;-0.04262405;-0.007846078
-0.028271435;-0.0075367386;0.006223138
-0.010898398;0.003345609;0.01122851
0.0069062817;0.018301487;0.021482809
0.0070875254;0.02714119;0.0046862466
0.00957627;0.0014004519;-0.0025010027
0.015473517;-0.0066921385;0.010499198
0.013941313;0.02120879;0.0021493584
-0.01540945;0.024779532;0.014219487
0.0032974402;0.012011125;-0.02612441
0.010450453;0.0049214;-0.03339953
0.0153916115;0.03831212;0.004530377
0.0029382894;0.047837198;0.028624302
7.8813155E-4;-0.008605243;0.016649442
-0.014994495;-0.033446696;-0.017930446
-0.008089346;-0.070507355;0.0106556425
0.023997273;-0.07046838;0.002274514
0.005916569;-0.031374708;-0.016930388
-0.017922996;-0.003224766;0.005205689
-0.041682146;0.008357687;-0.002085449
-0.025533216;0.033248648;0.004581641
-0.020426573;0.03597392;-0.021334687
-0.0030600089;0.041279137;-0.010817749
0.028020743;0.03614831;0.0100958
0.024760345;0.0054811467;0.02682664
0.017464526;-0.022177583;-0.009788688
0.008502871;-0.028679566;-0.0015809503
-0.0010102036;-0.041693654;0.00498524
0.022629337;-0.005229922;0.003988192
0.03138472;0.038003564;0.0031905535
0.013389026;0.03352785;-0.009947557
-0.02757003;0.01588478;0.004541954
-0.027524773;0.039270323;-0.021366436
0.02173018;0.03141626;0.0016568507
0.022852896;-0.010804493;0.020075481
0.0034385659;-0.027393594;0.009810384
-0.0050616474;-0.028164875;-0.004651692
-0.007955568;-0.0069069;0.015028646
-0.0040207044;0.0054119797;-4.7708317E-4
-0.009466563;-0.0034829162;-3.8166653E-4
-0.013042001;0.0019011671;-0.0065553333
-0.0065273507;-0.010979067;0.013505734
-0.01303438;-0.004095753;-0.0016954133
0.009103745;-0.007964103;-0.013856331
0.0049392465;-0.020433782;-0.036085065
-0.017142354;-0.022597026;-0.016368052
-0.030901382;-0.06026512;0.018155558
0.0018413942;-0.051337097;-0.010475553
0.0014731154;-0.041069675;-0.008380443
0.018365992;0.007769258;-4.5435393E-4
0.059224043;0.096840404;0.024636516
0.041129235;0.111847326;0.038459215
-0.010846612;0.02697786;0.012017371
-0.04852104;-0.0049802116;-0.0028861035
-0.012254331;0.0100783305;-0.021058884
-0.029334715;0.029937664;-0.023097105
-0.011749023;0.0020751315;-0.018477686
-0.018774217;-0.034277394;-0.027282149
-0.030644374;-0.005546916;-0.015575718
-0.0213905;0.004937467;0.037539426
-0.0030498996;-0.016362526;0.03003154
0.02490383;-0.002152521;-9.747678E-4
0.055860564;0.017027983;0.017970186
0.0642197;0.049559887;0.020626148
0.01700076;0.05683541;-0.008499081
0.009694359;0.07671833;0.036950734
0.009317988;0.07387466;0.0108105885
-0.01754561;0.04503723;-0.01010153
