0.012333312;-0.0034124667;0.011895088
4.9165E-4;-0.018354973;0.00326607
-0.0058566798;-0.030308979;0.008862856
0.001564656;-0.05080968;0.007090285
0.010626725;-0.039085247;-5.777721E-4
-0.0032173702;-0.001580697;-0.019212218
0.007582354;0.033110444;-0.015369774
-0.0142466165;0.042113353;0.012704181
-0.022334794;0.043065682;0.010163344
-0.019430336;0.011015046;0.008130675
0.0063307323;-0.0068129627;2.545405E-4
0.017564585;-0.008575371;0.0064536324
0.0046766684;-0.034985296;-0.0010870941
0.011553835;-0.032675736;-0.013369675
-0.006381932;-0.043328088;-0.00444574
0.0027069543;-0.0127874715;-0.0035565922
-9.594365E-4;0.013207522;-0.0028452738
-0.01326755;0.046503518;0.003973781
-0.005926539;0.051265314;-0.009320975
0.015571268;0.014449752;-0.0012067802
-0.009417986;-0.015002699;-0.007215424
0.0018406118;-0.010439659;-0.005772339
0.01787874;-0.011476727;-0.010867871
0.026021741;-0.010743882;0.010055703
-0.0065263566;-0.008595105;0.0017945623
-0.0060023353;-0.020938585;-0.011064351
-0.028239368;-0.015188367;0.0036485197
-0.011653994;-0.002775694;0.015418815
-0.0015106957;0.004029445;0.012335053
-0.009021057;-0.0030264442;-0.0026319579
0.016220655;-0.0024211553;-0.008355566
0.0129765235;0.0027505758;-0.006684453
-0.009931281;0.01157546;-0.0053475625
-0.011070025;-0.017302131;0.00822195
0.01223773;-0.0013417052;0.00657756
0.009790184;0.008301636;0.024012048
-0.0070116026;-0.010546192;0.0067096385
6.4071786E-4;-0.011561953;0.0053677107
-0.004174926;0.0016879375;-0.014455832
-0.0049024406;0.02478785;9.353349E-4
0.0070155477;0.03076778;0.013248268
0.0017061881;0.029301723;-0.0019013857
0.0076149506;-0.0093711205;0.0109788915
-0.00875179;-0.004371897;0.0025331131
-0.008563932;-0.017560018;-0.0042235097
0.020492604;-0.021860514;-0.0033788076
0.018737834;-0.029988412;-0.021453045
0.012646517;-0.023990728;-0.017162437
-0.020351537;0.008932417;-0.02622995
-0.02096873;0.046208434;-0.008483959
-0.024587484;0.041654248;0.011962832
-0.014982487;0.020823397;0.0033202658
-0.0010484894;0.013533718;-0.0035937873
0.0038487085;-0.004798026;0.00962497
0.020266468;-0.02258842;0.007699976
0.0044944235;-0.047758237;-9.00191E-5
-0.0049982113;-0.02570659;-0.012572016
0.010845181;0.007559729;-0.0038076122
0.021957396;0.046672784;-0.02804609
0.008190916;0.052963227;0.033813126
-0.0036035173;0.04080808;0.008300503
0.004929686;0.012333965;0.012890402
-0.007775001;-0.018257828;0.016562322
0.0015924991;-0.0052312627;7.498573E-4
-2.8850068E-4;-0.03699751;-0.0056501143
0.0052379495;-0.03741051;0.020479908
2.8410956E-4;-0.029928407;0.010133927
-0.021647712;0.008869775;0.0018571415
-0.02981817;8.458199E-4;-0.029764287
0.0011454641;0.005364156;-0.03631143
0.0024788713;0.019916324;-0.0040491438
0.016045596;0.03468306;-0.0032393148
0.0026802276;0.021496449;-0.015091452
0.0013629321;0.0046971585;0.0066768387
-0.016097154;-0.013429773;0.0053414707
0.008997276;-0.024806319;-0.0019768234
0.018916572;-0.026095055;-0.0015814587
-0.016897993;-0.013063544;0.011234833
-0.015080894;-0.019825835;0.027737867
0.013716535;0.013826832;0.015940294
-0.0038705224;0.025123965;2.5223452E-4
0.0039348323;-0.0064633274;-0.012298212
0.028147865;-0.006733162;0.02766143
-1.3795748E-4;0.01336347;-0.0028708559
-0.015735365;0.015378276;-0.021046685
-0.020400792;-0.014259879;-0.023087347
-0.0022581343;-0.027032902;2.8012178E-4
0.0013184926;-0.009126322;-0.0060259025
-0.003632706;0.017698942;-0.004820722
-0.0029061646;0.0063466537;-0.016356578
8.000682E-4;-0.013672677;0.005664738
0.010015055;0.020311859;0.01078179
0.025199544;0.033436988;0.0023754323
0.001409635;0.014249589;0.014400346
-0.017622292;-0.0057878285;0.036520276
-0.014097834;-0.051505264;-0.0020337787
-0.030028267;-0.03651671;-0.026627023
-0.020897614;-0.04796337;-0.027551617
0.011406909;-0.027433194;-0.022041295
0.030219277;-7.155566E-5;0.0011169643
0.030425422;0.037442755;0.019643571
9.028375E-4;0.042454205;0.03446486
0.00306602;0.027713364;0.015071886
0.006359066;0.014358191;-0.0066924915
-0.0011627472;0.011486553;0.007146007
-0.017336449;-0.026748259;-0.0130331945
-0.0013691582;-0.030773606;-0.010426556
-0.022970326;-0.016806385;-0.008341244
-0.010563761;0.011554892;-0.0066729956
0.02514274;-0.007943586;-0.0115883965
0.020114193;-0.0063548693;-0.009270717
0.048903853;0.0042911046;0.023833426
0.011779333;0.023745384;0.006566741
-0.0077640335;-0.006003693;0.0052533927
-0.031211227;-0.0048029544;0.010452714
-0.018718982;0.0102201365;-0.016637828
-1.3143504E-4;0.02536361;-8.1026286E-4
-0.010261398;0.021853387;-0.01314821
-0.012896619;0.00498271;-0.0042685685
-0.0056297947;-0.003826332;0.015335145
0.005652414;-0.026498565;0.024768116
0.0045219315;-0.027448852;0.007314493
-0.003413705;-0.026646582;-0.019148406
0.012112786;-0.018192265;-0.015318724
0.0010964789;0.013571188;0.012745021
8.771831E-4;0.02491945;0.022696016
-0.0055482537;0.00899806;0.0056568133
0.010405147;0.021260949;-0.0017245496
0.020042868;0.01700876;-0.02012964
0.012128044;0.008919506;0.015146288
-0.005922565;-0.014739394;-0.0066329692
0.005418198;-0.014916516;-0.011556376
0.029334558;-0.03537071;0.009504899
0.017217647;-0.01579657;-0.00489608
0.0059616175;-0.006387256;0.0023331358
-0.0061682058;0.016765196;0.008116509
-0.029934565;0.036849655;-0.012256793
-0.03332265;0.018542225;-0.016055435
-0.012595622;0.01483378;-0.006594348
-0.0038264971;0.050929524;-0.005275478
-0.017123697;0.02668112;-0.0042203823
-0.029323958;-0.022405105;-0.003376306
-0.010959166;-0.036674082;0.009798955
0.029513916;-0.035589267;0.020339165
0.033767384;-0.037846413;0.01627133
0.024670158;-0.03652713;5.1706505E-4
0.008798625;-0.0073467046;-0.018336348
-0.0031173497;0.0097476365;-0.020919079
-0.01499388;0.032798108;0.008264737
-0.027620103;0.048113488;-0.00588821
-0.045533583;0.05411579;0.0015394319
-0.011426866;0.0026676317;0.0074815457
0.027577257;0.020884106;0.012235236
0.043155555;0.037019785;0.009788189
0.043899443;0.0030533276;0.039080553
0.0077758054;-0.041307338;0.025014441
-0.027373105;-0.04085837;-0.023738448
-0.028148485;-0.021749197;-0.031490758
-0.020956287;-0.006461857;-0.025192605
-0.01832753;-0.0020444856;-0.038904086
-0.006849524;0.0108644115;-0.024873268
-0.01797962;0.035254028;0.030101385
0.016866304;0.023515724;0.011581109
0.046305545;-0.007749921;0.015514887
0.037044436;-0.004637437;-8.809056E-5
0.029635549;0.0072275503;0.012429528
0.018239688;-0.020780459;0.003693622
-0.0236895;-0.022874368;0.027954897
-0.0377016;-0.019861994;-0.002636082
-0.04578628;-0.034639597;-0.014608866
-0.030379023;-0.040211678;-0.017937092
-0.011803219;-0.02591934;-0.026849674
0.023369925;0.012077027;-0.015229739
0.01635219;0.059661623;0.006566209
-0.017386999;0.066479295;0.017752968
0.012652902;0.05005844;0.032952372
0.0054348214;0.03692175;0.0013618988
-0.001902143;0.0123499;0.007339519
-0.0015217144;-0.0010575798;0.0058716154
-0.0012173716;-0.033658564;-0.0078027076
-0.018161397;-0.05661435;-0.012492166
-0.017654117;-0.05310398;-0.034993734
-0.0141232945;-0.037795685;-0.021744987
-0.009736136;-0.014611548;-0.011145989
0.0047110915;0.022685762;-0.0026667912
0.017050123;0.03064861;0.022866568
0.030827599;0.044831388;0.018293254
0.030912079;0.06242761;0.008384603
0.022385914;0.039004587;0.0067076823
0.016346231;0.02026617;0.024116145
-0.0041105156;-0.011912064;0.019292917
-0.018913412;-0.04077965;-0.015815666
-0.01669323;-0.05762372;-1.5253334E-4
-0.011792084;-0.06641148;-0.0063720266
-0.004746167;-0.04531668;-0.023847621
-0.008484433;-0.001878345;-0.019078096
0.010399953;0.039122324;-0.015262478
5.074624E-4;0.04692286;0.012790018
-0.0011565301;0.050038286;0.010232015
0.012356026;0.03846813;0.014435612
-0.0033964294;-0.028600495;-9.5151085E-4
-0.013654644;-0.013505396;0.011738791
0.017201286;-0.015491817;-0.009358967
0.009854779;-0.034268454;-0.019987173
0.015696323;-0.021164764;0.002760261
0.003182058;-0.024744311;0.002208209
-0.026360603;-0.016670449;0.0017665671
-0.030463483;0.010101141;0.0076632537
0.007660464;0.006518413;-0.006369397
0.0061283708;0.02552723;-0.017595518
0.007246447;0.026671784;-0.0015764141
0.024547158;0.030712428;0.036238868
0.018075226;0.029257443;0.041491095
0.01602268;0.014030954;-0.004307124
0.0018806446;-0.027837737;0.015304301
-0.012557984;-0.062895186;-0.02525656
-0.06317139;-0.07062865;-0.013955248
-0.05209961;-0.03619042;-0.011164198
-0.038554687;-0.038327336;-0.021431359
0.011343749;-0.04941187;0.0016049133
0.043449998;0.022970505;0.026283931
0.0581975;0.052751403;0.008527145
0.046558;0.042201124;0.019321715
0.0138089;0.054073397;0.0029573725
-0.02332788;0.07450872;-0.028884102
-0.040537305;0.037731975;-0.010607282
-0.035554845;0.00674808;0.010264175
-0.045631375;-0.052414037;-0.01053866
-0.0396301;-0.09505623;-0.014680929
0.0057959203;-0.083857484;0.013255257
0.017136736;-0.045210987;-0.008145794
0.037928138;0.0013312108;-0.037766635
0.028780011;0.012002469;-0.011463308
-0.0011947411;0.040851977;0.009579353
-0.033768293;0.05143158;0.007663483
-0.016077135;0.038020264;0.006130786
0.010575793;-0.011771289;0.017404629
0.016273133;-0.03285453;-0.004826297
0.03489351;-0.024721125;0.008638962
0.024008555;-0.0291519;6.6117005E-4
0.013738095;-0.00300902;-0.018221064
0.016459227;0.031967785;-0.0020768512
0.01316738;0.022449227;0.01708852
-0.016809845;0.024209382;-0.023829184
-0.050947875;0.044367507;-0.019063348
-0.034508303;0.033931505;0.009749322
-0.0072941408;0.014645204;0.0015494574
-0.010522813;-7.838372E-4;0.0074895658
0.01033175;-6.270698E-4;0.024741653
0.03092165;-0.023939155;0.0010433221
0.024737319;-0.030088825;0.007084658
0.029164856;-0.04125856;-0.0068322737
-0.0149493655;-0.025194347;-0.01796582
-0.026021993;0.023594521;-0.0018726552
-0.017692594;0.031375617;-0.007748124
-0.015716575;0.036037993;-0.0061984994
0.00461424;0.025705395;0.0262912
0.020097641;0.033064317;0.021032961
0.029359363;0.004576453;0.004326368
0.014112491;-0.019776337;-0.021538906
-0.0074600074;-0.02832107;-0.010981124
-0.021593006;-0.014844356;-0.0025348994
-0.043836903;0.017812015;-0.01452792
-0.021007024;0.022062112;-0.011622336
0.02460063;-0.00735031;0.021952132
1.492548E-4;-0.024630249;0.011311705
0.006369404;-0.010329199;0.034049366
0.014470523;-0.006700859;-0.004010509
0.019388918;0.032139312;0.015541593
0.013167385;0.06789895;0.037433274
0.005065158;0.06369416;-0.0013033805
-0.019385373;0.05408033;-0.013542704
-0.009258299;0.021389263;-0.017084163
-0.0074066394;-0.01257609;-0.0011673308
0.008918439;-0.081935875;-9.338646E-4
-0.013958999;-0.1030487;-0.019497091
-0.006479699;-0.04181396;0.015652327
0.0041912408;-0.016263666;0.0062718615
0.033821743;0.008864067;-0.0012325109
0.017682394;0.008653753;-0.013486009
-0.003822835;0.042860504;-0.017038807
-0.024933267;0.026475903;-0.019881045
-0.019946614;0.016493222;-0.0034048364
0.0043552085;-0.03211792;0.003526131
0.015202917;-0.044444337;0.009070905
0.009818584;0.0035070295;-0.0052432762
0.021136116;0.016868124;0.008305379
0.013783894;-0.0083805015;0.037894305
0.024308365;-0.012954401;0.011565442
0.007727942;0.0036989793;-0.009497646
-0.0070988964;-0.018915817;-0.0013481168
-0.016616616;-0.026070153;-0.0073284935
-0.032043293;0.0057063773;-0.030862795
-0.031884637;0.029565101;-0.0059402357
-0.036445208;0.093964584;-0.0047521885
-0.0057186666;0.104859166;-0.003801751
0.020425066;0.027637333;0.028208598
0.039777555;-0.026327634;0.041316878
-0.008802957;-0.10543711;0.0018035035
-0.0070423656;-0.084349684;0.0014428028
-0.030633893;-0.13779224;-0.030095758
0.005180386;-0.1289838;-0.049076606
0.051019307;-0.06256204;-0.033011284
0.054877948;0.0062003685;-0.013909028
0.022808608;0.020585295;-0.0048772222
-0.018471863;0.052405737;0.014848222
-0.024152491;0.10442459;0.024378577
-0.03650949;0.11947717;0.03825286
0.0020424058;0.044019237;0.01185229
0.037571423;0.01646539;-0.009268168
0.01052589;-0.04932769;-0.038664535
-0.014235538;-0.06133715;3.1837233E-4
-0.030138431;-0.04906972;-0.005995302
-0.050673243;-0.036130775;-0.004796242
-0.020226095;-0.019529622;0.0024130067
0.033037875;-0.001561197;-0.0043195947
0.008461549;0.0050010425;0.027794324
0.03489424;0.044625834;0.040985458
0.04900914;0.09351317;0.020288367
-0.006886437;0.049810532;-0.008769306
-0.0078529;0.011723427;-0.044515446
-0.01643857;-0.024996258;-0.035612356
0.0071616443;-0.046559505;0.0027601153
-0.013020685;-0.054435104;-0.004041908
-0.04947905;-0.06854808;-0.015733527
-0.05520824;-0.047025967;-8.6820946E-5
-0.008229091;-0.045433275;0.0061805435
0.013729228;-0.02697162;-0.013805565
0.025827132;-0.0043897955;0.007705548
0.023005456;0.023050664;0.006164438
-3.4563546E-4;0.068440534;0.023681551
0.0012859916;0.068814926;0.012695241
-5.337067E-4;0.09255194;-0.008593808
-0.019176966;0.08497905;-6.2504614E-4
-0.054404072;-0.013266758;-5.000369E-4
-0.07008576;-0.12155091;-4.0002953E-4
-0.015443606;-0.10192823;0.018429976
0.07123887;-0.045605082;0.008493981
0.14839734;-0.048984066;0.013045185
0.11715537;-0.05324975;0.004186148
0.0249743;0.037087698;0.0033489184
-0.059708063;0.12342016;-0.016070865
-0.10089145;0.073736124;-0.031606693
-0.093213156;0.012113902;-0.0065353536
-0.07613303;0.019066121;0.001021717
-0.035906423;0.062127896;8.1737357E-4
0.030649863;0.024702318;6.5389887E-4
0.07295739;-0.036488146;5.2311906E-4
0.08180341;-0.06512801;0.012918496
0.04591148;-0.050539915;0.010334796
-0.023427065;-0.02480693;0.008267837
-0.031241653;-0.035470545;-0.01838573
-0.018743323;0.0044360645;-0.008458585
-0.008744658;0.07386135;-0.0067668674
-0.019495726;0.11221408;-0.017913494
-0.04215908;0.07414626;-0.0018307952
-0.010289765;0.028067011;0.004785364
0.033174437;-0.01192139;0.022578292
0.04372705;-0.011099612;0.018062633
0.009981641;-0.04169219;0.008200106
-0.017795937;-0.048978753;-0.005939915
-0.00329925;-0.045433;-0.011001932
0.01220435;-0.006658901;0.016198454
0.00429473;0.004047879;-0.012041236
-0.015314216;0.023550803;-0.022132989
-0.026313873;0.0047781426;0.026043609
-0.016363598;-0.003989986;-0.004165113
0.0025341213;0.012433011;-0.04083209
0.019214798;0.009946409;-0.0014156724
0.026309337;0.009519627;0.017617462
0.03589122;0.0373032;0.01409397
0.027150476;0.050155062;0.023775175
0.029532881;0.027624048;0.02527014
0.013470055;-0.007588261;0.020216113
-0.0103177065;-0.05763311;0.00367289
-0.038722914;-0.060168985;-0.015811687
-0.04972833;-0.04657269;-0.01889935
-0.024157666;-0.035695653;-0.02136948
9.863676E-4;-0.009806521;0.0016544157
-7.73406E-4;0.023404783;-0.0049264673
-0.003743725;0.049973827;0.0085588265
-0.00924498;0.025916561;-0.005652939
0.006666516;0.01604575;0.007977649
0.0022082129;-0.002788401;0.012632119
0.00489157;-0.01785572;0.0038556952
0.017975757;0.0075904233;0.0030845562
0.001880605;0.012322338;-0.003782355
0.010098234;0.009857871;-0.009275884
0.022141088;0.028198797;0.0050792927
0.01927537;0.010059037;0.0103134345
0.016982796;0.03929723;0.03325075
-0.010632513;0.022062784;0.007850598
-0.025693512;-0.022974772;-0.012469522
0.0060076914;-0.018379819;-0.0037256174
-0.0108188465;-0.008453854;-0.002980494
-0.028967578;0.018236917;-0.021134395
-0.005986562;0.014589533;-0.010657516
-0.01260175;0.013234126;0.028973987
8.5610035E-4;0.026212301;0.01692919
0.0069348803;0.028782342;0.0010433517
0.016485404;0.016775873;8.346814E-4
0.011625824;-6.418018E-4;-0.024332255
0.021019408;-0.02707594;-0.006965804
0.002753027;0.0033392468;-0.011822643
-0.015766328;0.0073588975;0.009291885
-0.007925563;-0.008175382;-0.011316491
-0.0016529502;-0.037790306;-0.009053193
0.0064901398;0.011955256;0.017757446
0.013785861;0.025189204;0.026705956
0.0055599394;0.0045263637;0.033864766
0.016166702;0.00830859;-0.016658189
0.0066833613;0.030084373;-0.025826551
-0.009497061;0.020942498;0.01058876
-0.018535148;-0.009808501;0.020971008
-0.039828118;-0.0437843;-0.0019731938
-0.028737495;-0.033464942;-0.020328555
4.4750381E-4;-0.047084454;-0.010012844
0.009733003;-0.009542562;0.004489725
0.014036402;0.04080345;-0.01515822
0.018260373;0.05920526;-0.018376576
0.008358298;0.03955171;-0.008451261
-0.003469612;0.037891366;0.0057389913
0.0065993103;0.014688093;0.023341194
0.0060606985;-0.038249526;0.024922954
0.0048485585;-0.03059962;0.019938363
0.006222597;-0.051042195;-0.002799309
0.010446828;-0.056458756;-0.008489448
0.002888712;-0.0076670055;-5.4155785E-4
0.01402972;0.043866396;-4.3324628E-4
0.007317526;0.050718118;-0.006596597
-0.00820848;0.040574495;0.0072227223
0.0074957167;0.023084594;0.018278178
-0.004940927;0.043467674;-0.0041274577
-0.0070777414;0.03164914;0.0029480339
5.878068E-4;0.020631813;-0.010141573
0.017657746;-0.04911955;0.0043867417
-0.018686304;-0.07367064;0.0097593935
-0.044636544;-0.066749014;-0.010942485
-0.0075842342;-0.05339921;-0.0150039885
0.03768261;-0.0099068675;-0.0057531907
0.01842734;0.026449505;-0.010852553
-0.012601878;0.050847106;-0.021182042
-0.024144003;0.045365185;-0.0044456334
0.007247298;0.040979646;0.015193493
0.0026728385;0.031221218;-3.452055E-4
-0.010361729;0.018726975;0.024723835
-0.016101884;-0.013143421;0.0010290685
-0.014444007;-0.030827237;8.2325476E-4
0.013444794;-0.07153679;6.5860385E-4
0.027943335;-0.06504193;-0.005723117
0.010635919;-0.044221044;0.0016715064
-0.007897515;0.0068106637;-0.011162795
-0.012568012;0.027323531;-0.021430235
0.01103934;0.070296325;-0.010894189
0.012737722;0.07342456;0.010034649
0.007846428;0.050927147;0.008027719
-0.017941607;0.0063667186;-0.012327825
-0.015915787;-0.027719125;-0.00986226
0.013048621;-0.0221753;0.010860193
-0.010654853;-0.01149024;0.008688154
-0.017898882;-0.05919219;-0.005549477
0.008337144;-0.07860375;0.008060418
0.006669715;-0.033195503;1.9833475E-4
-1.3297786E-4;0.0062560975;-0.012341333
-0.0016688823;0.03156738;-0.0036230658
-0.0153976055;0.045566402;0.0033515473
0.024400664;0.042703122;0.0026812379
0.024989283;0.043537498;0.02714499
0.034053925;0.020767499;0.009215992
0.0077118906;-0.0224485;-0.011377206
-0.025861738;-0.052333802;-0.002851765
-0.02693939;-0.05749204;-0.002281412
-0.03405151;-0.047556132;-0.033075128
-0.010053709;-0.016169906;-0.026460104
0.006019532;0.001126575;-0.002418083
-0.0061218743;0.02433876;0.016815534
0.012290001;0.03822101;9.524269E-4
-0.0011054995;0.016514307;0.038261943
0.0100531;0.016336445;0.011859553
0.017417481;0.022444157;-0.0155123575
0.029558985;0.003892825;-0.012409886
0.0041159373;-0.01407324;-0.01617791
0.00173025;-0.017508592;0.012057673
-0.01502205;0.009430626;0.028396139
-0.02295514;-0.011205499;-0.008533089
-0.013676612;-0.0339644;-0.013076471
-0.0031287896;-0.009984019;-0.022961177
0.009996968;0.027950285;0.012881058
0.0033100746;0.031735227;0.010304847
-0.01922694;-0.0011743179;-0.010506122
0.009618448;0.014685546;0.0040951017
0.0116010085;0.027373437;0.015776081
0.039749555;-0.0015387507;0.0063708653
0.009143395;-0.038731;-0.0011533079
-0.024716534;-0.0450473;0.0053273537
-0.041648228;-0.02978784;-0.020738117
-0.0067560817;-0.026955273;-0.022840494
0.025063885;-0.009064218;-0.012022395
0.027863609;0.034936126;-0.003367916
0.005103386;0.0779489;0.0035556674
-0.010761041;0.052984122;0.0028445339
0.008578667;0.0048872964;0.021025628
0.020144183;-0.011715163;0.035570502
-0.003415903;-0.03124713;-0.009043599
-0.012107722;-0.037497703;-9.84879E-4
-0.022186179;-0.044060662;-0.013287903
-0.025561443;0.0100639695;-0.016880322
-0.018886654;0.025238676;0.011495742
-0.018234324;-0.018871559;0.0029465936
-0.0020874585;5.277523E-4;-0.022642724
0.023330033;0.005109702;-0.01186418
0.035851527;-0.03497474;0.021758655
0.007587471;-0.04516729;0.004906925
-0.027523773;-0.047071334;-0.0023244603
-0.028269019;-0.043907065;0.010640432
-0.0023027146;-0.0054381527;-0.0039876546
0.023157828;0.06908698;-0.015690124
0.045088764;0.10370708;-0.0063020987
0.02513351;0.09390317;0.007458321
0.008388058;0.025122533;0.030966656
0.027804196;-0.031464472;0.056023326
0.014430857;-0.022046579;0.05731866
-0.047830313;-0.009824763;-0.0103950715
-0.03982675;-0.04067231;-0.045816056
0.031419847;-0.04972535;-0.036652844
0.030604629;-0.0038427787;-0.010572277
-0.017703796;0.021925777;0.01654218
-0.09072553;0.012853121;0.025733743
-0.08039293;0.033719998;0.008086994
-0.001814344;0.0597885;0.012719596
0.033704776;0.0384558;-0.014824323
0.05587007;0.026077138;-0.01810946
0.029071055;0.011486711;-0.039487567
0.025600595;0.02481437;-0.031590052
-0.019363275;0.005788995;0.005977957
-0.03111562;-0.014118804;0.023532366
-0.024892496;-0.058170043;0.0063258926
-0.0011639964;-0.041848533;-0.044939287
0.027975053;-0.008478828;0.0015485712
0.020817542;0.024466937;0.026238857
0.016654033;0.03207355;0.020991085
0.030510727;0.03972134;0.0042928685
0.029877331;0.013027072;-0.0028157053
0.0067143654;-0.023953343;0.003997436
-0.035253506;-0.006662674;0.0031979487
-0.037577808;-0.003767639;-0.009941641
-0.008187245;-0.04051411;-0.007953313
-0.023737296;-0.05741129;-0.00636265
-0.026802337;-0.03655403;-0.01134012
0.014495631;-0.027680725;0.0034279039
0.038159005;-0.02526958;-0.003507677
0.034433454;-0.012403164;0.015943859
0.029890513;0.018202469;0.0065050866
-0.01515009;0.033311974;0.02395407
-0.024620071;0.05477458;4.1325553E-4
-0.019696057;0.043819662;3.306044E-4
-1.3184594E-4;0.013180731;-0.018485516
-0.007917977;-0.0019554151;0.003961587
-0.007896882;0.020310668;-0.009330731
-0.021942506;6.235344E-4;-0.0012145845
0.012133496;-0.0010636725;0.011528333
0.0058005466;-0.028975938;0.021722665
-0.019578313;-0.059118252;-0.013871867
-0.00941265;-0.0832321;-0.017347494
-0.02784262;-0.06814818;-0.020127995
0.015225904;-0.046706043;-0.034852397
0.040305723;-0.032677334;-0.009131917
0.028338328;-0.012079368;0.017694466
0.013295663;0.073149;0.032905575
-0.00889472;0.08195671;0.0075744586
-0.016490776;0.071815364;-0.012690433
0.0039948793;0.037139792;0.008597653
7.090349E-5;0.0031493327;-0.011871877
-0.017130777;-0.041230533;-0.0032475018
-0.019954622;-0.09704693;-0.027598001
0.023880053;-0.11201254;-0.0158284
0.048010293;-0.08179753;-1.627209E-4
0.025126984;-0.031063026;-0.0063801766
-0.008804663;0.025149578;-0.01760414
-0.03204373;0.03730716;-0.007833313
-0.050634984;0.028283231;0.02498335
-0.042070486;0.0023140842;0.0074866796
-0.04146889;-0.023148732;-0.025260657
-0.003487612;-0.049768984;-0.007708525
0.02689741;-0.03356519;0.00633318
0.03636168;-0.014352151;0.011316544
0.039245594;0.015080779;0.009053235
0.014208974;0.035502125;0.013492588
0.02074218;0.061214197;0.010794071
0.011124994;0.09272136;0.027385257
-0.0012562552;0.050739586;0.009408205
-0.0056925043;-0.0031583302;-0.011223436
-0.018616503;-0.035339165;0.009771251
-0.014893203;-0.06733383;-0.010932999
-0.011914562;-0.050742064;-0.014996399
-0.01109415;-0.034343652;-0.0119971195
-0.02606282;-0.022787422;-0.0033476956
-0.011475256;-0.029167438;0.0035718437
0.0017572953;-0.00770895;-0.009642525
0.031874586;0.01258284;0.00478598
0.03174967;0.039753772;0.016328784
0.013680985;0.028678017;-0.011936973
-7.7396183E-4;0.018254913;-0.0032995783
0.011099581;0.01929143;-0.0026396627
0.012785914;0.004495645;-0.00836173
-0.015552519;-0.044840984;-0.019189384
-0.028067015;-0.046810288;-0.0028515072
-0.034953613;-0.05151073;-0.0022812057
-0.015462889;-0.036521085;-0.0018249647
0.012629689;-0.016716868;-0.0077099716
0.02104125;-0.022748495;0.025082022
0.009020501;0.0036762052;-0.011184382
-0.0334086;0.046690963;-0.021447506
-0.01578938;0.06079027;-0.0046580043
0.0014309963;0.07050721;0.0025235964
-0.006667703;0.059530772;0.008268877
-0.017834162;-0.011750381;0.025365101
0.0013576701;-0.025025304;0.014042081
0.051867384;-0.029395243;-0.0012663349
0.05477516;-0.054766197;-0.0010130679
0.047726378;-0.081312954;0.024189545
0.015524852;-0.052550364;6.0163654E-4
-0.02195512;0.026709707;-0.0057686907
-0.008189095;0.076055266;-0.010864953
-0.014363776;0.046781715;-0.021191962
-0.03024102;0.02805037;-0.0044535697
-0.014817816;0.047440298;0.0026871443
-0.0149792535;0.019202238;0.014649715
0.012235347;-0.04245071;0.024219772
0.026975777;-0.09333557;-0.005624182
0.0020493723;-0.059043456;-0.010749346
-0.007735502;-0.011297263;-0.021099476
0.022717848;0.01752469;0.0018704188
-0.0013569713;0.0030822512;0.007746335
-0.026085578;0.0212158;-5.2932002E-5
-0.042743463;0.02634764;-0.018792346
-0.03575727;0.022640612;0.0037161235
0.012019184;0.02279999;0.0029728988
0.036959097;-5.100079E-4;0.0023783192
0.017848529;-0.019158006;0.0019026552
-0.013846178;-0.035638906;-0.017227875
-0.029826943;-0.039448623;-0.0075323004
-0.0066740536;-0.0471839;2.2415948E-4
-0.010026743;0.0044403807;-0.012320672
-0.017396394;0.019177305;-0.0036065378
1.4538455E-4;0.0075293435;-0.0028852304
0.0126163075;0.021648474;0.003941816
0.0022805461;0.02044378;0.0031534526
0.019011937;0.047605023;-0.016227238
0.01364705;0.005271519;-4.8179034E-4
0.010917639;-0.012970285;-0.006635432
-0.010015888;-0.0010012278;0.0071916543
-0.004887711;-0.0101759825;0.024503324
0.040621083;-0.015953286;0.013352659
0.034059364;-0.026825128;0.016932126
0.04052874;-0.026147602;0.0010457016
0.026954243;-0.011543082;0.007086561
-0.029217854;-0.006109466;0.005669249
-0.09993678;0.0013624274;-0.0829646
-0.11588693;0.021402441;-0.085121684
-0.04583454;0.065559454;0.031902656
0.06255112;0.12588507;0.09427212
0.089884646;0.11320805;0.0754177
0.058626465;0.05462894;0.01658416
0.024244921;0.021828152;0.0070173275
0.013145938;0.012775022;-6.3613785E-4
0.04332925;0.013345017;0.03699109
0.05419465;-0.0080739865;0.023342872
0.02538697;-0.04083419;-0.025075702
-0.039065424;-0.09985485;-0.020060562
-0.05156484;-0.11269638;-0.04729845
-0.060001872;-0.1089071;-0.03783876
-0.052688997;-0.07931318;0.0072289924
0.017223801;-0.05563805;0.018283194
0.03721654;0.0023645624;0.020876555
0.052429482;0.08470415;0.035451245
0.022412337;0.10995082;0.015860995
-0.02425763;0.11296066;-0.018561203
-0.036593605;0.12630603;-0.039848965
-0.035524882;0.10729482;-0.03187917
-0.028419906;0.037398357;-0.006753336
-0.011798426;-0.024768814;-0.0054026693
-0.02506374;-0.07919005;0.014427865
-0.009113492;-0.105539545;0.0052922918
-0.019790795;-0.106306635;-0.0020161665
-0.031457637;-0.080357805;0.017137067
-0.001728608;-0.020536246;-0.0050403466
0.017367113;0.052321002;-0.0040322775
0.02873744;0.1074818;0.009274178
0.025333703;0.10629794;0.0074193426
-0.017233038;0.07253835;-3.1452597E-4
-0.027848931;0.020530684;-0.0065016206
0.0011583557;-0.024200454;-0.017701296
0.010301685;-0.050610363;0.010838963
-0.004258652;-0.07173829;0.0024211702
-0.026844421;-0.091765635;-0.004313064
-0.021475537;-0.07341251;-0.0034504512
0.02188207;-0.089980006;-0.002760361
0.046411905;-0.025109004;-0.008458288
0.038692024;0.0424128;0.0119833695
-0.01045263;0.09330524;-0.0029133048
-0.025549604;0.09651919;-0.0023306438
0.019404067;0.11627785;-0.001864515
0.017085753;0.12036603;0.017258387
0.021481102;0.058011577;0.02005671
-0.011721368;-0.02546574;-0.0027046318
0.019529156;-0.050060093;0.010336295
0.015623325;-0.074423075;0.014519036
0.0031236596;-0.07047596;0.0053652287
-0.018594822;-0.07669327;-0.008207818
-0.022688357;-0.07854211;-0.012816254
-0.040025685;-0.02220869;-0.022753002
-0.03202055;0.022858048;-0.018202402
-0.014678939;0.06828644;0.004188078
0.013256849;0.07650415;-0.009149537
0.018417979;0.09089082;0.00518037
0.023328133;0.09615016;-0.002105704
0.014756257;0.097232625;-0.0016845632
0.036805004;0.0434111;0.04240235
0.038819004;-0.02152112;0.03392188
0.025586454;-0.082841896;0.0021375036
0.0017191627;-0.14752352;-0.010789997
-0.00643717;-0.13520631;-0.027381998
0.008131514;-0.09097755;-0.028155599
-0.0013072888;-0.050907042;-0.010024479
-0.013545831;0.037399366;0.010730417
-0.023336666;0.093981996;0.008584334
-0.03741933;0.0814356;0.03811747
-0.022122966;0.046398476;0.017993974
0.0057391278;0.005868781;-0.004354821
0.004591302;-0.021867475;-0.040983856
-0.005701958;-0.01905648;-0.026537085
0.013407184;-0.019932684;-0.0024796685
-0.0056805033;-0.028446147;-0.0019837348
-0.017044403;-0.04619442;0.017163012
-0.016760522;-0.054143034;0.01373041
-0.021220917;-0.06362693;0.010984328
0.006460766;-0.050901543;-0.0037125377
0.020012362;-0.023533734;-0.01547003
-0.01289636;-0.011014487;-0.0061260243
-0.029067088;-0.0041240896;-0.02365082
-0.0060661705;0.05295073;-0.0064206556
0.0060845637;0.08767308;0.0136134755
0.029867651;0.020138467;-0.014109219
0.01998787;-0.013576727;-0.0050373757
-0.008228454;0.007888618;0.020970099
0.012167238;0.009435895;0.01677608
0.030827539;-0.009638784;9.208637E-4
0.009037032;-0.042086028;-0.03676331
-0.024801625;-0.030543823;-0.016910648
-0.012028799;0.0021274425;-0.007278518
-0.0018105396;0.037639454;4.2718576E-4
0.011051568;0.037924062;0.0065917484
0.011185004;0.0069017503;-0.0322266
-0.038708247;8.339004E-4;0.005468719
-0.0465916;-0.06339538;0.016874975
-0.027898278;-0.1007163;0.03849998
0.0026813778;-0.088385545;0.012049984
0.031051353;-0.025395934;-0.034110013
0.0021848318;0.014058253;-0.02728801
-0.012314634;0.0409341;-0.021830408
-0.027039208;0.06399728;0.0012856735
-0.018506367;0.08088533;-0.0052214614
0.011757407;0.07252076;0.02707283
0.027374675;0.036141608;0.027908266
0.03908724;-0.0101492135;0.022326611
0.0054885424;-0.019056872;0.01786129
0.007515834;-0.027745496;0.014289032
-0.023674833;-0.014383897;-0.032318775
-0.004877366;-0.030257117;-0.03210502
0.036723107;-0.041393194;-0.031934015
0.08640973;-0.042489555;0.0057027875
0.0042840387;-0.033991646;-0.02043777
-0.08876027;-0.06938081;-0.010100216
-0.13038321;-0.06331715;-0.008080173
-0.03868157;-0.030341221;-0.006464138
0.047179744;0.0054145223;0.03857869
0.08227504;0.005894118;0.030862952
0.033007536;-0.018722206;0.0121903615
-0.030625222;-0.033727765;0.003502289
-0.058875177;-0.017607212;-0.022198169
0.007587358;0.029664231;-0.011508535
0.10372613;0.07216889;0.028293172
0.12751216;0.11086011;0.010134538
0.027009727;0.062125586;-0.01689237
-0.056517217;-0.031549532;-0.019763896
-0.056151275;-0.079927124;-0.009561117
-0.01835852;-0.0655042;-0.0076488936
-0.025624316;-0.06959086;-0.049869116
-0.073624454;-0.05254769;-0.021145292
-0.06983706;-0.03422565;0.0018337666
-0.046494648;-0.04925552;-0.004782987
-0.01375822;-0.047216915;0.00867361
0.021805923;0.004413967;-0.0055611115
0.03931974;0.036343675;0.00805111
0.039268292;0.052512437;-0.0060591116
0.05094588;0.07325995;0.02015271
0.080600455;0.067982964;0.04737217
0.030105365;0.045011368;0.006647735
0.0029905422;0.025071595;0.011568188
-0.010888816;0.0106822755;0.009254551
-0.025898553;-0.04145418;0.013653641
-0.03790634;-0.07691334;-0.007827087
-0.039700072;-0.08028068;-0.01876167
-0.02394756;-0.04859954;-0.033759337
-0.028533047;-0.023254631;-0.039507467
-0.010326438;0.007958795;-0.012855975
-0.02857365;0.031367037;0.00221522
-0.02285892;0.04853113;0.020522175
0.027025364;0.0638249;0.01641774
0.03412029;0.09168492;0.019384192
0.04526498;0.07334794;0.028007355
0.013555736;0.03055335;0.016155884
0.015532089;-0.02399482;0.0066747065
0.015550671;-0.07544585;0.0053397655
0.016346786;-0.06973168;-0.0019781878
-0.0017663204;-0.026097847;-0.05158255
-0.013913056;-0.03181578;-0.02251604
-0.022067945;-0.052015122;-0.030512832
0.013595644;-0.015049598;-0.011910265
0.007751515;0.03014782;0.015471787
-0.007861288;0.0053682574;-1.2257005E-4
-0.02191403;-0.025392894;-9.805604E-5
-0.040968724;0.009373184;-0.025078446
-0.0077749793;0.06999855;0.011187244
0.010967516;0.051311336;0.008949796
0.022836514;0.019174071;0.007159836
0.01514421;0.0059642564;0.03697787
0.012115369;0.023521405;0.023332296
0.012817294;-0.0139953755;-0.0063341637
0.0055663357;-0.0377588;-0.0050673313
-0.022109432;-0.041144542;0.0021961352
-0.033312544;-0.023540633;-0.0044930917
-0.031337537;-0.021957505;-0.016094474
-0.014132529;-0.008191004;-0.012875578
-0.005056023;0.037197195;-0.029050464
0.02095518;0.053195257;-0.0107403705
0.042545397;0.037868705;0.028907703
0.043411314;0.036544964;0.023126163
0.055822805;0.019860972;-2.4906965E-4
0.022001993;0.008076278;0.006050744
-0.031617157;0.018961022;-0.0076594045
-0.051856223;-0.019206183;-0.0061275237
-0.05554748;-0.032552447;0.02009798
-0.025687983;-0.027604457;0.0035783849
-0.012737887;-0.0048960657;-0.0033872921
0.03980969;-0.0023543523;0.0035401664
0.04122275;0.002804018;0.0153321335
0.013446952;0.017868215;0.018515706
0.03575756;0.026794571;0.027312566
-0.0065502007;0.051123157;0.015600052
-0.01774016;0.036211025;-0.025019959
-0.023567129;0.011781321;-0.0137659665
-0.007916203;0.009425056;-0.011012773
-0.0032079623;-0.026834955;0.009939781
-0.02756637;-0.057405464;-0.023298174
-0.028303096;-0.06936187;-0.00613854
-0.017954977;-0.055489495;0.001339168
0.007511019;-0.008454097;-0.011428665
0.045852564;0.03542422;0.015857067
0.0484008;0.058026876;0.012685654
0.019970642;0.066734;-0.0023514768
-0.004335987;0.0705747;0.023118818
-0.0034687894;0.056459762;0.018495055
-0.016837532;0.045167807;0.0022960438
-0.027532525;0.017384248;-0.010663165
-0.01890102;-0.020467602;-0.008530532
-0.015120816;-0.025749082;0.018175574
0.019153347;-0.047161765;0.02079046
0.06376018;-0.05022941;0.010382367
0.07991439;-0.02768353;0.027055895
0.032681514;-0.025271824;0.009144715
-0.05901104;-0.004592459;-0.03643423
-0.056583833;0.035388533;-0.029147383
-0.043704566;0.054873325;0.0016820942
-0.03340115;0.04858616;0.0013456754
-0.017345922;0.02793143;-0.017673459
-0.006064237;-0.004217357;0.010861232
0.01077361;-0.06587388;-0.0038110141
0.017993888;-0.082386605;0.0032011888
0.03158261;-0.07528429;0.015060951
0.026828589;-0.0039774296;-0.02545124
0.0027128707;0.026505556;-0.026610991
0.0037327965;0.061829444;0.0099612065
0.0014237373;0.06821356;0.014218966
0.0011389898;0.062383346;0.011375172
-0.006901308;0.024906676;0.009100138
-0.0070835464;-0.03944966;-0.017719889
-0.013479337;-0.07218473;-0.03292591
1.5403023E-4;-0.059310284;-0.0075907293
0.013404475;-0.028698226;0.0064274166
0.006817329;0.0020414195;0.011391933
0.024985114;0.026633136;0.0028635466
0.008269341;0.02911901;0.0022908372
-0.0027595274;0.031107707;0.0018326698
-0.014707622;0.040511165;0.007716136
-0.019578598;0.0011589323;-0.018827092
-0.017225377;9.271459E-4;-0.008811673
0.006532198;0.013241717;0.0054506618
0.018507008;0.0043433732;-0.014389471
0.029649356;-0.0277753;0.019738423
0.0026257352;-0.050345242;0.009540739
-0.028368162;-0.032463692;-0.011117409
-0.0055070296;-0.022845954;-0.008893928
-0.0075306236;-0.029214263;0.011634858
0.006475501;0.009441089;-0.0031921135
0.009086651;0.051302873;-0.0025536907
0.013519321;0.030104797;0.010457047
-9.0329343E-4;0.0068963375;0.008365638
-0.0038476347;0.02582957;0.0066925106
-0.0046406076;-0.0137113435;-0.0071459915
-0.027149986;-0.035969075;0.0067832065
-0.04359499;-0.05377526;-8.2343473E-4
-0.020813491;-0.013332708;-0.006908748
0.016161706;-0.0075411666;-0.011776999
0.027773116;-0.024782933;-0.009421598
0.037062243;-0.021388847;0.0112127215
0.028087294;0.0032014227;0.008970177
0.030282335;0.044748638;0.0071761417
-0.003117882;0.03423641;0.005740913
-1.5055547E-4;8.266285E-4;-0.0016572694
-0.026682945;0.006911303;-0.0075758155
-0.038533855;0.016466543;0.018939348
-0.016764585;-0.004014266;-0.003598522
0.0069008325;-0.023523914;-0.015378818
0.008645666;-0.02975663;-0.0060530542
6.665328E-4;-0.034742806;-0.011092443
5.3322624E-4;-0.026231743;0.0036260453
0.01839533;-0.0053603947;0.009150837
0.014716265;-0.0074133156;0.013570669
-0.0030707382;-0.015305652;0.004606535
0.0037934096;0.025255477;-0.008814772
-0.009465273;0.029579382;-0.0070518176
-0.002884718;-0.0028989941;-0.0118914535
-0.0101202745;-0.005444195;-0.009513163
0.0028412805;-0.0137303565;0.011139469
0.0077417744;-0.012546785;0.008911575
-0.011775331;-0.011599928;-0.0053707394
-0.026607765;-0.0108424425;-0.01679659
-0.0025362114;0.013201046;0.005312727
0.022189781;0.026185837;0.02300018
0.0013455746;0.019386169;0.018400146
-0.00673604;-0.007928564;-0.004029884
-0.019451331;-0.023530351;-0.021973908
-0.023373567;-0.028199282;-0.030079126
-0.0030738527;-0.011621925;-0.0053133005
0.014728418;-0.01086004;-0.0042506405
0.019595234;-8.75532E-4;-0.009650513
0.0047386875;-0.0069504254;-0.02647041
0.0123847;-0.0055603404;0.016323673
0.01225151;-0.0044482723;0.019308938
-0.001136292;-0.011371118;0.00294715
-0.014971534;-0.0012843943;-0.00389228
0.013022773;0.0036599846;-0.009363824
0.018230718;-0.017384512;-0.007491059
0.014584575;0.00796739;0.0065071527
7.301598E-4;0.025123913;-0.013544278
-0.029103372;0.0122866295;0.014164578
-0.027970199;0.0020168037;0.017581662
-0.022376157;0.007863443;0.007815329
-0.010088427;-0.021834245;0.0062522637
-0.019008242;-0.042467397;-0.0137481885
-0.004269093;-0.041786417;-0.01724855
0.010647225;-0.0131166335;-0.013798841
0.01789278;-0.019868307;-0.011039073
-0.0075607756;0.0028553545;-0.0150812585
0.01113888;0.038221784;0.012934993
0.010473603;0.027452426;0.010347995
5.663829E-4;0.025086941;0.002028396
0.015296856;0.020069553;0.0016227167
0.011456235;4.3064254E-4;0.0137981735
-0.023647511;3.4451403E-4;-0.0077114613
-0.02829301;0.042463113;-0.01866917
-0.0054469076;0.001157989;-0.0024353352
0.031579975;-0.008448609;0.016801732
0.03463898;-0.023946388;0.0071913856
-4.138167E-4;-0.03165711;0.0057531083
-0.015956054;-0.03313819;0.017102487
-0.022139844;-0.04526055;0.013681989
-0.022399373;-0.03620844;-0.0015544086
-0.0397945;-0.022716751;-0.026243526
-0.0287106;-0.019735903;-0.014744821
0.0035940204;-0.012663721;-0.011795857
0.024750216;0.038306523;-0.009436686
0.036206424;0.07439522;0.0049506514
0.012558889;0.06732868;0.0102105215
-0.0040153894;0.03042544;0.020668417
-0.023524811;-0.0131596485;0.035284735
-0.007882349;-0.024590218;0.0032277869
-0.004743379;-0.07279717;-0.02866777
0.0055802967;-0.05511274;-0.016684216
-0.006473263;-0.012840192;-0.025847374
0.00263389;0.016290346;-0.008177899
-0.0010178882;0.033344775;0.018457681
0.0023106895;0.017300822;0.027266145
0.009661051;0.012278157;-0.009437084
0.02804134;0.017635025;-0.026299667
0.008370573;0.03129552;-0.0085397335
0.0066964584;0.010973916;0.011918213
-0.0024553332;-0.03497087;0.00953457
