0.024616774;0.102656014;0.016784644
0.01188092;0.066499814;0.025927715
0.011848486;0.06257485;0.05199217
-0.009271211;0.04068488;0.06659374
0.02461428;0.060672905;0.05327499
0.032972675;0.08603832;0.061369993
0.03419064;0.12820566;0.061595995
0.019540012;0.14631453;0.08677679
0.0023507595;0.12955162;0.08817144
-0.011400643;0.1630163;0.14553715
-0.032558013;0.28041303;0.14767972
0.014578589;0.29776794;0.15564378
0.03431912;0.20227684;0.05576502
-0.0030134532;0.047758974;-0.049137983
-0.027410762;-0.066480316;-0.089310385
0.01869639;-0.17193426;-0.08394831
0.036050864;-0.3031724;-0.123408645
-0.03287806;-0.30503792;-0.12372692
-0.124739945;-0.20340534;-0.055231534
-0.16541696;-0.15022427;-0.04418523
-0.10108357;-0.11392941;-0.066598184
-0.038679354;-0.081768535;-0.08452854
0.009681517;-0.021664826;-0.09262284
0.010870214;0.038918138;-0.04909827
8.83671E-4;0.02488451;-0.026778616
-0.0071055633;-0.020717392;0.016077107
0.020878049;-0.041573912;0.012861686
0.04013994;-0.017634131;0.004039349
0.03211195;-0.014107305;-0.0030185208
0.04131456;-0.030035844;-0.027414817
0.02055165;-0.017778674;-0.028181853
0.013316319;-0.0142229395;-0.0037954827
-0.0018469446;-0.005128352;-0.021786386
-0.010852556;-0.041602682;-0.004929109
0.0069429553;-0.061407145;-0.010193287
-0.0038206356;-0.074125715;-0.00815463
-0.0108690085;-0.046800572;-0.0065237037
0.013179793;-0.015565459;-0.005218963
-0.0035186654;0.021922633;-0.01667517
-0.016877433;0.048788108;0.024159864
-0.0010019459;0.085905485;0.05057789
0.016385943;0.08747439;0.015462313
0.0131087545;0.07622951;0.012369851
-0.0051379963;0.035983607;0.034895882
0.006827103;-0.0024631133;0.015416704
0.019524183;-0.020720491;0.024833363
0.018744346;-0.029076392;-0.0051333094
0.019682977;-0.010761114;0.0021433525
0.020433882;0.01639111;0.001714682
0.016347105;0.038112886;-0.0048782546
5.776841E-4;0.06174031;0.033597395
-0.024537852;0.08689225;0.014377917
-0.008692782;0.0851388;0.036502335
-7.0422573E-4;0.07123604;0.07295187
0.0056866193;0.060113832;0.058361493
0.017049296;0.07309107;0.0779392
0.013639436;0.10378535;0.09360135
-0.03440095;0.15959078;0.081131086
-0.04002076;0.20579763;0.09615487
-0.0023291085;0.2130756;0.1456739
-0.023738287;0.24389797;0.091539115
-0.04555313;0.21074338;-0.026768709
-0.0036300037;0.04984471;-0.052664965
0.056470998;-0.17574923;-0.08588197
0.070176795;-0.3093494;-0.06245558
0.0045789382;-0.2662295;-0.024964463
-0.04477435;-0.14735861;0.00502843
-0.05144448;-0.046011887;0.004022744
-0.053655583;-0.011809509;-0.034281805
-0.016361967;-0.04069761;-0.09617545
0.021285426;-0.08255809;-0.095690355
0.018590841;-0.07854647;-0.08280228
0.005497673;-0.119087175;-0.09749183
-0.025289362;-0.17651974;-0.09049346
-0.013981489;-0.1943408;-0.09739477
0.026314808;-0.13359763;-0.15916581
0.056989346;-0.0818781;-0.13358265
0.037778977;-0.07800248;-0.07561612
0.022410681;-0.06552699;-0.0042428975
-0.019571455;-0.011796591;0.027855681
-0.045344662;0.021812728;0.041034546
-0.040963233;0.045575183;0.07032764
-0.035895586;0.077085145;0.08126211
0.004096032;0.089793116;0.058759686
0.040776826;0.059334494;0.02825775
0.032621462;0.047467593;0.0163562
0.027659668;0.025474075;-0.00566504
0.012752735;0.02662926;0.0017179679
-0.005422812;0.024428409;0.026374374
-0.01215075;0.016417727;0.0273495
-0.0097206;-0.0024908187;0.0406296
-0.01402648;-0.017617654;0.02625368
-0.011221183;-0.0015941239;0.058502942
-0.027726946;0.042474702;0.18430236
-0.08780656;0.18085477;0.11619189
-0.10930774;0.2853088;0.099203505
-0.057758696;0.26262206;0.016862806
0.06316804;0.12884764;-0.06775975
0.12865943;-0.04379689;-0.066707805
0.11074005;-0.18503751;-0.034616243
0.019842038;-0.19490501;0.0035570052
-0.05912637;-0.127799;0.0090956045
-0.051988594;-0.055364206;0.0010264834
-0.030653376;-0.025541365;-0.06792881
0.027039798;-0.03605809;-0.07934305
0.06928809;-0.060096473;-0.09472444
0.055430472;-0.08557718;-0.11327955
0.024813127;-0.14346175;-0.06562364
-0.025461998;-0.111644395;-0.014998914
-0.039119598;-0.036190517;-0.011999131
0.003079321;0.021047588;0.015400696
0.025900956;0.06058807;0.006070556
0.022283265;0.08284546;0.023606446
0.0115766125;0.09127636;0.025135156
0.01707379;0.08239609;0.051358126
-0.006653468;0.07841688;0.0473365
-0.025635274;0.068983495;0.0316192
-0.02363322;0.0708118;0.08779536
-0.031406574;0.05977444;0.11398629
-0.07043776;0.10563205;0.09743903
-0.06416271;0.15638064;0.07795122
-0.029455166;0.13916701;-0.0063890205
0.043623365;0.05664611;-0.042611215
0.0833362;-0.024995612;-0.05908897
0.051825203;-0.10124649;-0.028521178
0.009428914;-0.1341222;-0.041566942
-0.03933187;-0.13854775;-0.020753555
-0.031465497;-0.110838205;-0.016602844
-0.028297396;-0.066795565;-0.019532274
-0.005450417;-0.02531145;-0.0031258198
0.019077167;0.0047508404;-0.015000656
0.026199233;0.019425672;-0.030750524
0.017834386;-0.009459462;-0.01835042
0.0033300093;-0.06694257;-0.052180335
0.008914008;-0.119179055;-0.07299427
0.018068707;-0.12971824;-0.07714541
0.028517464;-0.1443996;-0.09296633
0.033751473;-0.14051968;-0.08687306
-0.0011238225;-0.121790744;-0.050748453
-0.018086558;-0.063057594;-0.028098762
-0.036344245;-0.022321075;0.02127099
-0.018137896;0.029018141;0.010766792
-0.0098228175;0.048214514;0.046113435
-4.5754183E-5;0.08857161;0.03689075
0.014025897;0.095857285;0.035762597
-0.0012792827;0.07668583;0.009860078
0.016164074;0.014473665;-0.010861938
0.019181259;-0.06029607;-0.00868955
0.007532507;-0.060736854;-0.03195164
0.010713506;-0.020464484;0.005688688
0.026539555;-0.010121587;-0.0016990496
0.035294145;0.0075277304;0.04239076
0.010266565;0.031022184;0.07141261
-0.030849248;0.040442746;0.057130087
-0.026241899;0.0729792;0.02695407
-0.02880602;0.08025836;0.046563257
-0.021482315;0.12983169;0.087250605
-0.009373352;0.18980286;0.12605049
-0.04031118;0.25809228;0.107090384
-0.038498946;0.2642863;0.08567231
-0.0011116562;0.22549155;0.10603785
0.033485673;0.18664324;0.078580275
0.05256979;0.121189594;-0.012135778
0.072524585;0.0047641783;-0.0097086225
0.036925916;-0.082126155;-0.026516898
0.008446982;-0.13913843;-0.08996352
-0.010429914;-0.20193574;-0.078220814
-0.0020939312;-0.17092359;-7.6651595E-5
-0.021987645;-0.074238874;0.018688679
-0.009777616;0.006233901;0.021200944
-0.020322092;0.029987121;0.0044607543
-0.056882676;-0.026010303;-0.046431396
-0.04863114;-0.06768324;-0.10589512
0.018907588;-0.11977159;-0.17221609
0.07606357;-0.20831728;-0.16902287
0.081163354;-0.28852883;-0.1789683
0.07899319;-0.33394805;-0.20567463
0.035850797;-0.35153344;-0.13328971
-0.04866311;-0.24060176;-0.087881766
-0.07955549;-0.098731406;-0.0015554157
-0.08239439;0.030389877;0.07375567
-0.029978013;0.1399369;0.12150453
-5.4491044E-4;0.20569952;0.115953624
0.019876571;0.2614346;0.099012904
0.0065262574;0.2341477;0.08546032
0.002096006;0.18731816;0.055868257
-0.0045731952;0.14985453;0.044694606
0.013528944;0.04175862;0.07325569
0.013948155;-0.029093105;0.06485455
0.036158524;-0.026399484;0.06438364
0.016426818;0.03513041;0.1327569
-0.038421046;0.10310433;0.21870553
-0.09479933;0.20435846;0.21871442
-0.19302697;0.27129927;0.037471537
-0.16535908;0.14985192;-0.10127277
-0.03384976;0.10738153;-0.13726822
0.15182644;0.004655227;-0.20356457
0.2175549;-0.27127582;-0.23160166
0.12951267;-0.50139564;-0.19153133
0.013766388;-0.5198665;-0.13447507
-0.046799388;-0.45339322;-0.12008005
-0.05618951;-0.23771457;-0.083564036
-0.0012016091;4.533398E-4;-0.08560123
0.024038713;0.16286267;-0.030980986
0.02235597;0.21779014;0.05021521
-0.013365224;0.23673211;0.09642217
-0.05444218;0.21438569;0.11463773
-0.045116242;0.13713355;0.09796019
-0.009530495;0.08783184;0.05336815
0.048625603;-0.010984528;0.0051945206
0.07796299;-0.071287625;-0.045844384
0.05612039;-0.0882801;-0.067925505
0.02380256;-0.09562408;-0.073090404
0.0010732975;-0.07649926;-0.033472326
-0.04601636;-0.02994941;0.023222141
-0.052438088;-0.027084528;0.08107771
-0.04976297;0.009582378;0.11486217
-0.05856038;0.123290904;0.11688974
-0.031223303;0.20175773;0.08726179
0.031271357;0.22078118;0.10105943
0.039079588;0.22818744;0.13084754
0.0031386695;0.22317496;0.09217804
-0.038114063;0.19885246;0.07374243
-0.028928751;0.13095698;0.05274394
0.029981999;0.031328075;-0.0015548456
0.0536731;-0.07025004;-0.026243877
0.06793848;-0.14995003;-0.052245103
0.041069534;-0.17621003;0.008203919
-0.021050623;-0.11909302;-0.018436864
-0.062153;-0.035899416;-0.058499493
-0.0684724;0.005655467;-0.053049594
0.02647208;0.017024374;-0.017439675
0.051646415;-0.030130502;-0.04520174
0.050692134;-0.0772294;-0.104911394
0.033522457;-0.12428352;-0.12767911
-0.0059945355;-0.17755182;-0.10214329
-0.034483127;-0.20141645;-0.069214635
-0.018211503;-0.16113316;-0.036621705
0.0010557977;-0.07890653;-0.029297365
0.021157138;0.027499776;0.020312108
0.0013007106;0.14387482;0.072499685
0.016665569;0.16197486;0.08299975
0.016457455;0.14832988;0.0851498
0.003790964;0.11866391;0.05561984
-0.006342229;0.10118113;0.013245871
-0.022261282;0.062194902;0.0355967
0.011878474;0.006005921;0.034727357
0.012627779;0.007929737;0.09028189
-0.043022778;0.046968788;0.059725508
-0.07660572;0.056325033;-0.008469593
-0.039409578;-0.0018149747;-0.044275675
0.032534838;-0.08270198;-0.06667054
0.06587162;-0.14116159;-0.09083643
0.050353546;-0.13480426;-0.028919145
-0.011279663;-0.11096841;-0.054385316
-0.03871123;-0.07939973;-0.031008253
-0.023156485;-0.013519784;-0.031056602
0.025224812;-0.017065829;-0.037345283
0.02174235;-0.013652662;-0.036126226
0.02676888;-0.05467213;-0.04765098
0.012040104;-0.10936271;-0.075620785
-0.009117917;-0.15311517;-0.08549663
-0.008856833;-0.16311713;-0.0621473
-0.018022968;-0.11486871;-0.04971784
-0.008168373;-0.073144965;-0.0085242735
0.020027801;-0.01476597;0.049430583
0.017584741;0.06318723;0.058294464
0.021880293;0.14742477;0.06538557
0.015941733;0.17731482;0.07105846
0.009628387;0.14497685;0.025596766
-0.00479729;0.08785649;0.051727414
0.015693419;0.03591019;0.053881932
0.027398484;-0.0056468486;0.030605543
0.04535629;-0.07639248;0.036984436
-0.00199622;-0.08923899;0.017087549
0.007778024;-0.043266185;-0.0050799614
-0.0031525807;-0.00961295;0.0021860308
-0.015803315;0.05793464;0.014248825
-0.020455152;0.09009771;0.01764906
-0.010114121;0.11582817;0.014119248
0.0028462028;0.12078754;0.017545398
0.0038394623;0.09663003;0.051536318
0.013227819;0.08667903;0.047479056
0.0066760057;0.04434322;0.044233244
0.037372056;-0.033275425;0.029136594
0.015053893;-0.06724534;-0.007940724
-0.012956885;-0.053796273;-0.03135258
-0.006459258;-0.027412018;-0.037582062
0.015926344;0.003070386;-0.02381565
-5.401751E-4;0.030581309;0.01844748
-0.00277589;0.052590046;0.039757982
-0.007689462;0.09519704;0.013056387
-0.01787032;0.10428263;-0.00830489
0.010703744;0.074051104;0.0058560874
0.048406746;0.046740882;0.01718487
0.0699754;-0.009482293;-0.0050021037
0.052074067;-0.020085834;0.008498317
-0.016153246;-0.022318669;-0.024451347
-0.059797596;-0.011604934;-0.019561077
-0.04627558;-0.037408948;0.02185114
-0.026082963;-0.042427156;0.042480912
-0.05055387;-0.040191725;0.0027347284
-0.070130594;-0.06652838;-0.06031222
-0.063916974;-0.07822271;-0.09824977
-0.0011335813;-0.084453166;-0.10984982
0.021749385;-0.10506253;-0.08162986
0.031462006;-0.09342503;-0.040303886
0.043919608;-0.05286502;0.011506893
0.021854436;-0.032917015;0.027955513
0.026858548;0.011166387;0.028614411
0.016018089;0.04018311;0.03539153
-0.02546678;0.050896488;0.0033132231
-0.028185923;0.0063421903;-0.022349421
-0.01629874;-0.06055125;-0.030379537
0.011179759;-0.117191;-0.02430363
0.0034750572;-0.1218778;-0.038192905
0.010592545;-0.08812724;-0.055554323
-0.0024634635;-0.05487679;-0.038193457
0.01990423;-0.031401433;-0.011804767
0.0026421335;0.034253854;0.0030561867
-0.0064800433;0.046153083;0.00869495
-0.014559034;-0.044327535;0.013205959
0.0024152724;-0.07608703;0.0043147677
0.004275968;-0.026494622;-0.009048186
-0.009860476;0.053804304;-0.0072385487
-0.01101338;0.09616844;0.006709161
0.0075955456;0.108184755;0.024117328
0.015451437;0.1365478;0.08804386
0.020173648;0.14361325;0.07668509
0.016138919;0.11489059;0.061348073
0.0011923854;0.11691248;0.030328458
9.5390837E-4;0.06852998;0.036762767
-0.0070493734;-0.007676016;-0.008089787
0.0076417513;-0.1373908;-0.03147183
0.0045509012;-0.17241265;-0.037677463
0.007546971;-0.11605512;-0.03014197
0.0076000765;-0.033469096;-0.030363576
0.01623631;0.045099724;0.0069591384
0.012989049;0.09232978;0.005567311
-0.006796261;0.114488825;0.066953845
-0.0038745087;0.12284106;0.04731308
-0.0030996068;0.11702285;0.044100463
-9.171855E-4;0.07174328;0.05403037
-0.0022962485;0.013644622;0.0057242964
0.009881752;-0.045334302;-0.007920563
9.290103E-5;-0.10814244;-0.01883645
-0.013206929;-0.11151395;-0.02131916
-0.012909293;-0.073586166;-0.029555328
0.0029538153;-0.052618932;-0.04239426
8.0055225E-4;-0.004595144;-0.03391541
0.0045466917;0.033823885;0.022867672
-0.011987646;0.030184107;0.024544138
5.661328E-4;0.049147286;0.01338531
0.028577907;0.02369283;0.029458247
0.050206076;-0.006045737;0.0360666
0.05344611;0.0076634106;-0.008646721
0.056038138;0.049880728;-0.038167376
0.02529926;0.039904583;-0.018033901
0.0053956583;-0.033701334;0.0043228786
-0.0019334734;-0.05508607;0.015958304
-0.021859279;-0.0065688537;0.0127666425
-0.06279992;0.06661992;0.010213314
-0.09555244;0.08767094;0.008170651
-0.112379454;0.07638675;0.006536521
-0.08990356;0.092359394;0.0052292165
-0.046922848;0.11295002;0.029183373
-0.0016007788;0.099735014;0.023346698
0.004969377;0.04072551;0.031177359
0.022725502;-0.03304459;0.024941888
0.03771165;-0.063935675;0.01370351
0.04501307;-0.08552354;0.004712808
0.028197957;-0.07154383;-0.008729754
0.009277116;-0.035360064;-7.33803E-4
-0.0011720576;0.0029619485;-0.025587043
-0.027500147;0.02111956;-0.039219633
-0.018875116;0.004395647;-0.012625707
-0.0057250937;-0.0058584823;-0.035100564
0.004794925;-0.017186785;-0.021830453
0.02102344;-0.04812443;0.013785638
0.007443752;-0.03849954;0.0047785104
-0.0065449984;-0.008924634;-0.014927192
-0.0036734988;-0.013389708;-0.018191753
-0.007626299;-0.08571176;-0.0645534
-0.0061010392;-0.121694416;-0.08289272
0.010744168;-0.10048053;-0.07881418
0.027345335;-0.09913442;-0.03805134
0.012501268;-0.07930754;-0.055441074
6.260144E-4;-0.05407103;-0.025602859
-0.022936689;-0.040131826;0.0045177126
-0.01053685;-0.02898046;0.00986417
0.004851769;-0.05130937;0.020391336
0.010131416;-0.047297496;0.04131307
0.038573883;0.021537004;0.026800456
0.032421608;0.0953546;0.033940364
-0.0060939654;0.14503369;0.020902291
-0.024406422;0.13165195;0.035471834
-0.016400138;0.07719655;0.059627466
-0.00843261;0.018007245;0.028951973
0.031535164;0.023780797;0.023161579
0.05022813;0.028399637;-0.012720738
0.020651253;0.02584471;-0.022676589
-0.011603997;0.036300767;-0.018141272
-0.0452207;0.025915613;-0.0020130174
-0.033051558;0.017607491;0.023389585
-0.038941246;0.010960993;0.01871167
-0.020215496;0.011893795;0.014969335
-0.008359898;-0.027984964;0.011975468
-4.3791824E-4;-0.04113797;0.0033303744
-0.028475335;0.013964623;0.033914298
-0.027467767;0.0611717;0.03338144
-0.020411715;0.09268736;0.039205153
-0.013204372;0.08664989;0.0063641216
0.005061503;0.05994491;0.017591298
0.04233045;0.019830927;0.026573038
0.029958112;0.003364742;-0.0037415698
0.008341489;-0.0035582064;-0.015493256
-0.0073893084;0.012778435;0.012605395
-0.087161444;0.053972747;0.022584315
-0.12910415;0.0853657;0.011817453
-0.11890832;0.10735506;-0.0030460376
0.009560839;0.017134046;0.00381317
0.079523675;-0.058167763;-0.009449464
0.084712684;-0.03715921;-0.03880957
0.034176398;0.0015226321;-0.012297657
-0.01484638;-0.020656895;0.015161875
-0.024377104;-0.047775514;-0.012870501
-0.053876683;-0.041345414;0.0022035995
0.022523653;-0.04870133;-0.01698712
0.15161267;-0.054586064;-0.0010896962
0.21347764;-0.02491885;-8.71757E-4
0.1707821;0.03631492;-6.974056E-4
0.06318819;0.022801936;-0.013057925
-0.02601195;0.0026165482;-0.0041963398
-0.03799706;-0.013531761;0.009142929
-0.014772648;-0.013950409;0.0073143425
-0.032911867;-0.033035327;-0.012898526
-0.08414199;-0.04517826;-0.03531882
-0.1141886;-0.06114261;-0.065755054
-0.11791337;-0.08641409;-0.046354044
-0.1162057;-0.09100627;-0.024583235
-0.06952706;-0.054055016;-0.007166589
0.020940851;-0.055744015;-0.005733271
0.081596434;-0.01022021;0.007913383
0.07621464;0.032448832;0.031330705
0.063315466;0.029084066;6.456517E-5
0.03346487;0.020142252;0.03130165
0.0345844;0.009863802;0.025041321
0.02141752;0.0016410415;-0.0049669426
0.011665265;-0.011187167;-0.016473554
0.013238462;-0.027699733;-0.0069288434
0.0043407693;-0.047159787;-0.018043075
-0.035589885;-0.06272783;-0.0019344597
-0.028471908;-0.050182264;0.004702432
-0.013402526;-0.018270811;0.0037619458
-0.01853452;-0.030241648;-0.021990443
-0.019515116;-0.011693319;-0.011342355
-0.009362093;-0.0062296554;-0.009073883
0.015166575;-0.026858725;-0.026009107
0.023852011;0.0035130207;-0.0020572855
0.015175358;0.024685416;-0.007895828
0.0027652865;0.022873333;0.0061833374
-0.01731902;0.015173666;0.01119667
-0.013855217;0.012138933;0.033957336
-0.0017091733;-0.005913853;0.0021658686
0.029882662;-0.020356083;0.007982695
0.013749879;-6.5986614E-4;0.0063861557
0.009437404;0.055722106;0.0051089246
0.0059874225;0.057077687;0.02283714
-0.050678812;0.07691215;0.018269712
-0.09679305;0.09902972;0.02086577
-0.07118444;0.101098776;0.022942616
-0.010072552;0.07775402;0.030854093
0.035691958;0.040328216;0.024683274
0.058241066;0.03226257;9.966192E-4
0.06378035;0.010185058;0.0070472956
0.06274303;-0.010601954;0.036887836
0.044725675;8.934373E-4;0.06701027
0.042811792;0.03196475;0.06610821
0.020968182;0.0786968;0.03413657
-0.023069203;0.11295744;-0.010190742
-0.05204911;0.066928454;-0.07690259
-0.04632679;-0.019894738;-0.092772074
-0.09799893;-0.07216579;-0.06796766
-0.100274146;-0.10148263;-0.04187413
-0.025531817;-0.11243611;0.016500698
0.042074546;-0.08369888;0.038200557
0.071940884;0.011165892;0.055560447
0.03099021;0.080807716;0.044448357
5.7341787E-4;0.04902117;0.023058686
-0.0042287656;-0.023283063;-0.0065530515
-0.012758013;-0.04987645;-0.04899244
-0.01958141;-0.03677616;-0.089193955
-0.021915128;-0.032545928;-0.09635516
-0.017532103;-0.054161742;-0.08958413
0.0015993181;-0.1402044;-0.052917305
0.0075294543;-0.19653851;-0.04233384
0.013836063;-0.21660581;-0.008867075
0.011068851;-0.14515965;-0.0070936596
-0.008332419;0.02762228;-0.011924928
-0.06604093;0.19709782;0.015460058
-0.084082745;0.27486575;0.037368048
-0.1157037;0.2714551;0.029894438
-0.11443796;0.1921641;0.03641555
-0.021237867;0.04748127;0.06663244
0.09707221;-0.12451498;0.05330595
0.17375152;-0.20273699;-0.0011052386
0.18665746;-0.21218958;-0.0071341908
0.18604472;-0.15412667;0.013042647
0.13711703;-0.029551338;0.022934118
0.101881124;0.11073393;0.037097294
0.033848647;0.19014965;0.029677836
-0.011202333;0.18493222;0.023742268
-0.033961866;0.13544577;0.031493817
-0.052169494;0.055231616;0.025195051
-0.066735595;-0.015189706;-0.0048439587
-0.09245098;-0.09027676;-0.047625165
-0.10052328;-0.10034641;-0.038100135
-0.07416862;-0.10527713;-0.04298011
-0.0405849;-0.1123467;-0.07188409
-0.03715542;-0.114877366;-0.051257268
-0.007849336;-0.12940189;-0.028505815
0.028876781;-0.10977151;-0.022804651
0.032476425;-0.07219221;0.0067562787
0.04394989;-0.04837877;0.017905023
0.031253662;0.020671986;-0.0044259815
0.03828418;0.04153759;0.0027092146
0.011096094;0.06135507;0.02091737
-0.012216875;0.092834055;0.010483897
-0.017586;0.08051725;-0.010362882
-0.0328188;0.061288796;-0.0020403056
-0.03875504;0.020906037;0.017117755
-0.035691533;-0.01765017;0.0011942043
0.0073842746;-0.079745136;-0.024044637
0.0059074196;-0.06067111;-0.012985709
0.007850936;-0.057911888;0.014611432
0.0070619984;-0.01820451;-0.013310854
0.011899599;0.029186392;0.008101317
-0.002199071;0.06397411;0.056481052
-0.004884257;0.09492929;0.057684842
-0.016407406;0.10094343;0.014897875
-0.036563423;0.09012975;-5.817006E-4
-0.06050074;0.0564788;-0.012965361
-0.06246309;-0.007941962;-0.0103722885
-0.0030954732;-0.04072857;-0.0020478307
0.035023622;-0.016957857;0.004611735
0.050675146;0.027058715;0.053689387
0.03507137;0.10602197;0.01170151
-0.026630405;0.16919258;0.0031112086
-0.041616824;0.16347906;0.033738967
-0.01923096;0.10422075;0.045741174
0.029927732;0.0396266;0.06159294
0.041910935;0.00201378;0.08677435
0.009309999;-0.023388976;0.03191948
-0.006614501;-0.03121118;-0.030714415
9.583991E-4;-0.06559394;-0.06832153
0.02889172;-0.09310015;-0.067157224
0.030144626;-0.065105125;-0.02247578
0.0303657;0.0229159;-0.0054806247
0.01804256;0.04020772;0.0643655
-0.025409702;0.044666175;0.0952424
-0.07814026;0.085732944;0.032443922
-0.06719971;0.07327385;-0.017794864
-0.025634767;0.033619083;-0.04548589
-0.008007814;-0.043417234;-0.030138712
-1.5625107E-4;-0.106608786;-0.05536097
0.020187499;-0.16028702;-0.069288775
-0.0166625;-0.16260463;-0.04293102
-0.028955001;-0.1300837;-0.065594815
0.0018359995;-0.07906696;-0.058725853
0.04287505;-0.060128566;-0.053230684
0.06320629;-0.041852854;-0.023834547
0.027908782;0.032142717;0.018432364
-0.023766724;0.06946418;0.01474589
-0.05182588;0.05557134;0.0055467123
-0.038335703;0.038207073;0.01693737
-0.010356063;0.018065657;0.0010498959
-4.723504E-4;0.033202525;8.399167E-4
0.0058721197;0.01718702;0.0069219335
0.004697696;-0.0018753837;-0.013212454
-0.0024918434;-0.001500307;0.008180037
-0.012930974;0.008174755;-0.00595597
-9.697798E-4;0.0065398035;0.007735224
0.011724176;-0.013518157;-0.006311821
0.0015668409;-0.007689526;0.0012005433
-0.008121527;-0.0061516208;-0.017789565
-0.006497222;-0.0049212966;0.023268348
-0.030197777;-0.016437037;-0.0063853217
-0.016345723;-0.013149629;0.0073917424
0.0134859225;-0.0073947036;0.024663394
0.009226238;0.003459237;0.044730715
0.02456849;-0.0034826105;0.023284573
0.019654792;0.0065889116;-0.018872343
0.029786333;-9.788707E-4;-0.027597874
-0.007420933;-7.8309653E-4;0.002921701
-0.0137492465;0.039998524;0.014837361
-0.007874397;0.02574882;0.018119888
-0.0016120176;0.0049740546;0.04574591
-0.0091021145;0.050854243;0.042846728
-0.011969191;0.0781834;0.040527385
-0.023637854;0.078171715;0.032421906
-0.022035282;0.05941237;-0.005312475
0.027684273;0.019404897;0.01450002
0.04558492;-1.0108144E-4;-8.999839E-4
0.033342935;-0.031330865;0.005530013
0.02042435;-0.009439692;0.01692401
0.0022769787;0.017448246;-0.011460791
-0.024740918;0.007708597;-0.034168635
-0.008855234;0.0061668777;-0.014834907
-0.002396687;-0.0013164979;-0.043117926
0.01214515;-0.0166782;-0.01574434
0.009716121;-0.013342558;-9.547225E-5
0.006210396;0.011200953;0.018673623
-0.005969183;0.021460762;0.021188898
0.010849654;0.03904361;0.023201117
0.005554723;0.04373489;0.031060895
0.010693778;0.05842541;0.031098716
0.025742523;0.05299033;0.024878973
0.0127815185;0.033017263;0.013653178
-7.122855E-4;-0.00327369;-0.0015774575
-0.014632328;-0.033868954;-0.020011965
-0.014830863;-0.08022016;0.0027404272
-0.03842719;-0.05792613;-0.0040576584
-0.029179253;-0.055715904;-0.028246127
-0.028030902;-0.035197724;-0.016346902
0.0072627785;-0.018783178;-0.006827521
0.013622723;5.9845747E-4;0.013287983
0.014023178;0.003603766;-0.0018696134
0.020593543;0.04350801;0.02350431
0.013349834;0.07386891;0.018803447
0.018492367;0.08409513;0.015042758
7.3139387E-4;0.050088603;-0.019215794
5.8511505E-4;0.04007088;-0.015372635
-0.019844407;-0.0054432945;-0.012298108
-0.023688026;-0.035604637;-0.009838486
-0.0033254211;-0.065983705;-0.007870789
0.002027163;-0.043411966;-0.0125466315
0.01724673;-0.025354574;-0.016287304
0.010672384;0.0047163414;0.024470156
0.011662908;0.010023073;0.038326126
0.009330326;0.008018458;0.0244109
0.004339261;0.006414767;0.02577872
0.01597141;-0.0073681865;0.008122976
0.004964627;-0.018394548;-0.03100162
8.4670156E-4;-0.03034064;-0.043551296
0.0022398613;-0.039897513;-0.028591037
-0.021645611;-0.02566801;-0.016622828
-0.014191489;-0.029909408;-7.9826324E-4
-0.01604069;-0.036427528;-0.006888611
-0.030020053;-0.0072670206;0.0069891117
-0.024016043;-0.021438617;-0.02565871
-0.031712834;-0.042150892;-0.02677697
0.029317234;-0.052470714;-0.021421574
0.07111004;-0.020101571;0.0016127401
0.06470053;-0.0067062574;-0.011209808
0.022854174;0.010259994;-0.0027178463
-0.0082791615;0.020707995;0.016575722
-3.733291E-4;0.022816395;7.605783E-4
-0.022173664;0.008878117;0.0068584625
0.0056985696;0.0039774934;0.01798677
-0.029816145;-0.034318004;-0.004360584
-0.042602915;-0.058704402;-0.028488467
-0.021582333;-0.059463523;-0.035290774
-0.009453366;-0.07882082;-0.015732618
-0.0075626927;-0.056806654;-8.609516E-5
0.0017623458;-0.017320324;-0.025068875
0.009222376;0.02051874;-0.013805101
0.0245654;0.035164993;-0.01729408
0.019652322;0.043756995;0.017414736
-0.012403144;0.035005596;0.026431788
-0.0130475145;0.009254476;0.03989543
-0.0073130117;0.001153581;0.025666345
0.022274591;0.022797864;-0.016966924
0.032663424;0.027613292;-0.0073235394
0.011286988;0.031465635;-0.0058588316
0.0090295905;0.025172507;-0.010937065
-0.008401328;-0.0048619946;-0.0024996523
-0.039533563;-0.028889596;-0.0019997219
-0.0066268495;-0.016861677;-0.0015997774
0.0025110203;-0.022864342;-0.0075298217
0.019196317;-0.033916473;0.012726142
0.020044552;-0.020883178;-0.002319086
-0.0042768577;-0.004206543;-0.0018552688
-0.020608986;0.0122597655;-0.007734215
-0.04304969;0.034807812;0.012562628
-0.03756475;0.03722125;0.016300103
-0.0253643;0.039152;-0.005709918
0.029708559;0.0438216;0.014182066
0.062048096;0.01630728;0.023845652
0.06526348;5.4582406E-4;0.012826522
0.053773284;-0.0089383405;0.0040112175
0.004737376;0.014724327;-0.015541026
-0.0180851;0.018029463;0.006317179
-0.03165558;0.01754857;-0.0011962566
-0.045636963;0.020288855;0.017792994
-0.03650957;0.025606085;0.007984396
-0.0073326565;0.03610987;0.0063875164
-0.0027411254;0.010137894;0.011360013
0.0103071;-0.0043896846;-0.009661989
0.02855818;-0.012886748;-0.032729592
0.053315293;-0.0415594;-0.0011836732
0.07546473;-0.05199752;0.017803062
0.07521554;-0.016598014;0.007992449
0.010953681;0.005471588;-0.02485604
-0.062330805;0.010627271;-0.026134832
-0.10767715;-0.022748183;-0.027157865
-0.09551672;-0.024448548;-0.0029762927
-0.03266337;-0.010183837;0.010118966
0.022306802;-0.02689707;0.0018451726
0.05612669;-0.052767657;-0.011023862
0.048807602;-0.042214125;-0.0025690896
0.017952332;-0.0212713;-0.04580527
0.004205616;-0.01701704;-0.011644217
-0.013823007;-0.007363632;-0.015565374
-0.011058406;3.5909447E-4;4.7700923E-5
-0.043221723;0.0065372754;0.0062881606
-0.04863988;0.00835482;0.023780528
-0.035786904;0.0066838562;-0.005975577
0.010432977;0.011597085;-0.029780462
0.035690133;-9.733192E-5;0.03242563
0.042614605;-0.012577865;0.038440503
0.026279185;-0.010062292;-4.975964E-4
0.022585846;-0.011174834;-0.025398077
0.012599928;-0.002689867;-0.026568461
0.0069549424;0.022848107;-0.0025047692
-0.0116235465;0.002653485;0.016746184
-0.021798836;-0.004127212;0.013396948
-0.01743907;-0.0033017695;0.004467558
-0.023326255;-0.008891416;-0.008925954
-0.0014735045;0.0053868676;-8.9076284E-4
0.014446196;0.013684494;0.011787389
0.032650705;0.045322597;0.021929912
0.029245567;0.036258075;-0.0012060705
0.0140214525;0.02900646;-0.013464857
-0.031751588;0.020080168;-0.023271885
-0.07383877;-0.015185865;-0.0061175083
-0.07469602;-0.05277369;0.0013559934
-0.03631931;-0.079718955;-0.030165205
0.028757049;-0.07002516;8.678358E-4
0.06988064;-0.05602013;0.0069442685
0.06527951;-0.032316104;0.005555415
0.029567359;0.0022721165;-0.008055668
0.019747637;0.054942694;0.0123054655
-0.02638939;0.07207915;0.028594373
-0.03204901;0.07328832;0.022875497
-0.01626421;0.05550566;0.024550399
-0.019261368;0.028779527;8.903187E-4
-0.004471594;-0.014476378;7.1225496E-4
0.015172725;-0.036581103;-0.018180195
0.015263179;-0.035514884;-0.002044157
0.017679295;-0.031536907;0.010864674
0.014143435;-0.012729525;-0.0038082604
0.001158498;0.01169138;0.0032033918
0.0040517985;0.024978105;0.008812713
0.014178939;0.019982483;0.0070501706
-0.026156848;0.012860986;-6.0986343E-4
-0.02561298;0.01966379;-0.012987891
-0.009552883;0.02198103;-0.035390314
-0.0029548067;0.0082098255;0.00293775
-0.019551346;-0.02468214;0.0273502
0.010921423;-0.019745711;0.00938016
-0.003762861;0.0029534304;-0.017495872
0.017302211;0.0023627444;0.0047533023
0.036498018;-0.010609805;-0.002447358
0.023729665;-0.017862843;-0.0082078865
0.007264982;-0.039290275;-0.012816309
-0.009031764;-0.03768222;0.0022469526
-0.03222541;-0.030145776;-0.016952438
-0.02734283;8.8337925E-4;-0.0073119504
-0.020311764;0.022581704;4.0043975E-4
0.010313089;0.036815364;0.006570352
4.3797147E-4;0.02945229;-0.0072437185
-0.0012121229;0.020436833;0.019205024
-0.0025321983;0.010099466;0.02161402
0.008911741;0.0018295726;0.004791216
0.036035642;-0.001661342;0.0038329728
0.012422265;-0.007579074;0.009316378
-0.015062189;-0.0060632587;0.013703102
-0.02923725;0.020149393;-0.014037518
-0.012452301;0.019244514;-0.011230014
-0.009961841;0.0153956115;0.009765988
0.015468027;0.006066489;0.007812791
0.010811922;-0.0013968087;-0.0062497673
0.014899538;0.017632553;0.007500186
0.01035713;0.017231042;0.012250149
0.016098205;0.010659834;0.0035501192
-0.0027464367;0.017902868;-0.0034099047
-0.013134649;-0.0013027063;-0.015227924
-0.013632719;-0.016667165;3.17661E-4
-0.0046561756;-0.025833732;-0.012245871
-0.0068499404;-0.011291985;0.015203303
-0.0054799523;-0.018408589;-0.0065873577
0.009678538;-0.02410187;9.80114E-4
0.0046178303;-0.009906497;-0.005465909
-0.0056807357;0.0014498027;0.008127273
0.0032679115;0.0105348425;0.012751819
0.004176829;0.014677874;0.0039514545
-0.021658536;0.0367423;-0.009338836
-0.006389329;0.020018838;-0.007471069
-0.0051114634;0.009765072;-0.0059768553
0.0099733295;-0.020312943;0.007718516
0.035322413;-0.019375354;-7.518733E-5
0.005601681;-0.018625284;-0.01256015
-0.0111436555;-0.011775226;-0.016298119
-0.016727425;0.0062048184;-5.384959E-4
-0.019631939;-0.004411145;0.024569204
-0.015705552;-0.016028916;0.0071553625
0.02806056;-0.015948134;0.00572429
0.011510947;-0.0065085064;0.010829432
0.0013962575;0.019793196;-0.022586454
-0.005132994;0.012709556;0.0069308365
-0.007231395;0.0070426445;0.01179467
-0.022972615;0.0025091157;0.015685735
-0.023065593;0.011382293;4.8588303E-5
0.0065475255;0.024730833;3.8870643E-5
0.0021130205;0.029159667;0.018781096
0.009502917;0.023327734;0.0087748775
0.0029148331;0.015537187;-0.005480098
0.010144367;0.00930475;0.014365922
0.0049904934;-0.0081812;-0.0072572627
0.016492395;-2.9496022E-4;-0.01830581
0.0053814156;0.006014032;-0.008394648
0.025398882;-0.0014387745;0.018284282
0.016412856;0.0113489805;0.014627425
0.008442785;0.015329184;-0.0070480597
-0.0026207722;-0.022111652;0.025611551
0.015872132;-0.0114393225;-0.0045107584
0.012697706;-0.018526457;-0.016108606
-0.012498085;-0.011696166;-0.019136885
-0.022498468;0.018768067;-0.015309508
-0.022686275;0.018139454;0.019002393
-0.021274019;0.014511563;-0.022298085
-0.024831716;0.02410925;-0.024088468
-0.026115373;0.0599124;0.018229226
-0.030267298;0.03542992;0.02083338
-7.7633845E-4;-0.009156064;-0.0020832957
0.01969143;-0.03232485;0.010833363
0.050128143;-0.04148488;0.014916691
0.036196265;-0.061312906;-0.019316647
0.036769513;-0.033425324;0.0032966821
0.02160311;-0.007990259;0.021387346
-0.022561263;0.012357793;-0.026640123
-0.03836151;0.031761233;-0.0025620987
-0.05881421;0.03165899;0.016700322
-0.031426366;0.00970219;8.602568E-4
0.006108907;0.017136753;6.882054E-4
0.015824625;-0.0019155984;-0.024449436
0.027503451;-0.020282479;-0.0070595485
0.02200276;-0.028725984;0.0068523614
0.021508459;-0.0136057865;-7.681111E-4
0.012519266;0.007865371;0.01813551
0.010015413;-0.006207703;0.0145084085
0.00879358;-0.0143411625;0.005356727
-0.017183885;0.02290207;-0.026964618
-0.02937211;0.015196656;-0.015321694
-0.043810185;-0.0034676753;-0.018507356
-0.06161065;-0.04027414;-0.033555884
-0.03522602;-0.05409431;-0.0018447076
-0.0031808156;-0.08390045;0.023524234
0.049017847;-0.04524536;0.006319387
0.08530803;-0.0018212878;0.0050555095
0.08934017;0.0079179695;0.016544407
0.05819089;0.025084376;7.355262E-4
-0.02922854;0.0513175;-0.03066158
-0.08900783;0.066054;-0.005779263
-0.10558127;0.0278432;0.02037659
-0.07040251;0.0066495603;-0.0149487285
-0.01569701;-0.019680351;-0.0057089827
0.017129892;-0.04699428;-0.010817186
0.024641413;-0.056345426;-0.008653749
0.03846313;-0.05445134;0.005577001
0.054208003;-0.018561073;-0.0017883993
0.035553902;0.019526143;0.01731928
0.015943123;0.037495915;0.032605425
-0.0075580017;0.08312173;0.02608434
-0.0357339;0.11024739;0.03336747
-0.03796212;0.09601041;0.026693977
-0.013182197;0.068995826;0.002605182
-0.010545758;0.05519666;0.0020841456
0.021250894;0.016032329;-0.035832684
0.040438216;-0.052799135;-0.022416146
0.03938182;-0.12036431;-0.024182918
-0.019275792;-0.18691644;-0.050596334
-0.051358134;-0.23703316;-0.015477067
-0.055149008;-0.27712652;-0.037381653
-0.026931705;-0.16857623;-0.061155323
0.039392136;0.030764023;-0.017674258
0.08307621;0.21523622;0.023360593
0.08599222;0.309689;0.068688475
0.014887524;0.29306367;0.08620078
-0.04902748;0.26257595;0.06896062
-0.073596984;0.16943575;0.0801685
-0.05262759;0.11992361;0.0453848
-0.01710207;0.08031388;0.011307839
-0.0043066563;0.026751107;-0.009703728
-0.0034453252;-0.0051616146;0.004737017
0.00193124;0.002120708;0.022539614
0.024982492;-0.021740934;0.024281692
0.062173493;-0.040830247;-0.036824647
0.030207545;-0.0670392;-0.023209717
0.0077597857;-0.15050636;-0.062317774
-0.010979671;-0.20478009;-0.099854216
-0.041596238;-0.18882407;-0.09863338
-0.01608949;-0.12918426;-0.0351567
-0.012871591;-0.097097404;-0.01562536
-0.032172274;-0.07767792;-0.018750288
-0.011675319;-0.06214234;-0.021250231
-0.015590255;-0.06533887;-0.023250185
0.004715296;-0.055396095;-0.031100148
0.017834736;-0.016191877;1.1988193E-4
0.01739279;0.0745465;0.043845907
0.02797673;0.1252622;0.035076726
0.014568885;0.11583476;0.07181138
-0.0070948917;0.105167806;0.038699105
0.0068240864;0.08725925;0.04345928
-0.01797823;0.038557395;0.022267425
-0.011257584;0.0058459174;0.017813941
-0.005881068;-0.010948266;0.014251153
0.006232646;-0.008758613;0.005150922
-0.035638884;0.01799311;0.010370738
-0.020698607;0.067519486;-0.01670341
0.030316114;0.09932809;-8.627278E-4
0.06487789;0.12633747;0.04305982
0.06674606;0.12450748;0.015697854
0.025271852;-0.009769018;-0.012441717
-0.03525127;-0.17344022;-0.022453373
-0.06257602;-0.27937716;-0.049212698
-0.026623312;-0.26725173;-0.07687016
-0.03536115;-0.17942639;-0.067746125
-0.00172642;-0.15604112;-0.0854469
-0.017006136;-0.1279579;-0.05585752
-0.038604908;-0.04924131;-0.019686017
-0.024633927;0.03873195;-0.0032488136
0.011542859;0.07161056;0.03490095
0.05845304;0.10728845;0.071670756
0.06394993;0.12645575;0.06983661
0.031628694;0.1261646;0.049619287
0.011240454;0.13843168;0.05219543
-0.012882636;0.098245345;0.023006342
-0.02124361;0.07859628;0.024655074
-0.016994888;0.041002024;0.013474059
-0.015158409;0.014051618;0.04827925
-0.009001728;0.011241294;0.0323734
-0.040013883;0.074618034;0.019648718
-0.038261104;0.06906943;0.0032189747
0.010016115;0.055255543;0.0025751798
0.04238789;0.030141935;-0.010439856
0.06281656;-0.008698952;-0.014601885
0.0260345;-0.028834162;-0.030431507
-0.005734899;-0.05119233;-0.024345206
0.007912081;-0.08782887;-0.019476166
-0.006170335;-0.07963809;-0.028080933
-0.0033737684;-0.069960475;-0.016214745
-0.015199015;-0.055968378;-0.031721797
-0.012159212;0.0052252975;-0.012877437
-0.0050398693;0.032305237;-0.02905195
-0.0024693955;8.4419036E-4;0.00800844
-4.1301642E-4;-0.021199647;0.006406752
0.015294587;0.008040282;0.011375402
0.0012981695;0.043932226;0.021600321
0.029163536;0.050770782;0.011030257
0.013955829;0.079679124;0.008824206
0.012727163;0.0528058;0.013309364
0.0070567303;0.02349464;0.016897492
0.014239134;4.571164E-5;-0.005232007
0.0059225573;-0.024963431;-0.022935605
-0.0124494545;-0.032470744;-0.030848484
-0.008397063;-0.044726595;-0.03717879
-0.019217651;-0.038906276;-0.01724303
-0.02318662;-0.040500022;0.023705576
-0.026361797;-0.019900016;-0.012285539
-0.016401937;-0.012795013;0.040171567
-0.00843405;0.01788899;0.06338725
-0.00830974;0.04243619;0.08195981
-0.033210292;0.10113645;0.071817845
-0.05625573;0.14340916;0.038704276
-0.020004587;0.14128983;-0.00653658
0.029308831;0.055219363;-0.042729266
0.07422832;-0.05738701;-0.06543341
0.053132653;-0.1490346;-0.05859673
0.016724871;-0.20047769;-0.028127383
-0.016307604;-0.23538215;-0.047501907
-0.0067960825;-0.21330571;-0.050501525
0.008625634;-0.16126958;-0.05290122
0.036588006;-0.02276566;-0.029820977
0.023801656;0.08491247;-0.017606782
0.0026350745;0.13667998;0.029664576
-0.011954441;0.13121898;0.02998166
-0.03612605;0.098725185;0.042735327
-0.025775842;0.05398015;0.04043826
0.009066827;0.002559119;-0.01139939
0.0150659615;-0.060452703;-0.034119513
0.008927769;-0.088987164;-0.03354561
0.005579715;-0.05243973;-0.014336487
-0.006473728;-0.010701785;-0.00521919
-0.0020539823;-0.014811428;-0.022925353
-0.0032056859;-0.014974142;0.012909718
-0.013502048;-0.002604314;0.035327774
-0.0014266389;0.016666548;0.034512218
-0.013641311;0.06020824;-0.009890224
0.004711951;0.05441659;-0.014162179
