-0.11524745;-0.043285403;-0.6881159
0.21952079;1.4817779;-0.17549273
0.30217913;1.907688;0.4721058
0.10580581;0.639041;0.79643464
-0.17160535;-1.2387671;0.32464772
-0.30994055;-2.0285137;-0.39653182
-0.23076493;-1.360311;-0.67972547
0.018513057;0.3164387;-0.55003035
0.2749667;1.6976823;0.022475706
0.35200462;1.8097082;0.46173057
0.20347868;0.9290166;0.6381345
-0.05752955;-0.43413046;0.45425755
-0.15930489;-1.3863668;-0.055343952
-0.21338141;-1.5747185;-0.42552516
-0.24179888;-0.7722748;-0.6341701
-0.0840641;0.73843014;-0.40733612
0.12024872;1.6587129;0.23038112
0.19619897;1.0800953;0.6093049
0.09524043;-0.292955;0.43119392
-0.1324014;-1.4828016;0.076205134
-0.26451486;-1.6518662;-0.4702859
-0.10458065;-0.27149296;-0.63872874
0.15539798;1.4312432;-0.17348297
0.3430684;2.171557;0.3112136
0.2650797;1.3544331;0.6614709
-0.019967485;-0.22739102;0.49167672
-0.2019115;-1.6600378;0.12459137
-0.24590419;-2.1780303;-0.4753269
-0.15609835;-1.1299242;-0.8115115
-0.029566182;0.5069981;-0.41170922
0.07790955;1.8677078;-0.060617372
0.12404639;2.2391646;0.5077561
0.16017461;0.92016155;0.8937049
0.11485844;-1.1669958;0.5024639
-0.017488247;-2.5679717;-0.25427887
-0.2014906;-2.3262522;-0.8221731
-0.27447373;-0.45475182;-0.9327385
-0.08129773;1.8307298;-0.38369077
0.15527432;2.509872;0.6555474
0.2718757;1.3547969;1.0306879
0.12921931;-0.7544437;0.6495503
-0.1645933;-2.3176174;-0.22410974
-0.2855809;-2.144719;-0.7855378
-0.22221471;-0.7470252;-0.7909302
0.023009479;1.2648798;-0.4514942
0.2793451;2.315029;0.37630466
0.36488232;1.9360075;0.7447937
0.2286246;0.6741966;0.695835
-0.003037817;-1.1168927;0.362918
-0.1875865;-2.4685142;-0.16591562
-0.36022544;-2.3498113;-0.7702325
-0.40224287;-0.16734907;-1.088061
-0.03976304;2.6786208;-0.3735738
0.45022082;3.316334;0.901141
0.60548913;1.4757235;1.1959127
0.20704757;-1.1733274;0.64423025
-0.35154945;-2.9964745;-0.22836582
-0.5663958;-3.1034296;-0.93269265
-0.44217914;-1.4452436;-1.0305291
-0.06624331;1.2891176;-0.6087983
0.3087241;2.9441466;0.35671136
0.45947927;2.439584;1.0228691
0.27617717;0.6881417;0.8620453
-0.03608951;-1.0627679;0.3083862
-0.2601216;-2.1845894;-0.25329104
-0.2237223;-1.8351715;-0.7401328
-0.17897783;-1.4681371;-0.5921063
-0.09552602;0.072365284;-0.598685
0.07670419;1.9055485;-0.210198
0.30511335;2.7304935;0.4380916
0.33237192;1.7478713;0.9317233
0.1088663;-0.07826543;0.6641286
-0.12775071;-1.6188624;0.1188029
-0.2631381;-2.391965;-0.41120768
-0.2581667;-1.6416969;-0.78521615
-0.13934587;0.12414248;-0.59692293
0.048679557;1.8016577;-0.09628833
0.2037874;2.2434747;0.5729693
0.24193616;1.1957563;0.78962547
0.11698643;-0.30511373;0.46920037
-0.069692105;-1.540966;-0.005889701
-0.16669118;-1.8546478;-0.47971177
-0.16772795;-1.0712183;-0.6525194
-0.09043235;0.43833792;-0.42826554
0.058122866;1.7100453;0.03863758
0.1324358;1.711005;0.5809101
0.13329238;0.45864776;0.58972806
0.05663391;-0.80651927;0.19053245
-0.056255374;-1.4249029;-0.22882405
-0.0871918;-0.99304736;-0.48930925
-0.02365969;0.018062122;-0.24144739
0.05607225;0.6660122;0.025592087
-0.0012359514;0.842966;0.10797367
-0.11036376;0.5470291;0.25512895
-0.04766601;0.08449825;0.13535315
0.1259297;-0.13708891;0.02078252
0.09527501;-0.32998362;-0.008373985
0.011376253;-0.21867439;-0.14419919
-0.061992746;0.14693548;-0.13410935
-0.015219198;0.3566109;0.09896252
0.062824644;0.018101208;0.19792001
0.005728463;-0.38551903;0.052086014
-0.07588598;-0.46466523;-0.12083119
-0.06461503;-0.20141968;-0.19666496
0.017839223;0.38573927;-0.09483196
0.07130263;0.6492164;0.11163443
0.04376085;0.28187314;0.13930754
-0.012647567;-0.116689004;-0.038553964
0.008631946;-0.3855387;0.025406828
0.07253056;-0.44593096;-0.03592454
0.1134932;0.0057552313;-0.04123963
0.006419556;0.006166685;0.104508296
-0.1690831;-0.43725416;-0.003893363
-0.36807898;-0.96230334;-0.07186469
-0.41790068;-0.9260927;-0.43874174
-0.17650805;0.6075634;-0.5759934
0.2408248;1.7938632;0.101705275
0.57547235;1.5288405;0.6251142
0.5388935;0.35275996;0.7250914
0.11509918;-1.0318545;0.3050731
-0.28135815;-1.5442337;-0.2621915
-0.37430528;-1.0822619;-0.48475322
-0.21897547;0.11700297;-0.49405256
0.0013821232;1.4396961;-0.13899206
0.1292307;1.8658195;0.42005634
0.14557207;0.8746868;0.7547951
0.070363894;-0.8471256;0.36633608
-0.062458884;-2.0402005;-0.28193113
-0.20309211;-1.7227854;-0.80679494
-0.21794243;-0.056353297;-0.6391859
-0.03841645;1.3642924;0.057401255
0.1762981;1.6031526;0.477171
0.24963222;0.76377213;0.5379868
0.08095578;-0.8085136;0.21163943
-0.06492288;-1.9921234;-0.38068846
-0.1706883;-1.9249487;-0.49205077
-0.22092564;-0.39308393;-0.5623906
-0.08299051;2.2144392;-0.2624125
0.13282634;3.0336607;0.82132
0.31329232;1.3066161;1.082056
0.2123526;-1.0535353;0.3968948
-0.14808667;-2.4522033;-0.40748414
-0.2911256;-2.0523877;-0.90723735
-0.14071296;-0.24816008;-0.70703983
0.10774213;1.4655344;-0.040631887
0.1877562;1.84274;0.5924945
0.10411121;0.8827858;0.6552456
-0.06436728;-0.6367401;0.21169648
-0.16477507;-1.640642;-0.26814282
-0.14900756;-1.5968887;-0.46451426
-0.0996748;-0.48063594;-0.5591114
0.017916411;1.2818975;-0.32228914
0.15573938;1.8641899;0.5609187
0.21131025;0.74096125;0.773735
0.0940482;-0.835356;0.23148797
-0.14507394;-1.7510973;-0.32730964
-0.20824665;-1.3665029;-0.6243477
-0.09159732;0.31929773;-0.51197815
0.1181284;2.1445007;0.07166747
0.24372147;2.458667;0.70108396
0.23560217;0.90277344;0.8546172
0.033012986;-1.192625;0.28994375
-0.18374586;-2.207225;-0.405545
-0.30246544;-1.92828;-0.774436
-0.24197236;-1.542624;-0.6195488
-0.17639038;-0.09659921;-0.54563904
0.042481445;1.3664706;0.07598877
0.14336015;1.5986452;0.50454104
0.11703187;0.81407243;0.54738283
0.04128175;-0.22530453;0.34415624
0.01193165;-0.67868114;-0.080925
0.08610782;0.1617426;-0.28349
0.20873001;1.5364254;-0.033042002
0.25526527;1.7654684;0.3860664
0.14874345;0.5869841;0.5588531
-0.14506774;-1.4765065;0.2908325
-0.36527294;-2.9202676;-0.479834
-0.43284336;-2.742464;-0.9151172
-0.3103372;-1.3939713;-0.65084374
-0.080300994;0.30982295;-0.176925
0.088884205;1.7572334;0.17720999
0.18438861;2.3393805;0.52926797
0.24282339;1.7754107;0.6921644
0.2598837;0.82501596;0.3662315
0.21728197;0.18501279;0.05548521
0.012888076;-0.18792728;0.01313817
-0.10687704;-0.4956543;-0.17698947
-0.13472039;-0.53089845;-0.47284156
-0.031213805;-0.07940626;-0.5282733
0.18752895;0.49585;-0.047618605
0.28049192;0.74043;0.39940512
0.14001854;0.41656274;0.3757741
-0.058297675;-0.11753105;0.21936928
-0.18491939;-0.32058734;0.056745417
-0.24012302;-0.16896987;-0.09835366
-0.14991091;0.0570116;-0.19743294
-0.041022476;-0.0043907203;-0.051696345
-0.12109923;-0.6613251;0.12739292
-0.23047313;-1.3353101;0.07691434
-0.242191;-1.433873;-0.13846853
-0.1265653;-0.72834843;-0.35452482
0.112810254;0.35482123;-0.31486985
0.3621232;1.1260445;-0.014395887
0.5045423;1.0844294;0.2947333
0.3919151;0.52926224;0.36703664
0.05493833;0.13590978;0.1873793
-0.25839308;-0.020959673;-0.025096554
-0.31765196;-0.14176774;-0.13257724
-0.12990282;-0.20872669;-0.106061794
0.06092149;-0.17635635;-0.028599435
0.083112195;-0.22077258;0.02712045
-0.025697747;-0.24536806;-0.022053638
-0.13305819;-0.39004445;-0.06764291
-0.17519656;-0.47453555;-0.12286433
-0.13703224;-0.14681596;-0.17329146
-0.033063296;0.32785973;-0.07613317
0.14620562;0.6201003;0.09534346
0.21462074;0.48983023;0.22627477
0.1466966;0.18873918;0.19351982
-0.006861476;0.04317885;0.061065853
-0.08205168;0.07673058;-0.038647316
-0.048453845;0.052009463;-0.062167853
0.041705675;-0.05214243;0.012765717
0.121645786;-0.11827644;0.041462574
0.08169163;-0.12587115;0.014420059
-0.032302946;-0.06944692;-0.050963953
-0.08131111;0.03037996;-0.05952116
-0.08458014;0.12430397;-0.04761693
-0.04422661;0.17913067;0.024406455
0.004462464;0.18861704;0.025775164
0.009819971;0.15089363;0.020620132
-0.0023002732;-0.012097594;0.035246104
-0.02293397;-0.26436558;0.028196884
-0.042565923;-0.46617997;-0.014942492
-0.07624024;-0.46044397;-0.118204
-0.05396094;-0.36991766;-0.1445632
0.043549996;-0.34280914;-0.059400555
0.0864025;-0.32268482;-0.028770445
0.049590748;-0.122210346;-0.023016356
0.015453848;0.18504421;0.0065869153
0.025644328;0.36053538;0.055269532
0.037702963;0.3181158;0.08171563
0.03563112;0.24824265;0.0716225
0.024598647;0.17515661;0.051048
0.0024914169;0.11043779;0.009588401
0.004336884;0.022725232;-0.01732928
0.008938257;-0.033382315;0.0048865764
0.018869355;-0.10639335;-0.021090738
0.012751735;-0.09761468;-0.023122592
0.025826387;-0.035904244;-0.005998073
0.01128611;9.641041E-4;0.020201541
-0.015971111;-0.021103717;-0.0025887666
-0.05105814;-0.052820474;-0.039571013
-0.05256526;-0.075068876;0.0058431895
-0.047520958;-0.0959926;0.017174551
-0.053641766;-0.039294083;-0.017510358
-0.039007165;0.043564733;-0.026508287
-0.01948698;0.13953929;0.0037933704
0.010972915;0.13975643;0.028034696
0.037684582;0.100867644;0.028677758
0.051241416;0.029131616;0.0041922056
0.030836882;-0.018882208;0.0033537645
0.009825756;-0.015105766;-0.016066989
0.021141855;-0.032397114;-0.056603592
0.016913483;-0.02591769;-0.045282874
0.034624536;-0.053546652;-0.017476298
0.02613713;-0.014712322;0.017268961
0.017003454;0.046042643;0.0013151693
0.032352764;0.07120911;0.013552136
0.01806971;0.03977979;-0.014158292
0.012893268;-0.032238666;0.019923367
-0.0068728854;-0.12579094;0.034688693
-0.05549831;-0.17250775;-0.0034990453
-0.045961145;-0.1473812;-0.040299237
-0.03520642;-0.08821746;-0.025989389
0.010116116;-0.009636466;-0.027041512
0.002624143;0.026665827;-0.02163321
-0.030713186;0.08070766;0.0014434329
-0.047226798;0.10831613;-0.0050952537
-0.02840644;0.1335279;0.033423796
0.027274849;0.100572325;0.051739037
0.067132376;-0.013292142;0.05389123
0.053705905;-0.1434462;0.036862984
0.020308472;-0.15381947;-0.026759613
-0.022034472;-0.062118076;-0.04640769
-0.027002577;0.042493038;-0.030876152
0.03386669;0.15743193;0.019049078
0.06146835;0.16657054;0.058989264
0.07026843;0.042631436;0.00969141
0.050745994;-0.10651985;-0.023496872
-0.0039344546;-0.24615338;-0.031297497
-0.05314756;-0.2547352;-0.062538
-0.076893054;-0.22097567;-0.0687804
-0.04979569;-0.07990553;-0.036274318
-0.018742803;0.14232558;0.002230545
-0.0017129921;0.23261046;0.058034435
0.0048796064;0.19858837;0.05267755
-0.032815065;0.1776207;0.017142039
-0.030158302;0.12490906;-0.011286369
0.01806086;-0.0141352555;0.040970907
0.047261186;-0.11287071;0.045276724
0.020621449;-0.10435906;-0.020028621
-0.028034091;-0.03348725;-0.016022896
-0.03570852;0.038835198;-0.03156832
0.005808182;0.15294316;-0.025254654
0.06402154;0.27547953;0.067296274
0.074654736;0.31100863;0.10383702
0.06363004;0.1409944;0.16431962
-0.008470968;-0.22939198;0.025205694
-0.056776773;-0.3647636;-0.14858544
0.00770358;-0.25118586;-0.11886836
0.13506912;-9.486947E-4;-0.026344685
0.1596178;0.31174105;0.003924252
0.05269423;0.5884553;0.0843894
-0.014875864;0.5488893;0.18001153
-0.027525691;0.20786141;0.13775922
-0.056395553;-0.24777336;0.028957374
-0.14824145;-0.59509367;-0.1643341
-0.20296815;-0.67294997;-0.2502173
-0.20065577;-0.56492245;-0.21892382
-0.10349337;-0.39881298;-0.10013906
0.009392805;-0.13623787;0.026138753
0.06298299;0.1347597;0.077161
0.0675739;0.30780777;0.0804788
0.096246615;0.3931212;0.095633045
0.13090354;0.29262197;0.076506436
0.052379083;0.09191007;0.036205146
-0.013565483;0.026653057;-0.027285883
-0.033508636;0.18069744;-0.015578707
0.011474341;0.31018296;0.043787036
0.09902322;0.25908387;0.091279626
0.10656233;0.030704593;0.0792737
0.014156112;-0.22543633;0.019668963
-0.06133136;-0.32409906;-0.11551483
-0.060783837;-0.22177924;-0.104911864
-0.0048770704;-0.1586734;-0.027679492
-0.0078079063;-0.18787622;-0.059643593
-0.040621325;-0.19561347;-0.035214875
-0.10124706;-0.23930328;0.0030781003
-0.14974765;-0.30550513;-0.03503752
-0.11432937;-0.2069041;-0.084280014
-0.032088496;0.05322672;-0.042424012
0.066516705;0.32070637;0.04731079
0.13368212;0.4128151;0.094098635
0.09366444;0.41306457;0.0815289
0.060869053;0.47107667;0.06522313
0.033851493;0.47217384;0.0646785
0.08020619;0.30117658;0.0829928
0.10088371;0.022191253;0.08514424
0.058050714;-0.2775595;-0.019384608
-0.011371929;-0.4986101;-0.05300769
-0.07003504;-0.5379506;-0.11115615
-0.090403035;-0.45536047;-0.13267492
-0.11294743;-0.31585088;-0.12488993
-0.11692044;-0.035493195;-0.06866195
-0.06541135;0.18879294;0.03882044
-0.010141583;0.27134687;0.056056354
0.028605483;0.32489;0.07609508
0.034603138;0.28803697;0.08587606
0.03862001;0.21480459;0.056200854
0.037146006;0.19371867;0.032460682
0.029716806;0.15497494;0.025968546
0.044867195;0.17866746;0.027024837
0.037456255;0.09449646;0.027869869
0.032308754;-0.08534033;0.022295896
-0.0014967462;-0.26202226;-0.019663284
-0.005103647;-0.31743032;-0.059480626
-0.011114168;-0.18831925;-0.0850845
-0.024516335;-0.0022179;-0.0930676
0.0030431827;0.09978818;5.45919E-4
0.018059546;0.042330544;0.050436735
-0.0011773631;-0.06926057;0.021599388
-0.01187939;-0.25072095;-0.0014704894
-0.030597262;-0.5052643;-0.0074263914
-0.04557156;-0.6338989;-0.13719112
-0.11145725;-0.46961913;-0.1847529
-0.1063533;-0.1631953;-0.12905231
-0.05227014;0.108506255;-0.01574185
0.06130889;0.27118;0.09990652
0.09123461;0.332569;0.14242521
0.03861269;0.4769927;0.07019018
0.008233901;0.65659416;0.04365214
0.07924337;0.60808784;0.1286717
0.12667595;0.31772026;0.14668737
0.10837201;0.027613712;0.061099894
0.021853857;-0.25915903;-0.007370084
-0.055173166;-0.5963897;-0.10589607
-0.09570103;-0.7083618;-0.19721685
-0.08281083;-0.59325194;-0.18902348
-0.05999866;-0.39491403;-0.13871878
-0.051905178;-0.11436873;-0.073475026
-0.020430394;0.22881751;0.028719977
0.019593187;0.41586652;0.11672598
0.0445808;0.3514432;0.14963078
0.030195888;0.109279566;0.06970463
-0.020374538;-0.029763846;0.0057637026
-0.029580882;-0.16912358;-0.026639039
-0.017414704;-0.23686136;-0.05256123
0.029818237;-0.11136409;-0.060798984
0.062135838;0.085908726;-0.0048891874
0.05127117;0.2890395;0.04608865
0.030079437;0.36560658;0.05562092
-0.0220302;0.38154778;0.063246734
-0.041061662;0.33023822;0.06934739
-0.014880578;0.25325307;0.036727913
0.0068455376;0.14010246;0.016882328
0.02500768;0.007394466;0.051005863
0.034849893;-0.22845943;0.009554691
0.027879914;-0.49683005;-0.05485625
-0.023789817;-0.57246405;-0.131385
-0.033875603;-0.49390873;-0.136358
-0.052100483;-0.35606447;-0.1028364
-0.036211636;-0.10672659;-0.051019117
-0.026625559;0.14586873;0.009184705
0.0052620526;0.30732;0.08859777
0.037022144;0.348981;0.10837821
0.0061802138;0.3291848;0.09295257
-0.021618329;0.26959783;0.055612054
-0.013388413;0.11411577;7.3964405E-4
0.01194552;-8.9488714E-4;-0.011908284
0.047837667;-0.1397784;0.0029733721
0.06717638;-0.18526022;-0.035121303
0.017022356;-0.19352068;-0.09059704
-0.030132115;-0.19700405;-0.059977632
-0.06238694;-0.118540734;-0.054232106
-0.065534554;-0.03077009;-0.030885685
-0.025083894;0.051946428;-0.0059585483
-0.009129615;0.11030714;0.026483161
-0.0033974415;0.10699572;0.07118653
-3.7420323E-4;0.04965907;0.056949224
0.0114193875;-0.055585243;0.033059377
0.03726051;-0.2616557;0.0014475029
-0.002222842;-0.38901207;-0.105092
-0.030684523;-0.24402215;-0.1215736
4.523811E-4;0.029782284;-0.02850888
0.023018155;0.28476334;0.052192897
0.039508276;0.48093566;0.09800432
0.03551287;0.658186;0.12215345
0.005754045;0.7515488;0.110222764
0.038978238;0.6863953;0.11942821
0.04055759;0.404585;0.12054257
0.03791482;-0.037269503;0.07768405
0.003769357;-0.5391906;-0.019102756
-0.064172015;-0.839165;-0.11528221
-0.11227511;-0.8666445;-0.20472576
-0.07888259;-0.6511281;-0.23878062
-0.02248107;-0.32402748;-0.12852448
-0.021891108;-0.0060969763;0.009680409
-0.046419136;0.27637243;0.063994326
-0.048072807;0.46328545;0.07619546
0.009198003;0.49250335;0.12970637
0.0995459;0.42681518;0.110015094
0.11791797;0.36020213;0.075512074
0.10370938;0.19128671;0.08540966
0.04468625;-0.05478313;0.062077727
0.0068427515;-0.18132651;-0.031587817
0.0070367013;-0.1872487;-0.08152025
-0.005308139;-0.096673965;-0.058966205
0.018409738;-0.13983917;-0.009672962
-0.02511596;-0.17905883;-0.00773837
-0.079467766;-0.18699707;-0.0811907
-0.104199216;-0.18084766;-0.06495256
-0.059921872;-0.17436562;-0.0019620454
-0.047937497;-0.1394925;-0.0015696363
-0.023506247;-0.077219;-0.020005709
-0.016461248;0.0757248;0.0027454328
0.021206;0.18089233;0.033446345
0.049777303;0.26971388;0.008007077
0.04685309;0.3235836;0.04390566
0.022638723;0.3244919;0.06637453
0.014204728;0.29084352;0.053099625
0.036363784;0.2420498;0.042479698
0.06737228;0.10926484;0.06523376
0.08046032;-0.14540063;0.089687005
0.048743255;-0.405383;-0.028250394
-0.025849145;-0.4930564;-0.12260032
-0.074585564;-0.40850762;-0.16683026
-0.062793456;-0.2658686;-0.1459642
-0.027578512;-0.14550738;-0.04177136
0.00449969;-0.0664059;0.06033291
-0.049525246;0.01562528;0.067016326
-0.077901445;0.07812522;0.009863063
-0.07638366;0.10781268;0.0016404503
-0.007200677;0.14406264;0.0013123603
0.06298946;0.25275013;0.0135498885
0.08476657;0.3787626;0.06708991
0.043594502;0.45769757;0.041171927
0.020813102;0.48178306;0.057937544
0.03383798;0.36667645;0.07760003
0.055976637;0.18396616;0.037080027
0.033843808;-0.045014575;0.06716402
0.011450047;-0.33757415;0.04123122
-0.008027462;-0.5544343;-0.048265025
-0.04860947;-0.60292244;-0.14486203
-0.061543826;-0.47608796;-0.20963962
-0.06095381;-0.34024537;-0.10521169
-0.0276693;-0.1753213;-0.046669353
-0.022135438;-0.02150704;-0.006085484
-0.02708335;0.0077943676;0.06388161
-0.04510418;-0.0812645;0.08860529
-0.045458343;-0.113449104;-0.029115768
-0.017616676;0.032678217;-0.06704261
0.04918791;0.16051757;0.052615907
0.08935033;0.35966405;0.048342727
0.06991776;0.52054375;0.06992418
-0.0057845404;0.58206;0.07468934
-0.04681513;0.6109605;0.059751477
0.025829144;0.6395497;0.016551182
0.09566332;0.5444522;0.050740946
0.08590565;0.20978053;0.09684276
0.06325577;-0.20561308;0.0962242
-0.029864132;-0.50980294;0.0019793636
-0.10826631;-0.7047174;-0.092166506
-0.096769296;-0.7012739;-0.18623321
-0.018040435;-0.57195663;-0.18648657
0.005098901;-0.4247528;-0.117939256
0.007985371;-0.25230223;-0.019351402
-0.04751795;-0.09246679;0.03451888
-0.08723311;-0.01928593;0.077615105
-0.06978649;-0.026366245;0.04959208
-0.044891693;-0.0054679955;-0.016576335
-0.0054446035;0.1393756;-0.032011066
0.057363067;0.334938;0.011891146
0.12089045;0.48513788;0.072012916
0.13499361;0.5412353;0.101360336
0.08299489;0.5267382;0.068588264
0.016395912;0.4917031;0.054870613
0.00530423;0.376175;0.06264649
0.029243384;0.12281498;0.043867193
0.014019707;-0.16268551;0.028843755
-0.027065484;-0.28952342;-0.0019249967
-0.021652387;-0.2816187;-0.045289997
-0.00794691;-0.27060747;-0.067481995
0.003017472;-0.363361;-0.0914856
0.0086639775;-0.4344388;-0.08568848
-0.049318817;-0.5678635;-0.06855078
-0.11601756;-0.69491583;-0.092340626
-0.16547029;-0.71530765;-0.1551225
-0.16128248;-0.6003711;-0.136598
-0.09230724;-0.4052969;-0.12802841
-0.05275204;-0.18361253;-0.07742272
-0.04610788;0.12342248;0.019311823
0.009207444;0.47217548;0.07794946
0.09564721;0.8464904;0.14985956
0.15308027;1.1350048;0.20113765
0.19355796;1.2455039;0.20466012
0.18687762;1.0956218;0.17622809
0.122939594;0.79055995;0.15973248
0.09444543;0.3316667;0.17153598
0.06383759;-0.15185413;0.093478784
0.007320073;-0.4605458;-0.031466972
-0.04414394;-0.55437416;-0.14392358
-0.113440156;-0.54037434;-0.19013886
-0.106377125;-0.48698694;-0.13336109
-0.1116642;-0.45833957;-0.06918887
-0.12605011;-0.34792164;-0.049101096
-0.13521509;-0.18614982;-0.058030877
-0.14879707;-0.11766985;-0.0589247
-0.08388141;-0.120698385;-0.06588976
0.0016448755;-0.12937121;-0.0027118092
0.05834715;-0.09568447;0.047830552
0.09667772;-0.009360072;0.025764441
0.10624842;0.07063694;0.020611554
0.033436242;0.14088455;0.016489243
-0.0076260073;0.17677014;-0.024308605
9.304443E-4;0.22422862;0.024303116
0.008556856;0.22625789;0.044442493
0.031845484;0.19975631;0.041803993
0.042663887;0.13480505;0.020943195
0.05366236;0.08909404;0.041754555
0.081211135;-0.008412268;0.058403645
0.08996891;-0.14266731;0.052972917
0.036818877;-0.28913385;-0.020121668
-0.026013648;-0.2719321;-0.12234733
-0.07393592;-0.17067066;-0.10412787
-0.12633623;-0.036536533;-0.077052295
-0.13544399;0.053583276;-0.030391835
-0.13569894;0.13661662;0.013186532
-0.03355915;0.1280433;0.041799225
0.11299643;-0.11475287;0.06468938
0.09039714;-0.09180229;0.051751506
0.16606772;-0.35156682;0.053901203
0.15941668;-0.35625347;-0.056879036
0.06503334;-0.21625277;-0.13300323
-0.03625458;-0.04643972;-0.08765259
-0.13447241;-0.021526774;-0.026372068
-0.27164042;-0.05315892;-0.039847653
-0.29543734;0.12934786;-0.06312812
-0.17228737;0.36754078;-0.013002498
0.0668576;0.49090764;0.083348
0.33161107;0.5614761;0.17292841
0.45825762;0.5226184;0.18209273
0.35176235;0.4118447;0.108174175
0.13765988;0.33885077;0.017789342
-0.091434605;0.18826811;-0.010768527
-0.24502268;-0.04938551;0.016385179
-0.2858619;-0.31763342;0.013108143
-0.22868952;-0.60254425;-0.039513487
-0.10638911;-0.7007854;-0.11286079
0.02582621;-0.6387533;-0.19653863
0.12769222;-0.56725264;-0.19473091
0.11152878;-0.4209896;-0.118284725
0.04547302;-0.13210419;-0.04462778
-0.051902834;0.09744164;0.045547776
-0.123553514;0.21232831;0.09268822
-0.102749065;0.24330015;0.055400576
-0.028293;0.14307763;0.06307046
0.03439685;0.0832121;0.03170637
0.08689248;0.16656968;0.0066150953
0.067951486;0.18638074;0.011542076
0.063736185;0.18347959;0.0029836611
0.0627077;0.26709616;0.03988693
0.05016616;0.33555195;0.056909543
0.05107043;0.27312905;0.045527633
0.026012592;0.10444074;0.061422106
-0.0065336763;-0.099259906;0.036637686
-0.02788319;-0.28722042;-0.014439851
-0.06449405;-0.40790135;-0.04905188
-0.05940774;-0.37788358;-0.1142415
-0.006901194;-0.23980686;-0.1163932
-0.0016147051;-0.096532986;-0.049364563
0.015895735;-0.008476389;-0.0019916503
-0.025564661;0.108843885;0.02965668
-0.06654548;0.16988762;0.036225345
-0.034486383;0.1280976;0.047730274
0.022410894;0.047790572;0.00693422
0.023397464;0.006982457;-7.0262403E-4
0.051530473;0.011835965;0.018187901
0.04903688;0.028218772;0.03955032
0.036885753;0.06945002;0.019140257
-0.01814765;0.09774751;-0.034687795
-0.08170562;0.05163551;-0.034000237
-0.13020824;-0.06181659;-0.008450189
-0.14088535;-0.12445327;-0.019260151
-0.045520775;-0.12456262;-0.02790812
0.112802126;-0.0637126;-0.0035764966
0.23789795;-0.013470076;0.0721388
0.27469337;0.065786436;0.101461045
0.18694219;0.19325416;0.049918834
0.004241252;0.21085332;0.014935067
-0.15363824;0.13274516;-0.0068019466
-0.24556684;0.017133625;-0.042941555
-0.22848473;-0.0362931;-0.06560325
-0.13356903;-0.05715948;-0.021232596
0.007988524;-0.06916508;0.0017639227
0.13685957;-0.053769566;0.0014111382
0.15323766;-0.043015655;-0.0051210895
0.07884012;-0.045350023;-0.010346872
-0.03458415;-0.081592515;-0.014527497
-0.10969857;-0.15433651;-0.0053719976
-0.103383854;-0.16096921;-0.023047598
-0.063175835;-0.07096287;-0.03718808
-0.012259418;0.013542204;-0.048500463
0.055036217;0.12177126;0.00494963
0.07996647;0.18335451;0.035209704
0.10459818;0.12637112;0.071917765
0.078209795;0.038596887;0.06378421
0.035224084;-0.03005999;0.019777369
0.057085518;-0.09436049;0.015821895
0.07223091;-0.106738396;0.031407516
0.029659731;-0.11507822;0.0063760127
-0.06845971;-0.024875073;-0.01989919
-0.13133027;0.19728744;-0.009669352
-0.086314216;0.28907996;0.03601452
4.798758E-4;0.18438897;0.078811616
0.0863214;0.02407367;0.03179929
0.05968212;-0.055741064;-0.093310565
-0.013973054;-0.027405351;-0.15589845
-0.028365944;0.0046382193;-0.08721876
-0.037536506;0.027148075;0.03022499
-0.047216702;0.02328096;0.030429993
-0.019023363;-0.031375233;0.011843993
-0.03787494;-0.3032252;0.046975195
-0.08811245;-0.60351765;-0.056169845
-0.099396214;-0.6125016;-0.16993588
-0.06623572;-0.3134388;-0.1609487
0.020448925;0.24456146;-0.08500896
0.15385914;0.7253367;0.08824283
0.25355607;1.0341756;0.26434427
0.23721986;0.94609046;0.3302254
0.16868213;0.34359112;0.27668032
0.0333832;-0.4641896;0.08384427
-0.17016844;-0.97291416;-0.23917459
-0.290041;-0.78458136;-0.40383968
-0.1992203;-0.08860257;-0.30432174
0.04374876;0.63849294;-0.03095739
0.26703027;0.9037631;0.2877341
0.26128045;0.23629174;0.39268726
0.044180617;-0.7484666;0.07039981
-0.25371802;-1.2800233;-0.24368015
-0.46313065;-1.1552687;-0.43869412
-0.39237952;-0.31171492;-0.40720528
-0.06859112;0.5803156;-0.044514235
0.23653336;0.8892525;0.3518886
0.35797668;0.786402;0.38151088
0.21919385;0.17755908;0.26770872
-0.027769923;-0.63607776;0.007916969
-0.18705969;-0.9869872;-0.26866642
-0.16839775;-0.43646476;-0.38368315
-0.1347182;-0.34917182;-0.30694652
0.05863169;0.77691257;-0.12055721
0.3820616;1.48403;0.36605424
0.4400243;1.118474;0.5615934
0.16764443;-0.0052207704;0.3617747
-0.30260321;-1.1010516;-0.09183023
-0.59755135;-1.4808413;-0.5109642
-0.46085355;-0.78467304;-0.55252135
0.025067156;0.67069906;-0.25451708
0.5411475;1.810778;0.30263633
0.67627734;1.7622943;0.74210906
0.37813127;0.6149135;0.65618724
-0.19358875;-0.8963504;0.1061998
-0.5853397;-1.6920804;-0.44629017
-0.57920927;-1.2255392;-0.67578214
-0.16102369;-0.02261891;-0.3843757
0.37274355;0.59909236;0.24874943
0.4974136;0.2089614;0.38024956
0.097149625;-0.43595588;0.06044964
-0.37774906;-0.5815772;-0.18914029
-0.43657425;-0.08869927;-0.22006223
-0.021915643;0.5931031;-0.10729978
0.40824872;1.2518262;0.13291018
0.5008177;1.354586;0.43757814
0.32956043;0.73679376;0.4313125
0.062085852;-0.35040873;0.30755
-0.24330007;-1.8209519;-0.003959993
-0.4579213;-2.3286366;-0.684418
-0.48196205;-1.2535343;-0.9037844
-0.26525712;0.16436009;-0.48552752
0.1252943;1.2111756;-0.007172013
0.34711042;1.4478467;0.5192624
0.28393835;0.82312113;0.7404099
0.13496318;0.03193439;0.42982793
-0.051404458;-0.6150775;-0.049887657
-0.13252981;-0.7529995;-0.36491013
-0.1161801;-0.31177458;-0.3856781
0.008618417;0.6412053;-0.23354249
0.14517598;0.84890175;0.17566602
0.091140784;0.10099641;0.32178283
-0.06849362;-0.6129529;0.14492625
-0.1626074;-0.7637998;-0.102809
-0.09336717;-0.46103984;-0.2884972
0.022962516;0.05929313;-0.16829775
0.07383876;0.2693095;0.046611793
0.03797726;0.1560726;0.112289436
-0.05555569;0.05454558;0.002331547
-0.0889758;0.16863647;0.026865238
-0.028993143;0.24115917;0.09649219
0.070555486;0.32417732;0.05844375
0.08535064;0.28746688;0.034255
0.047186762;0.21278599;0.0024040013
0.0057181586;0.1405413;0.058173202
-0.011050473;-0.14225446;0.08403856
-0.04712163;-0.41067857;-0.07026915
-0.095509805;-0.61135536;-0.11246532
-0.10297034;-0.6062718;-0.14622226
-0.09800127;-0.35689244;-0.2044778
-0.08230727;0.08792356;-0.16983224
0.011497934;0.65158886;0.007884204
0.106854595;0.69627106;0.29380736
0.14095242;0.26482937;0.32879588
0.087761946;-0.23032402;0.119286716
-0.07588419;-0.53582174;-0.11082063
-0.120082356;-0.50678235;-0.2386565
-0.046065886;-0.2866759;-0.17842521
0.034241043;-0.10121571;-0.05524016
0.032861583;-0.03722257;0.04330787
0.0012892667;-0.04227806;0.053396296
-0.06381234;-0.024447447;-0.057282962
-0.06823737;0.25231704;-0.08332637
0.035253856;0.60029113;0.0770889
0.11101558;0.6192954;0.19292112
0.13099997;0.36574882;0.1730869
0.03761247;0.012911561;0.11971952
-0.03319127;-0.18810825;0.014525615
-0.053115517;-0.3082991;-0.100879505
-0.0010861636;-0.40913928;-0.11820361
0.03819357;-0.36949894;-0.08831289
0.012586106;-0.17841163;-0.083150305
-0.049306117;-0.006791812;-0.022770246
-0.09100739;0.118004054;0.019283803
-0.09780592;0.42096573;0.06542704
-0.0048072315;0.8055226;0.13359164
0.09927922;0.9944181;0.1568733
0.15051712;0.92834693;0.18174864
0.16806994;0.5661151;0.20789891
0.1321122;0.007579554;0.16006914
0.044752266;-0.5283114;0.053055305
-0.046229437;-0.8117116;-0.057555754
-0.0924523;-0.83999425;-0.2460446
-0.07239934;-0.7313704;-0.27808568
-0.07745072;-0.53978384;-0.24121855
-0.043991826;-0.34120208;-0.17422484
-0.020349711;-0.26827416;-0.08312987
9.077305E-4;-0.29118183;0.052246105
-0.0031800657;-0.27669546;0.054296885
-0.044731554;-0.14635636;-0.0065624933
-0.054535244;0.018852407;-0.005249995
-0.039721943;0.19008192;-0.022949995
-0.010683805;0.39269054;0.031640004
0.048484206;0.56571496;0.106562
0.07941236;0.7181969;0.1289996
0.06899864;0.82455754;0.18444969
0.043480165;0.7893335;0.16630974
0.0027528808;0.5752168;0.1392978
0.013139805;0.26642346;0.08643824
0.06988684;-0.13686122;0.03790059
0.050440725;-0.59855145;-9.2952827E-4
-0.03230367;-0.79290366;-0.14449362
-0.11412419;-0.7093229;-0.3093449
-0.092861846;-0.54402083;-0.2662259
-0.043820728;-0.32896668;-0.069230735
-0.035056584;-0.26317334;-0.055384587
0.011798483;0.05821132;0.04319233
0.0055325367;0.36844406;0.103303865
-0.0049489704;0.50881773;0.10764309
0.017134573;0.5476792;0.123614475
0.026988909;0.5318934;0.11139158
0.041122377;0.39582717;0.10161326
0.04461665;0.09322425;0.07504061
0.027880821;-0.2410456;0.047532488
-0.0105078425;-0.45533648;-0.03697401
-0.034968775;-0.5080192;-0.1858292
-0.01078752;-0.46266535;-0.17991337
0.0124637345;-0.33106977;-0.08768069
-0.018935263;-0.067980826;-0.045144554
-0.07452321;0.15342784;0.0076343566
-0.08071232;0.29774228;0.043607485
-0.038007356;0.3866313;0.084885985
0.050062865;0.35618004;0.08665879
0.086144045;0.24588154;0.075577036
0.071258985;0.113892734;0.07296163
0.039819688;-0.07451081;0.0333693
-0.004863;-0.23773365;-0.02330456
0.0015783501;-0.26987442;-0.049893647
0.034075182;-0.090899535;-0.07116492
0.006166394;0.12415537;0.018068066
0.0033706152;0.2540118;0.058204453
0.03472774;0.28602195;0.071563564
0.009032194;0.20381755;0.05725085
-0.034961745;0.05367904;0.014550679
-0.049063146;-0.14143176;-0.007109456
-0.016594267;-0.3225204;-0.030687565
-0.018744163;-0.42207882;-0.074550055
-0.03999533;-0.42203808;-0.09089004
-0.012465015;-0.30169296;-0.103962034
-0.024034511;-0.113229364;-0.026919626
-0.03407136;0.07191651;-0.021535702
-0.040538337;0.19659571;-0.01722856
-0.04024317;0.29946408;-0.007532849
0.015461714;0.38488376;0.07522372
0.04908812;0.451657;0.08517898
0.09630175;0.4191381;0.07439318
0.096572645;0.21187298;0.10326455
0.08507062;-0.052376613;0.076361634
0.052431494;-0.18565129;-0.020160692
-0.015867304;-0.17977104;-0.06612855
-0.008787594;-0.10319183;-0.027902842
0.021876175;-0.05911596;0.002677726
0.03703219;-0.048855267;0.045892183
0.004625752;-0.104709215;0.011713745
-0.06583065;-0.21032988;-0.009379004
-0.08860202;-0.2792014;-0.08250321
-0.059162866;-0.23273613;-0.09725256
0.008138458;-0.1721264;-0.09030205
0.025260767;-0.07988861;-0.03474164
0.003021113;0.040776607;0.0034566878
-0.02648936;0.15449628;0.03401535
-0.011035237;0.25484702;0.05221228
-0.01273444;0.21637762;0.06676982
-0.010187552;0.0918521;0.05966586
0.010599959;-0.05933082;0.0039826874
0.016292466;-0.15058966;-0.01556385
0.013033973;-0.15484673;-0.03120108
0.02370843;-0.05981488;-0.043710865
0.011154243;0.022460595;-0.028718691
0.024548395;0.10859348;0.002025047
0.015732465;0.19468728;0.03287004
0.012585972;0.17137483;0.013796031
0.031162528;0.02459986;0.048536826
0.051492523;-0.116257615;0.03882946
0.049006518;-0.17425609;0.0060635675
-0.008451035;-0.18784237;-0.045149148
-0.04894833;-0.1283989;-0.06736932
-0.056346163;-0.005844118;-0.022645453
-0.04507693;0.1375122;0.013133638
-0.039967794;0.25063476;0.02925691
-0.035880484;0.34113282;0.060905527
-0.030266888;0.43071875;0.061224423
0.02344274;0.4648875;0.06772954
0.070316695;0.3265975;0.09168363
0.08125335;0.067528;0.073346905
0.05953393;-0.1850401;0.014927523
-0.010185354;-0.30584458;-0.038057983
-0.030804534;-0.33686316;-0.049196385
-0.009799876;-0.36949053;-0.07060711
-0.011746151;-0.29090494;-0.08148569
-0.02267817;-0.13584894;-0.06518855
-0.048611287;0.030383348;-0.02090084
-0.03732653;0.10868168;0.008279328
-0.0048612235;0.097882845;0.012873462
0.01954852;0.045493774;0.06029877
0.036732566;0.03483252;0.029489016
0.04032355;0.073178515;-0.013908787
0.011165093;0.056980312;-0.0048770295
0.011275824;0.02058425;0.033598375
0.01683316;0.0383424;0.0456287
-0.013877222;0.02286142;-0.013497039
-0.035320528;-0.028585864;-0.023297632
-0.018881422;-0.07755619;-0.056138106
-0.0057301377;-0.11204495;0.017589515
0.01650964;-0.124010965;-0.017178386
-0.003979788;-0.08045877;-0.03249271
-0.01646508;-0.039367016;-0.03224417
-0.019422064;0.012256388;-0.050795335
0.011806099;0.023867609;0.015613733
0.011007379;0.025344089;0.049990986
-0.006037847;0.04215027;0.02749279
-0.025924027;0.055595215;-0.03425577
-0.016832972;-0.0117738275;-0.008654615
0.03965862;-0.029731562;0.018076308
0.016883148;-0.0034727494;0.008211046
-0.006024732;-0.0059031993;-0.018431162
0.0029927145;-0.00941006;-0.0022449302
0.014112921;-0.026278047;0.016954055
0.0050403373;-0.019459939;-0.011436756
-0.02253023;0.02505705;-0.027899405
-0.020367933;0.01223314;-0.0035695236
-0.017856847;0.0066615115;-0.021605618
0.010714523;-0.025920792;0.020215506
0.004665368;-0.03636163;0.034922402
-1.739558E-4;-0.011901806;-0.015812077
-0.0056079146;-1.4644481E-4;-0.012649662
-0.014642581;-0.014179656;-0.03511973
-0.030464066;-0.033218727;-0.0030957833
-0.037652504;-0.04688748;0.016273374
-0.030122003;-0.037509985;0.013018698
-0.064722605;-0.034695487;-0.039585043
-0.04396558;0.0019311104;-0.03791803
0.008577535;-0.0047051115;-0.011584426
0.03811203;-0.01313909;0.009482459
0.026583372;0.026988728;-0.0049140328
0.018922947;0.04502848;0.0023187737
0.030763358;0.036022786;0.020605018
0.023048187;0.02100573;-0.002265985
0.02000105;-0.0019454168;0.010687212
-0.0050929105;0.014068667;-0.0039502303
-0.013449328;0.0065674335;-0.015660184
-0.020915713;-0.019746054;0.0062218527
-0.01282632;-0.05017184;-0.045022517
0.014738943;-0.15732497;-0.036018014
0.040697403;-0.20710997;0.033685587
0.041932926;-0.12975049;0.02694847
-0.006297411;-0.066300385;-0.028441224
-0.055037927;0.011022191;-0.054002978
-0.09403034;0.052567754;-0.030702382
-0.08459927;0.0701792;-0.012061906
-4.9191946E-4;0.07020586;0.015350475
0.026168965;0.09053969;0.06853038
0.034216423;0.16618176;0.073574305
0.056279387;0.2001329;0.040109444
0.05439851;0.23823132;0.038337555
0.05367506;0.28277257;0.061920043
0.07731505;0.32778054;0.080786034
0.09778953;0.30284944;0.070878826
0.07276288;0.22509205;0.069203064
0.027741553;0.13788614;0.07411245
0.015943242;0.035308912;0.04053996
0.0033795943;-0.006127871;-0.005068032
-0.0066713244;-0.039277297;-0.022804426
0.0063816905;-0.15798433;-0.02449354
-0.0066133975;-0.32482496;-0.038344834
-0.028728219;-0.44423497;-0.086925864
-0.061263826;-0.4413255;-0.16954069
-0.10213606;-0.4139979;-0.14813255
-0.056708846;-0.3718233;-0.093506046
-0.03989833;-0.25995865;-0.043554835
-0.047543664;-0.10171691;-0.028593868
-0.03803493;0.067063965;0.008374906
0.002384556;0.18490118;0.031699926
0.044095144;0.16198345;0.05660994
0.06418236;0.10146175;0.051537953
0.043533392;0.0452319;0.03498036
0.038732965;0.05337302;0.02798429
0.011455121;0.078635916;0.01613743
-0.013492153;0.122283734;0.031659946
-0.0053249723;0.16501449;0.006577956
-0.0081662275;0.17263658;-0.013487635
-0.015907982;0.13654678;0.020459892
-0.0103826355;0.035799917;0.016367914
0.0026313914;-0.029172566;0.0068443306
0.006011363;-0.10771305;-7.7453535E-4
-6.5965956E-4;-0.13304545;-0.006869628
0.0072847726;-0.08924885;-0.0117457025
0.005827818;-0.018274084;-0.015646562
-0.0054939957;0.06350573;0.01248275
0.028417304;0.12424209;0.0099862
0.036015093;0.10408117;0.01423896
0.013968324;0.06607743;-0.0011088318
-0.012262841;0.024736948;-8.870655E-4
