0.013077718;0.016250238;0.013828214
0.008899675;-0.024499811;0.023562571
-0.00538026;-0.013349849;-0.024899943
-0.001179208;-0.010679878;-0.0074199545
0.016244134;0.007081097;-0.018435964
-0.008879693;0.0025398775;0.004001229
-0.014916254;0.005156902;-0.034299016
0.0052544964;0.007250522;-0.0024392132
-0.005171403;0.008925417;0.016798628
0.0036753777;0.016515333;0.019688904
0.027940301;-0.008662733;0.015751123
0.022352241;-0.0069301864;0.012600898
0.024131794;-0.002419149;-0.0024192815
-0.0056945654;-0.03006032;-0.014435425
-0.0045556524;-0.036548257;-0.00529834
0.013542978;-0.0011136043;0.002011328
-0.015728118;0.0022341167;-0.004640938
-0.020394994;0.0017872932;-0.00371275
-0.024128495;0.0045548347;0.0095298
-0.020865297;0.013018868;-0.01112616
-0.012004737;0.022915093;0.0098490715
0.02008371;0.033957075;0.014129258
0.023879468;0.02404066;0.017553406
0.008166075;-0.0026424718;0.0077927248
-0.01065464;-0.011488978;-0.03126582
-7.1121217E-4;-0.018566182;-0.018762656
0.0072435304;-0.014852946;-0.0025101248
-0.0035801758;-0.0056323563;0.0104919
-0.020051641;-0.0045058853;0.01464352
0.0011461875;-0.009854708;-0.0070351837
0.00247945;0.0077412333;-0.005628147
0.03167106;0.009317987;0.020497482
0.009711848;0.0105793895;0.010147986
-0.032855522;0.0022135116;-0.016881611
-0.0028469174;-0.004479191;-0.0072552892
0.0070974664;-4.5835262E-4;0.006695769
-0.011509527;0.0027583179;-0.013393385
1.6737836E-4;-0.010293346;0.0017852919
0.0016964027;0.0073903236;-0.0048217666
0.007607122;0.0027872587;0.0023925868
0.015460698;-0.004020193;-0.023085931
0.004556058;-0.0094661545;0.012781256
-0.0010426535;-0.0044479235;-0.0022749954
-0.005521623;-0.006683339;0.0044300035
-0.0028547982;9.0332894E-4;-0.002705997
-0.014783839;-0.0055273366;0.010335202
6.7292916E-4;-0.0012968695;0.008268162
0.0036633434;0.014587505;3.6452946E-4
0.015430675;0.008545004;0.012791623
0.018594539;0.0068360027;-0.002266701
0.022688132;-0.019531198;-0.001813361
-0.0052869944;-0.024999958;-0.0077006887
-0.035479594;0.0050000334;-0.018660551
-0.0111961765;-0.005374973;-0.02742844
0.0066680587;0.005075021;0.009307248
0.003771947;0.016560016;0.019945798
-0.014169943;0.016373014;0.0034566384
-0.017585954;0.01934841;-0.03473469
0.018743737;0.0029787289;-0.009037752
0.0071824896;-0.022617018;0.024019798
-0.0036290083;-0.014968613;4.6583905E-4
-0.0060282066;-0.011974891;-0.0058773286
-0.0032600653;0.0029200872;-0.004701863
0.023954447;0.011711069;0.01498851
0.012913558;0.031243855;0.005740808
-0.016231654;0.028120086;0.017092647
0.010452177;0.019371068;0.0011741169
5.492418E-4;-0.009503146;0.019689294
-0.015185607;-0.051352516;-0.0154985655
-0.004335985;-0.050457012;-0.006148852
-0.011281288;-0.027865611;-0.02366908
-0.01058753;-0.0066674887;-0.018935265
-0.0053450246;-0.005333991;0.022351788
-0.0011510196;0.033232808;0.01788143
0.010016684;0.039086245;0.0018051441
0.023638347;0.059394;0.0076941154
0.0032856779;0.038140196;0.012405292
0.0026285425;0.030512158;0.009924234
0.002102834;0.024409726;0.007939387
0.0016822672;-0.005472219;0.01260151
-0.0017791863;-0.07312778;-0.03991879
0.007951651;-0.04287722;0.0055649662
-0.034263678;-0.024926776;-0.014298027
-0.024285944;0.0019335791;-0.017688422
-0.019428754;0.045296863;-0.0016507374
0.009456996;0.03623749;0.0049294103
-2.4690302E-4;0.016489992;0.028943527
0.023239978;0.003816994;0.023154823
0.020154482;-0.037571404;0.012273858
0.020811087;-0.051932123;-0.033930913
0.015086369;-0.0540457;-0.014644731
-0.005118405;-0.03386156;-0.017965784
-0.011907225;0.0010357526;0.004377372
0.0014117206;0.028953603;-0.0027481022
-0.009808123;0.038787883;-0.008448482
-0.020346498;0.031030305;0.0057412144
-0.003777199;0.043574244;0.0108429715
0.011040741;0.028609395;0.0024243772
0.024457593;-0.011487484;0.014439502
0.010191075;-0.05293999;0.017801601
0.0019028593;-0.05797699;-0.02950872
-0.007852713;-0.027631592;-0.036106974
-0.00940717;0.0028947266;-0.02888558
2.8676394E-4;0.014815781;0.026891535
-0.02320809;0.036852624;-0.0034867711
-0.021691471;0.0419821;-0.002789417
0.004521823;0.02421068;0.022768466
0.02392996;0.038118545;0.018214773
0.028518967;0.011744835;0.0145718185
0.013440173;-0.03435413;0.005407455
-1.8536123E-4;-0.049358305;0.004325964
0.006101711;-0.051986646;-0.015289229
-0.0029311313;-0.060339317;-0.037231382
-0.022657406;-0.013896452;-0.017285107
-0.010313424;0.013882838;-0.0013280852
-0.020750739;0.03923127;0.011437532
-0.019725591;0.06576002;0.015400025
-0.006405473;0.030733014;0.03732002
0.015188121;0.00896141;0.011106016
0.0074629975;-0.005330872;0.015134813
-0.008092103;-0.026139697;-0.019142149
0.0013388182;-0.027161758;-0.02156372
-0.008303945;-0.015479406;-0.023500975
-0.008205656;0.009491475;-5.0780578E-5
0.012185475;0.01696818;0.024959376
0.01131088;0.016699543;0.0012175004
-0.011263796;0.007109635;0.013474001
-0.004323537;0.0025627082;-0.0079708
0.0043536704;-0.016699834;0.01237336
0.012857936;-0.016484866;0.003648688
-6.511509E-4;-0.013187894;0.0154189505
0.008854079;-0.010550315;-1.6483957E-4
0.014895763;9.347482E-4;0.0061181285
0.01191661;0.0038727985;-0.0013554973
-0.0076542115;-0.009401761;-0.0323344
-0.02956087;0.0018535911;-0.019617518
-0.0017736953;0.004607873;-0.021944014
0.009518544;0.0255613;-0.0050552115
0.004489835;0.048574038;0.02095583
-0.005783132;0.004484231;0.016764665
6.0994407E-5;0.016087385;0.019661732
0.020361295;0.006619908;-0.015520615
0.010039036;-0.010329074;-0.01866649
-0.01853127;-0.011388259;-0.0086831935
-0.005450017;0.0033893927;0.011803445
-0.0012350134;-0.006663486;-0.0030572438
0.0036994894;-0.008455789;0.022554206
-0.020477908;-0.019264631;-0.025706636
-0.011694827;-0.024786705;-0.020565309
0.02658164;0.0020456363;-0.010202247
0.02595281;-0.007738491;0.023088202
-0.0011127513;0.0031842072;0.0122205615
-0.0227652;-0.016202634;0.00977645
-0.036962163;-0.025462108;-0.01092884
0.0048052715;0.032755315;-0.021243073
0.031969216;0.04495425;0.020505542
0.0052628736;0.001588401;0.035154432
-0.009852201;-0.011229279;-0.003126453
-0.014131761;3.9157664E-4;-0.015001162
0.0074445913;-0.02781174;-0.01825093
0.013768173;0.005875609;-0.020850744
-0.0030479615;0.026575487;0.008319405
-0.013375869;0.0150103895;0.019155525
-0.0060131955;0.012008312;-0.003425581
0.0061269435;-0.009143351;0.016009536
0.017401556;-0.02918968;3.0762822E-4
0.006108744;-0.026476745;2.4610257E-4
-0.023238005;-0.046181396;-0.018553117
-0.017027903;-0.018195117;-0.033592496
-0.007372323;0.0041939067;-0.014373995
-0.0058978586;0.025230125;0.013500804
-0.006280787;0.026434101;-0.0016993571
-0.01752463;0.03052228;0.023640513
0.0047302963;0.011917824;0.0064124116
0.038159236;0.018909259;0.023879929
0.03052739;-0.0036225924;0.012853944
9.844118E-4;-0.056023072;0.016533155
-0.02421247;-0.05106846;-0.036773477
-0.011557477;-0.028354768;-0.048168782
0.012629019;-8.088139E-4;-0.032285023
-8.3428493E-4;0.033727948;-8.2801987E-4
-6.6742796E-4;0.02698236;-6.6241587E-4
-5.3394237E-4;0.021585887;-5.2993273E-4
-4.271539E-4;0.01726871;-4.2394616E-4
-0.009716723;0.026314968;0.030910844
0.039101623;0.014801974;0.024728674
0.014093798;-0.02878342;0.0010329395
3.3753776E-4;-0.048026737;-0.011673648
-0.01847997;-0.04154639;-0.009338919
-0.0038464759;-0.030112112;-0.007471135
0.0062978193;0.01966031;0.012773092
-0.021524245;0.03135325;-0.014781526
-0.023469396;0.0469576;0.013174779
0.009349483;0.01881608;0.023039823
0.026229586;0.011927864;0.0059318584
-0.0040163305;0.0032922907;-0.014004514
-0.014150565;-0.019241167;-0.0049536107
-0.0066329516;-0.049767934;0.014787111
0.0040686387;-0.030439347;-0.03192031
-0.004557589;-0.008726478;-5.362486E-4
0.010416429;0.011768818;0.018321002
0.006770643;0.028165054;-0.010343199
-0.0070834854;0.019407043;-0.008274559
-9.792885E-4;0.024900634;0.012130353
0.008591569;0.004295508;0.0097042825
-0.011876744;0.0034364061;-0.029736575
-0.011063896;-0.016000874;0.0074607404
0.020836383;-0.0190507;0.037218593
0.021356607;0.00975944;0.011024874
0.0061477856;-0.020317448;0.0025698992
-0.0013317717;-0.03187896;-0.029194081
-0.0041904175;0.011996834;-0.023355264
-0.039289832;0.025222467;-0.024934212
-0.020494368;0.020177973;-0.013697369
0.008604506;0.013017379;-0.017207896
0.016258605;-0.011461097;0.023733683
0.006756884;-0.009168877;0.018986948
0.005405507;-0.010460102;0.0026895576
0.015261906;-0.0052430816;0.027151646
0.010647025;-0.0073194653;0.009221317
-0.0039823805;-0.012105572;-0.0051229466
-0.023498405;-0.019059459;-0.010348357
-0.017236223;-0.0027475662;-0.0020286858
0.011211021;-0.005323053;-0.02037295
-0.023843683;0.0051165577;-0.047548357
0.004362554;-0.005281754;0.011961313
0.0097400425;-0.016725402;0.04081905
0.007792034;-8.8032254E-4;0.01390524
0.023421127;0.008670742;-0.007625808
0.006236902;0.0038115936;1.4935376E-4
0.0034270217;0.018674275;-0.006130517
-0.0113208825;0.02743942;0.0013455864
-0.035619207;-0.009298464;-0.017673532
-0.008182865;-0.01993877;-0.007888825
0.005953708;-0.009701017;0.03118894
0.032887965;-0.010885813;0.024951153
0.0075603733;-0.02433365;0.0074609215
-0.0064517013;-0.016341921;-0.006531263
-4.7386118E-4;-0.009948537;-0.01772501
0.002745911;0.02954117;0.004569992
-0.0056157713;0.023632936;-0.0025940065
-0.020117616;0.01890635;-0.008325205
-0.017656593;0.033875078;0.018339835
0.017124726;-0.016649937;-0.010328132
0.02619978;-0.010194949;-0.014512505
-0.011852676;0.0012190407;0.007139996
0.01551786;-0.014649767;0.005711997
0.0046017873;-0.008594814;-0.020430403
-0.02913107;-6.2585116E-4;0.008655678
-0.023304855;0.0026243192;0.013174542
1.0611516E-4;0.0145994555;0.004289634
0.012584892;0.0023045642;0.0034317072
0.0038179136;0.008093651;0.0027453657
0.004616831;-0.0060250787;-0.0040537072
5.6846475E-4;-0.023570063;-0.009492966
0.0035797718;-0.01573105;-0.026344372
-0.0143236825;0.0061651594;-0.008575498
-0.006771446;0.008057128;0.0181396
0.003957843;-0.006054298;0.020761682
0.010978774;0.004531562;-0.014640655
-0.0068419804;0.02550025;-0.024212524
0.008588916;0.0141501995;0.011879981
0.024058633;-0.00430484;0.015753984
0.022371907;0.005931128;0.006353188
-0.018039975;-0.023380097;0.00508255
-0.01286948;-0.021829078;-0.0021839598
-0.002483084;-0.0018382627;-0.0017471679
-0.008236467;0.0016543899;0.0048522656
-0.019089174;0.0013235119;-0.014868188
0.009728661;0.01355881;6.0545E-4
0.03434543;0.026472047;4.8436003E-4
0.024351344;0.03680264;0.012887488
0.0054185744;0.023192111;0.0103099905
-0.01597764;-0.0064463117;0.008247992
-0.012782113;-0.042657048;-0.0059016063
-0.00553819;-0.024750639;-0.0109712845
0.003381948;-0.019800512;0.003722972
-0.009794442;-0.028340409;-0.009521622
-0.004710553;-0.022672327;-0.020117298
-0.008455942;0.0037371381;-0.009843838
-5.147541E-4;0.04361471;-0.007875071
0.016775697;0.03176677;0.0061999434
0.011858057;0.031663414;-0.0012900452
-0.007701054;3.3073177E-4;-0.013532036
-0.0045983433;-0.0059854146;0.032924373
0.004133825;-0.014163332;0.0450895
0.01111956;-0.030080665;-0.0014284025
-0.022354351;-0.030314533;-0.013642722
-0.017883481;-0.024251625;-0.010914178
-0.014306786;-0.0194013;-0.008731342
-0.011445428;1.0395948E-4;-7.350737E-4
-0.0029063425;0.0063331677;-0.038088057
-0.002325074;0.017566534;0.013279553
0.0028274409;0.032803226;0.016873643
0.025699453;0.016867582;0.007248914
0.025247062;-0.0021309345;0.005799131
0.0123851495;-0.0048297476;-0.0016106952
-0.01352938;-0.022613797;-0.0012885561
0.006363996;-0.033716038;-0.013530845
0.016028697;0.010527169;0.001675324
-0.0074895425;-0.0072032646;0.0075902594
-0.021616634;0.012987388;0.0060722074
-0.026668306;0.026014911;0.004857766
0.011477854;0.03331193;-0.008613788
0.021682283;0.026649542;0.01185897
0.017345827;0.0025696342;0.009487176
-1.8583868E-4;-0.0041942927;0.013839741
0.018601328;-0.012730435;0.017321793
0.0055060633;-0.038309347;0.020107435
-0.0049701496;-0.011897478;0.009835947
-0.010226119;-0.012642982;-0.035881244
-0.008180896;-0.035114385;-0.034954995
-0.031544715;0.02503349;-0.009213995
-0.018985773;0.045026794;0.005128804
0.012936382;0.029771434;0.010353044
0.0072241053;0.020692147;0.020782435
0.015154284;0.013428718;0.0041259476
0.012123427;-0.0017570256;-0.0029492418
0.006573742;-0.01078062;0.010140606
-0.0072410065;-0.021124497;-0.023137515
-0.013605305;-0.032524597;2.3998816E-4
0.0031782559;-0.038519677;1.9199053E-4
-0.013082395;-0.005815742;-0.012346407
-0.012028417;0.010972407;-0.028627126
-0.009622733;0.011902925;-0.004151701
0.0016768136;0.00952234;0.0029286393
0.004466451;0.045117874;-0.0039070887
0.011385661;0.032969296;-0.009375671
0.0091085285;0.023250438;0.017499464
-0.009900677;-0.0063996497;0.026499571
-0.011045542;-0.008244719;-0.0038003435
0.028663566;-0.037845775;0.021959726
0.022930853;-0.05215162;0.00506778
0.010532183;-0.035471298;-0.008445776
-0.032199252;-0.025252037;-0.025506621
-0.027321903;-0.013951629;-0.026655296
0.017204978;0.035713695;0.009925763
0.024701482;0.062945955;0.00794061
-0.011488815;0.044106767;1.0248817E-4
-0.0045035514;0.032160413;0.03758199
0.019834658;7.2833E-4;0.061315592
0.017430227;-0.018167336;-9.475261E-4
-0.004805818;-0.04265887;-0.02575802
8.428453E-4;-0.046627097;0.004393583
-0.021200724;-0.018551676;-0.046485133
-0.01696058;0.010158659;-0.030938108
-0.010443463;0.033126928;2.4951465E-4
-0.01616727;0.06087654;0.031449612
0.015191183;0.051826235;0.03765969
0.024652947;0.032085985;-0.0011222485
0.015034857;-0.0055812104;-8.977988E-4
0.012027886;-0.0044649686;-7.1823905E-4
-0.016940191;-0.028571974;-0.006824591
0.0036353471;-0.02285758;-0.017959673
0.016970778;-0.0151610635;-0.0018677384
0.0151391225;-0.02775385;0.01725581
-0.0066387025;-0.01595308;-0.017445352
-0.024060963;0.024737535;-0.051456284
-0.02237377;0.032290027;0.0025849743
0.016475985;0.053957023;0.02081798
0.0038057875;0.04941562;0.022904383
-0.01726787;0.014532494;-0.006676493
0.006498204;-0.0133740045;0.0071588056
0.034886062;-0.026324203;0.0057270443
0.0044713505;-0.030434363;-0.007918364
-0.0057979194;-0.03684749;-0.006334692
0.006299164;-0.016977992;0.0011822467
-0.0027731685;-0.0010823938;0.013445797
-0.005343535;0.014759085;-0.007993362
-0.027712328;0.011807268;-0.00639469
-0.0034198624;0.0063208146;0.0011342482
0.00976411;0.0050566513;0.0071573984
-1.2118564E-6;0.022795321;0.01822592
0.0015615305;0.008861257;-0.004169265
0.0074992245;-0.024160994;-0.022085411
0.0075618797;-0.009953796;-0.0051683295
-0.009575496;-0.017338036;-0.004134664
0.0064021028;-0.007620429;0.0029422692
4.3418232E-4;0.0095286565;-0.0038961847
-0.010590154;0.016997926;-0.0031169478
9.0287667E-4;0.01672334;0.0037564419
0.016347302;0.016503673;-0.0032448466
0.005265341;0.013202937;0.009904123
-0.017662726;0.01056235;0.0016732982
0.0030573183;-9.2511985E-4;-0.0049113613
0.024320854;-0.0038650958;0.02107091
0.0053941836;-0.031217076;0.0106067285
-0.009747153;-0.03747366;-0.004014617
-0.0109227225;-0.014353929;-0.040711693
-0.004050678;0.004141857;-0.013819355
0.0045719575;-0.006061515;0.007694516
-0.005717434;0.0139007885;0.0124056125
-0.012386447;0.01737063;-0.0025755097
0.0041533425;0.038896505;-0.008310407
-0.0013648261;0.021742204;-3.9832623E-4
-0.0010918609;0.001768763;0.012181339
-0.0024359887;-0.01733499;0.03474507
-0.001948791;-0.020117993;-0.015953943
0.026565967;-0.016094394;-0.0065131546
0.024377774;0.015249485;0.0072894767
0.007002219;0.009074588;-0.019168418
-0.030335724;-0.02399033;0.003415265
-0.0117685795;-4.4226352E-4;-0.0035177881
-0.018789863;-0.006603811;0.02843577
-9.693911E-4;-0.014658049;0.010248615
7.8698713E-4;-0.02110144;0.0019488925
-0.0087454105;-0.0106311515;-0.004690886
0.003941172;-0.01787992;0.014997291
0.0062779374;0.013821064;-0.013002167
3.3484993E-4;0.007931851;-0.022901734
-0.00441962;0.015720481;-0.005821387
0.012089304;0.0125763845;0.0015928905
0.026858943;-0.021188892;0.0075243125
0.013674654;-0.010701114;-2.305501E-4
-0.0062477766;-0.005435891;-1.8444007E-4
-0.017498221;-0.007473713;-0.006397552
-0.0030610769;0.01902103;-0.011368042
-0.0040113614;0.037091825;-0.009094433
-0.0016465893;0.010923459;-0.0010255467
-0.0075672716;0.011863767;0.011679563
-0.0029288172;-0.018633986;-0.00940635
0.008594446;-0.03678219;0.0049749203
-0.008749443;-0.04192575;0.022729937
-0.010124554;-0.005415601;-0.006816051
0.029400356;0.02066752;0.013297159
0.036020286;0.019659016;0.010637728
-0.024308773;0.012602212;0.008510182
-0.024134517;0.02883177;-0.011941855
0.001004886;0.013690416;-0.009553484
0.005491409;0.010952333;-0.007642787
0.0043931273;0.008761866;0.0063857706
0.017577002;-0.024240507;0.017608617
0.0015616013;-0.028767405;0.0015868931
0.007499281;-0.016763924;-0.0112304855
-0.0049380753;-0.01966114;-0.015234388
-0.00707546;-0.009478912;-0.0059375106
-0.013472868;0.008041871;0.013999991
-0.0045282943;0.025183497;-0.013800007
0.008877364;0.017021798;0.0014599945
0.021164391;0.0104924375;0.026167996
0.012244013;0.0021439502;0.014684397
0.0035452107;-0.01078484;0.011747518
-0.019038832;-0.018002871;0.0031480137
-0.024606066;0.0074727023;-0.022481589
-0.005622352;0.021603161;-0.011735272
1.8961825E-4;-0.0014674704;0.015611783
1.516946E-4;-0.0011739763;0.012489427
1.2135568E-4;-9.391811E-4;0.0099915415
-0.009277916;0.0148736555;0.007993232
0.0035151676;-0.013101076;0.012644586
0.0074996343;-0.01048086;-0.0023843308
0.005999707;-0.024009688;-0.033157464
-0.010825234;-0.025457751;-0.0015259718
-0.014910188;-0.0016162007;-0.013720778
-0.01349065;0.0049570394;-0.010976622
0.01264498;0.010215632;-0.008781297
-0.005509016;0.036297504;0.017974962
0.0096552875;0.019663004;0.02062997
0.0014742299;-0.012394597;-0.0022460243
-0.009758116;-0.019290678;-0.00804682
0.012506007;-0.012307541;-0.018937455
-0.005620194;-0.012971033;0.0036000356
-0.018558655;-0.010376827;-0.009619972
-0.0054719243;-0.017676461;-0.020195978
-0.0075025395;0.0077338307;-0.016156781
0.011185468;0.009312064;0.012074575
0.013635875;0.013699652;0.0034096597
0.0030961998;0.007834721;0.021477727
-0.00689804;0.015642777;-0.0015678179
0.010106568;0.0031392218;-0.020004254
0.015897755;-0.009988623;0.027746597
2.1820342E-4;0.004509102;0.015947277
-0.0029504374;-0.015142718;0.031507824
0.0070146504;-0.030864175;0.0064562573
-0.0022007797;-0.02156634;-0.026084995
0.006051876;-0.011003071;-0.033367995
0.0110915005;0.0068225423;-0.026694397
-0.005189299;0.011708034;-0.008855517
-0.02758894;0.015616427;0.0054155863
-0.009571152;0.034368142;0.010582469
-0.017031921;0.027494512;0.0022159754
0.009811963;0.03762061;-0.0044772197
0.03284957;-0.0042785113;0.027668225
-0.0034078436;-0.034672808;0.0096345795
-0.001163775;-0.040238246;-0.023542337
-0.01186852;-0.044690598;-0.031333867
-0.015744817;-0.017002478;-0.037567094
0.0014666473;0.0051480173;0.0011963237
0.018360818;0.029118413;0.03220706
-9.363458E-4;0.03266973;0.025765646
-0.013249077;0.032385785;-0.004387482
3.382387E-4;0.010283628;-0.016009986
0.02683309;-0.026148098;0.0059420113
0.012091473;-0.030293478;0.01725361
-0.015326822;-0.039859783;0.0013028872
-0.0028864574;-0.031887826;-0.01145769
0.005503334;-0.009885261;-0.009166152
0.0090901675;0.0077167912;-0.013582922
-5.403662E-4;0.0061734333;0.020383663
-0.009807293;0.029938746;0.01630693
-0.021908334;0.011450998;5.455441E-4
-0.0034641675;-2.1420226E-4;-0.0058135646
0.019103667;0.006078638;-0.010900851
0.0059079328;0.03298791;0.01627932
-0.0077736536;0.0045153284;0.019273454
0.010968577;-0.0026377372;0.009168764
0.022837361;-0.03023519;-0.02391499
0.02139489;-0.024188152;-0.037881993
0.017115911;-0.019350521;-0.030305592
-0.02224477;-0.009230417;-0.011744474
-0.019358316;-0.0011343338;0.015604421
-0.015486653;0.014717533;0.012483536
-0.021764323;0.0023990264;-0.01501317
0.004463542;0.014419221;0.006739463
-0.0026791666;0.024035377;0.01164157
-0.005268333;0.012978301;0.021813257
0.022347834;-0.005242359;0.023700606
-0.003996733;-0.026068887;0.012710484
-0.007884887;-0.00835511;0.0039183875
0.0030670906;0.008940912;-0.00936529
-0.024108827;0.0102777295;-0.019992232
-0.030224562;0.0019721838;-0.015993785
-0.0054296497;0.014077747;0.01845497
0.01284378;0.008137197;0.0022639772
0.008712525;-0.018490242;-0.023188818
0.01322002;-0.024167193;-0.012301055
0.0027635156;-0.016208755;0.008909157
0.0053358125;-0.016092004;0.019627325
0.01364365;-0.009748603;0.00945186
-2.2580041E-5;0.010951118;0.013811488
-0.003143064;0.015010894;-0.0077008097
-0.013451952;0.018258715;-0.031160647
-0.006074061;0.027106972;7.1481874E-5
0.02014075;0.015435577;-0.018692814
0.003612601;-0.015776537;-0.008704252
0.013827581;-0.05012123;0.036786597
-0.0045629353;-0.061971985;-0.020570721
-0.008337848;-0.027702587;-0.041456576
0.02457972;-0.01278707;-0.020665262
0.002476277;0.005395344;0.008467791
-0.0027064783;0.044941276;0.019274233
-0.020915182;0.07657802;-0.009580614
-0.024544647;0.039387416;0.03608551
0.014739283;0.04400993;0.041368406
0.010228926;-0.0022920535;0.008094726
0.019120641;-0.042458642;0.0064757806
-0.012828487;-0.052716915;-0.0073193754
0.013174711;-0.08279853;-0.030855501
0.004289768;-0.044363827;-0.0434344
-0.013755686;-0.01361606;-0.0034975202
-6.70483E-5;0.03598215;0.009701984
-0.009428639;0.06003572;0.007761587
-0.007542911;0.048028577;0.0062092696
-0.0060343286;0.03842286;0.0049674157
-1.3996298E-4;0.06823829;0.016473932
-0.0094869705;-0.01728437;6.7914603E-4
0.020535424;-0.051327493;5.433168E-4
0.013303339;-0.087937;4.3465346E-4
-0.01748233;-0.045349598;-0.030902278
-0.034298364;-0.020654676;-0.005971822
6.8630953E-4;0.017851258;-0.017277457
-0.0041384525;0.048656005;-0.013821966
0.015439238;0.045174804;0.020192428
0.01860139;0.036139846;0.009903942
-7.438876E-4;0.022661876;0.014173154
0.0150298895;0.0087545;0.030088523
0.033898912;-0.0429964;0.017820818
0.02711913;-0.05627212;0.020506654
-1.7969636E-4;-0.0762677;-0.008594676
-0.029831257;-0.054764155;-0.025625741
-0.023865005;-0.043811325;-0.026750593
-0.014404505;0.0024509397;-0.008900475
-0.016211104;0.03633575;-0.01962038
-0.008281383;0.0696936;-0.009446303
-0.019125106;0.06512988;0.017442957
0.019074915;0.055228904;0.045204367
0.04494743;0.016058125;0.023663493
0.014082946;-0.012153501;1.8079407E-4
0.0034538563;-0.0503478;1.4463525E-4
-0.015986916;-0.06215324;-0.0061342916
-0.011227032;-0.05909759;-0.048657432
-0.016794125;-0.009778074;-0.045175947
-0.0071853003;0.007802541;-0.011140757
-0.01199824;0.040617034;0.028587393
0.012276407;0.051243626;0.0103699155
-0.015178874;0.031619903;0.0020459322
-0.012143099;0.03467092;0.014136746
-0.0034644792;0.027736736;0.0113093965
0.04722842;-0.0028106107;0.015297517
0.0049702334;-0.024123488;0.005988014
-0.016336313;-0.038048793;0.011040411
0.0072434493;-0.06481403;0.0025823289
0.01360726;-0.045601226;-0.041684136
-0.014114193;-0.011480981;-0.02084731
-0.020666353;0.012690215;-0.0104278475
0.0100294165;0.03827717;0.016657721
-0.0076014665;0.05249674;8.2617754E-4
0.0048563266;0.04512239;6.60942E-4
0.008572562;0.036097914;0.019278754
0.01623305;-0.0023716702;0.027923003
4.864393E-4;-0.039397337;0.009838402
-0.019923348;-0.06589287;-0.010879278
-0.023751179;-0.043339293;-0.033703424
-0.017438443;-0.015921436;-0.033212736
0.017299246;0.03726285;0.01092981
0.0075893966;0.042310283;0.033743847
0.0013840172;0.018223224;0.001995078
-0.011392786;0.02707858;-0.029653937
-0.012239229;0.031037863;-0.00497315
0.008958617;0.03108029;0.00852148
0.007166893;0.009239233;0.019317184
-0.022391485;0.013641386;0.034203745
-0.010100688;-0.010961891;0.014862997
0.013794449;-0.027519513;0.011890398
0.0016605596;-0.015765611;-0.015487681
-0.0017965523;-0.03136249;-0.024890145
-0.017062241;-0.01571499;-0.026162116
-0.018337293;0.0030530076;0.010320307
-6.0733483E-4;0.033692405;0.014506246
0.019826632;0.042578924;0.017854996
0.012736306;0.034063138;0.014283997
0.008626545;0.017875511;0.011427198
0.014713735;-0.010699591;0.0028917582
0.013333488;-0.024184672;0.0023134067
-0.03620821;-0.003722738;-0.004399275
-0.018029068;-0.0029781903;0.0027305803
-3.6075388E-4;-0.008632552;0.014684464
0.013773897;0.008718958;-0.013252429
0.009456618;0.016350167;-0.010601943
-2.47206E-4;0.009955133;0.016518446
-0.017385265;-0.013910893;0.0069647566
-0.0014082119;-0.011128714;-6.781948E-4
0.02074843;0.022347027;-5.425558E-4
0.018161245;0.021002622;0.0058159553
0.012966496;0.010552098;0.004652764
-0.0068143033;-0.0071833218;-0.0150277885
-0.0038889428;-0.011996658;-0.02452223
0.0062638456;-0.025222326;0.011632215
0.011261077;-0.02017786;0.015555772
-0.014428639;0.011982711;-0.006305382
-0.013105411;0.009586169;0.032455694
0.008265671;0.023293935;0.025964556
-0.019949963;0.015510148;-0.016728356
-0.00970997;-0.009466881;0.0053673154
-0.015580476;-0.010698505;-0.020706147
0.003160619;-0.017933805;-0.029064918
0.013465995;-0.011222043;-0.029501934
0.013897796;-0.008977635;0.020148452
0.014243237;0.017817892;-0.002631238
-0.0057929107;0.051754314;0.01039501
-0.009321828;0.035153452;0.0020660076
0.0144175375;0.02812276;0.014152806
0.00840903;0.009998209;0.017572245
-0.005772776;-0.017001433;-0.0046922043
0.014131779;-0.035476148;0.0024962367
0.0019304233;-0.047130916;-0.010503011
-0.0015806614;-0.028329734;0.0040975916
-0.01845203;-0.010163787;-0.021721927
-0.027261624;0.013743971;-0.03612754
-0.0030592987;0.029745176;0.021097967
0.011615061;0.026921142;0.0043783733
0.01866705;0.018411912;0.028502699
0.024308639;-8.9546974E-4;0.029052159
0.014759411;0.0055336244;0.0044917273
-0.016317472;-0.017448101;-0.015156618
-0.009928977;-0.03270848;-0.012125295
-0.011068181;-0.0074167843;-0.015950236
-0.008854545;-0.0059334277;-0.012760188
0.0038538638;0.004628258;-0.0039581507
0.006208091;-0.0025473936;-0.009416521
-0.013783528;0.0135870855;-0.0012832165
0.0061606783;0.023369668;-0.0010265732
0.017428543;0.0030707344;-0.0070712585
-0.0063696657;-0.0069184126;0.006842993
-0.0019707328;-0.00865973;-7.756055E-4
-0.021889087;0.008697216;0.0056295157
0.002801231;0.019457772;0.010753612
0.016303485;-0.0031837816;0.00860289
0.03335529;-0.0025470254;0.006882312
0.009496731;-0.01453762;0.011755849
-2.1511575E-4;-0.008505097;-0.00934532
-0.020484593;-0.016179077;-0.019976256
-0.019512674;-0.0035682616;-0.009731005
0.004702361;0.025270391;0.010965196
-0.0024881114;0.0045913127;0.0025221568
-0.003552989;0.01617305;0.008267726
-0.0090923915;0.02231344;0.01286418
0.0067885867;0.008475752;0.016541345
0.03043087;5.3060165E-4;0.013233076
0.007157196;4.2448132E-4;-0.00816354
-0.008336743;-0.015285415;0.005969168
0.0027056052;-0.0122283315;0.017275335
0.016226985;-0.028532665;0.0075702677
-0.004205913;-0.025951132;-0.025193786
-0.01430223;0.004239094;-0.026405029
-0.019254284;-0.0028587247;-0.002374023
-0.0029034272;0.02896302;0.010600782
0.013302258;0.029420417;-0.016519375
0.0075168065;0.0141613325;0.0117845
0.0075759455;0.011329066;0.0281776
0.0060607563;-3.1174693E-4;-0.0024579198
-0.026401395;-0.0064993976;-0.008216335
0.005441384;-0.030199518;0.012176931
0.0012281071;-0.021034615;-0.015258455
-0.016205015;0.0019223085;-0.037206765
-0.014526512;0.0046628467;-0.0110154115
0.010253791;0.009980277;0.016187672
0.020703033;0.03923422;0.0067001367
0.007187426;0.015762378;-0.0071398905
0.0026249408;0.006359902;0.019288087
-0.0104000475;-0.010537079;-0.02206953
0.004179962;-0.017804664;0.007344376
0.02521897;-0.01736873;0.018375501
0.010800175;-0.0138949845;0.0397004
-0.0054223593;-0.029865988;5.1032053E-4
-0.0074628876;-0.03639279;-0.030841744
-0.03253281;-0.022864232;-0.018423395
-0.015088748;0.009833614;-0.027238715
-0.0026959984;0.0047418918;-0.009290973
-0.022469299;0.031918515;-0.0011827782
-0.010162939;0.041159812;0.017803777
0.010619649;0.05167785;0.014243022
0.04130822;0.025717279;0.036394417
0.026796576;0.0049488232;0.022865534
0.00737476;-0.03354094;-0.012957573
-0.019100191;-0.048707753;-0.010366058
-0.0027801534;-0.051466204;-0.027042847
-0.008474123;-0.044297963;-0.027884277
0.0010332018;-0.0041883695;-0.022307422
-0.0054234387;0.043524303;-0.0053459373
0.015973749;0.053569444;0.02072325
0.0018414994;0.064730555;0.0165786
0.0014731995;0.039284445;0.01951288
-0.0081964405;0.003302555;0.015610304
0.0028178475;-0.028607955;-1.175678E-5
0.010066778;-0.07288636;0.0062405947
0.0064909225;-0.08643409;-0.020007525
-0.024494762;-0.037897274;-0.04100602
-0.0024083096;0.010307182;-0.0078048157
0.018385852;0.048870746;0.025006147
0.020958683;0.076596595;0.026254918
0.0011419455;0.055027276;0.058503933
-0.0053364434;0.015896821;0.009303148
-0.013644155;-0.031032544;-0.048807483
-0.017165324;-0.027951034;-0.032795984
3.3024087E-4;0.0026391726;-0.03248679
0.0018266927;0.017736338;0.030260568
0.0030238542;0.01106407;0.024208456
-0.017893417;0.027601257;0.019366764
0.009122767;0.015831005;0.009243411
0.018235713;-0.021710197;0.013644729
0.01146357;-0.029868158;0.004665783
-0.022079144;-0.036394525;-0.0150173735
-0.017663315;-0.02599062;-0.024513898
-0.004755652;0.010457504;-0.019611118
0.0055704787;0.048991002;0.009311105
-2.3111717E-4;0.042317804;0.0074488837
-0.004872394;0.018229242;0.012209107
-0.019522915;0.023958394;0.0035172857
0.006256668;0.006666715;0.009063829
0.015942834;-0.019666629;0.007251063
0.0033792676;-0.0313583;-4.4914972E-4
-0.006671586;-0.028211642;-0.012859319
-0.0037747687;-0.0069443136;0.0022125442
0.015730185;0.0069445493;-0.010729965
0.004771648;0.027430639;0.0039160284
-8.701816E-4;0.015694512;0.009382823
-0.0022586454;-0.006194391;-0.011243742
-0.022119416;0.0106694875;0.022255007
-0.011445533;-0.00708941;-9.459948E-4
-0.016968926;0.009953472;-7.5679587E-4
0.014549859;-0.0076622227;0.005644563
0.033514887;-0.015504778;0.01701565
0.01587441;-0.0030288224;-0.0051374794
-0.0044879722;-0.03367306;0.008390017
-0.009840378;-0.039438445;-0.005787987
-0.014122303;-0.025300758;0.007869611
-0.012860342;0.011009394;-0.0062043117
0.008461727;0.036932517;-0.029963449
0.016144382;0.029546013;-0.017720759
0.017603004;0.02988681;0.0045733927
0.012519904;-0.004215552;-0.002591286
-0.004046577;-0.009622442;-0.0020730288
-0.02042476;-0.004572953;-0.014158423
-0.016339809;-0.016158363;0.026173262
0.0025531526;-0.00667669;-0.010311391
0.003605022;-0.008466352;-0.0019991125
0.010696517;-5.230817E-4;-0.01409929
0.014807214;-4.1846535E-4;-0.005029432
-0.0037792288;-0.009709773;0.008476455
-0.015523383;0.0047321822;-0.0057188366
-0.012418706;0.025660746;-0.004575069
-0.003684965;-0.0044714035;0.008839944
0.012677028;-0.019202122;0.019571956
0.025766622;-0.005986698;0.009407565
0.028425798;0.0045856414;0.013776052
0.014928138;-0.015081487;0.011020841
0.019755011;-0.02456519;-0.009933327
0.0017415085;-0.0040271515;-0.020446662
-0.023606794;0.0030282787;-0.010107329
-0.028260434;0.018047623;-0.008085864
-0.041358348;0.0394381;-0.012718691
-0.022149177;0.012800478;0.0023250475
0.021343157;-0.017884618;0.008110038
0.0139495265;-0.011182694;-0.00601197
0.018972121;-0.018321155;0.013940425
0.019865196;-0.036531925;-0.0013476606
0.008079657;-0.02297554;-0.013578128
-0.006036274;0.009744569;0.007887498
-0.017329019;0.026545655;0.018809998
-0.015425716;0.027486524;0.015047998
-0.018590573;0.031364217;-0.012961602
0.005440042;0.021966375;-0.004119281
0.0043520336;0.0113231;0.009204575
-0.0012058731;-0.00969152;-0.01763634
0.0037228016;-0.014003216;0.010890928
0.0029782413;-0.045577575;0.0024627424
0.008632593;-0.036462057;0.001970194
-9.064256E-4;-0.013544646;-0.017173845
-0.0022876405;-0.0014607172;-0.007489076
0.0075448877;-0.0011685737;2.587393E-4
-0.011151589;0.03656514;-0.0060430085
-0.019858772;0.044877112;-0.004834407
-0.015887018;0.00777669;-0.010117525
-0.004897114;-2.8647813E-5;-0.014344021
0.030457309;-0.018772919;-0.0052252165
0.019678347;-0.030643335;0.002069827
-0.009257322;-0.027639668;-0.0045941384
-0.018343357;-0.028361734;-0.0036753106
-0.0037371863;-8.1438734E-4;-0.02169025
-0.02173975;0.02434849;-0.004852199
-0.006454299;0.05385379;0.02111824
0.0073365606;0.049333032;0.016894592
0.021494249;0.03634143;0.032265674
0.012507899;-0.008426858;0.0070625395
0.020943819;-0.019241488;-5.9996854E-4
0.016755056;-0.015393189;-4.799748E-4
-0.0037834558;-0.034189552;-0.0066339797
-0.013964265;-0.04922664;0.007192816
0.016953588;-0.036256313;0.005754253
-0.01299963;-0.013380051;-0.014146598
-0.018212203;0.0049209595;-0.017567279
-0.002069763;0.019561768;-0.0015538225
-0.0032183102;0.040649414;0.011256942
0.0021128517;0.05126953;0.009005554
-0.0076847184;0.009765625;-0.0115455575
-0.004585275;0.0046875;-0.015486445
-5.4321985E-4;0.0131250005;1.1084344E-4
0.012065424;0.0011250001;0.012588675
0.015902339;-0.0241;0.01007094
0.020534372;-0.01928;0.0018067518
0.016427496;-0.027924;0.0076954016
-0.0087330025;-0.0410892;-0.018843679
-0.024173902;-0.03599636;-0.040074944
-0.03027662;-0.025672087;-0.032059953
-0.036721297;0.0044623297;-0.031897962
-0.013752038;0.025444863;0.005731629
0.03118587;0.039105892;0.035835303
0.029636195;0.046909712;0.022418242
-0.009103543;0.03440277;0.017934594
0.013029666;-0.003727784;0.0018476753
0.027611231;-0.021732228;0.0014781402
2.1398583E-4;-0.042385783;-0.011317488
-0.023266312;-0.043283626;-0.01530399
-0.009238049;-0.0158769;2.568078E-4
-0.005827939;0.01229848;2.0544624E-4
-0.0077873515;0.009838784;-0.024835642
0.01877012;-0.010878973;0.0051314854
-0.002171405;6.7182165E-4;0.01660519
0.007637876;0.016162457;0.0132841505
0.0186103;0.016054966;-0.0018726793
-0.0038617593;0.019093974;-0.026498143
-0.021839408;0.009025178;-0.0024485148
-0.008096526;-0.0084048575;0.01679119
-0.014289721;-0.016098887;0.0071829506
0.0073182234;-0.012879109;-5.036396E-4
0.010542079;-9.2828705E-4;-4.0291165E-4
0.016246162;-0.01011763;0.0059276707
-0.01825307;-0.014344104;-0.0077578635
-0.014602455;-0.014600283;-0.006206291
-0.0054319645;-0.024180226;0.0012849674
-0.013720572;0.008780819;-0.0052220263
-0.012538957;0.035149656;-0.010427621
0.010281334;0.009369724;-0.014592097
0.011350067;0.02312078;0.038326323
0.009080054;0.018496623;0.0056610582
-0.013048457;-0.0070777014;-0.0017211535
-0.0010637655;-0.027537161;-0.007626923
-8.510124E-4;-0.03140473;-0.0061015384
0.00400669;-0.03762378;-0.011131231
0.009455352;-0.020724026;0.009845016
0.010689282;-0.016579222;-0.0046239877
7.389253E-4;-0.007013377;-0.02244919
0.01309114;0.0037642985;0.007040648
0.010472912;0.0030114388;0.024382519
0.0036908297;0.01803415;0.019506015
-0.0048598363;0.03317732;0.009354812
-0.010137869;0.035916857;-0.017516151
0.020014705;0.025608486;-0.0015129205
-0.0043007364;-0.0045132115;0.0050396635
-0.031565588;-0.028610568;-0.002218269
-0.048689973;-0.051013455;-0.026774615
-0.010826977;-0.034560766;-0.027669692
0.011650918;-0.0057736114;0.009114246
0.009320735;0.020381112;0.007291397
0.0074565876;0.05067989;0.012083118
0.01065277;0.04366891;0.003416494
7.0971623E-4;0.034935128;0.008983195
-9.94727E-4;0.018573103;0.0071865562
-0.010170782;-0.013266518;-5.0075504E-4
0.023113376;-0.023113213;0.005849396
0.015365699;-0.018490572;0.023429517
0.02479256;-0.024167458;-0.0062563866
0.005771548;-0.056833964;0.0012448907
-0.006320262;-0.036092173;-0.042754088
-0.0066187093;-0.010123738;-0.02170327
-0.0037324675;0.010651009;-0.004862616
-0.018610975;0.046020806;0.027359907
-0.003951279;0.058691647;0.028137926
0.021838976;0.03757832;0.02876034
0.012783681;0.011312653;0.0042582727
-0.017898055;0.0028001228;-0.015343382
-0.023693444;-0.0321349;-0.024774706
-0.009579755;-0.03195792;-0.026069764
-0.018601304;-0.031816337;-0.008355811
0.0023064567;-0.01920307;-0.012934649
0.029970165;-0.012237456;0.01465228
0.014601132;0.033960037;0.024221824
0.019493407;0.03341803;-0.0056225406
0.021844724;0.011109423;0.014251968
-0.03252422;-4.874619E-4;-0.0073484257
-0.036956877;-0.0066399695;-0.030878741
-0.012378001;-0.024061976;-0.024702992
-5.2740076E-4;-0.03174958;-0.013512394
-0.0066719204;-0.019149665;-0.004559915
0.018099964;-0.024694731;-0.009897932
0.02072997;0.005244215;-0.0016683458
0.016583977;0.013570372;0.029915323
0.02420468;0.020231297;0.02393226
-0.004073755;0.025560038;3.9580697E-4
-0.011071504;0.02044803;0.012816645
-0.011982203;0.0038584243;-0.008496683
-0.011148263;-0.0031632606;-0.019297346
0.00514389;-0.02128061;0.009562123
0.011927612;-0.017024487;0.0013996981
0.0017295895;-0.0073695895;-0.023880241
-0.012678828;-0.0058956714;0.030895807
-0.0070180628;-0.020341538;0.024716645
0.01313555;-0.01939823;0.013523316
-0.02386656;-0.018643584;-0.045431346
-0.006593248;0.006960133;-0.023845078
-5.870985E-4;0.039943106;-3.2606206E-4
0.015155321;0.041329484;-0.0065108496
0.012124257;0.033063587;0.03229132
0.0065744054;0.02645087;0.019583056
-0.0041154753;0.008660696;0.021916445
0.0013951196;-0.011821443;-0.007466844
0.0058035958;-0.015707154;0.0065265247
0.017142877;-0.046940725;-0.01352878
-0.008160699;-0.043802578;-0.017073024
-0.01902856;-0.028792063;-0.026158419
-0.016785348;-0.0011586504;-0.020926736
0.0131342225;0.02719808;0.020758612
0.010507378;0.053008463;0.029106889
0.006843402;0.05178177;0.029535512
0.007037222;0.038300417;0.02987841
-0.0053077224;0.015015334;0.0051527275
0.0066913217;-0.0036127332;-0.002127818
0.0069155577;-0.027890187;-0.007952254
-0.025717555;-0.03481215;-0.012611804
-0.034636542;-0.06534972;-0.022589443
0.0035407655;-0.011654776;-0.018071555
0.0028326125;0.018801179;-0.0144572435
0.0053910897;0.015040943;0.007184205
0.005875372;0.030782755;0.024497364
-0.0062372023;0.037126202;0.019597892
0.015322738;0.023450963;0.009428313
0.02475819;0.01876077;0.013792651
0.0151190525;-0.019366384;-0.0077158795
0.007407742;-0.024868106;0.025077296
-0.0143863065;-0.019894486;0.007561837
-0.013071545;-0.031540588;-0.03145053
-0.013582236;-0.0033574707;-0.012660424
-0.017115789;0.009814023;-0.01637834
-0.019942632;0.039101217;-0.025602672
0.009045895;0.040655974;0.023267863
0.022861715;0.03252478;0.03111429
0.008914373;0.016644824;-0.0063585676
0.008693999;-0.011684141;-0.005086854
0.008517698;-0.021847313;0.0021805165
0.013064159;-0.023727851;0.020494413
-4.8617288E-4;-0.04398228;-0.0023544694
-0.03163894;-0.044560824;0.0043664244
-0.023748651;-0.02314866;-0.02775686
0.012251079;0.015856072;-0.022205489
0.019175863;0.053309858;0.01973561
0.007528191;0.052022886;0.015788488
-0.0033524474;0.05724331;0.01263079
-0.008931958;0.039544646;0.010104632
-8.9556625E-4;0.031635717;0.026833706
