0.0024683648;-0.05442668;-0.0027121603
0.009787192;-0.006041346;0.004080272
0.032829754;0.017041923;0.015764218
0.026263803;0.049571037;-0.006138626
0.011636042;0.05059433;0.0200891
-0.012566166;0.032662965;0.04732128
0.004009567;0.026130373;0.025357023
0.018832654;0.024029298;0.0015356188
0.007253623;4.7343795E-4;-0.023771506
0.012052898;-0.02618375;-0.006517204
0.0033923187;-0.0350095;-0.005213763
-0.012911145;-0.0326951;-0.02917101
-0.029078916;-0.0074060797;-0.010836808
-0.023263132;-0.015299864;-0.021169446
-0.0029855063;0.01744761;0.008064442
0.016361594;0.032708086;0.025201553
0.029495526;0.02304147;0.026411243
0.037658922;0.026245676;0.021128995
0.009033387;0.04443404;0.023153195
0.010351709;0.029297233;0.0060225567
-0.0042186324;0.003125286;-0.0076819547
-0.036187407;-0.028749771;1.0443619E-4
-0.035199925;-0.05112482;-0.024916451
0.00309006;-0.037774853;-0.01993316
0.013409548;-0.005219883;-0.0034465287
0.015415139;-0.032300908;-0.015257223
-0.0048553892;-0.010215725;2.9422165E-4
-0.021071812;0.03401492;-0.0060146227
-0.0152949495;0.036586937;0.007688302
0.0018265407;0.021457048;0.012400641
0.015523733;0.0046656393;0.016170513
0.004606486;-0.018142488;-0.01206359
0.0114976885;-0.030138992;-0.022150872
0.02169815;-0.016298693;0.0010293027
-0.0029539792;-5.389543E-4;0.019573443
0.0054493165;-0.0051186634;-0.009341246
-0.006578047;-0.0025324307;-0.019972997
-0.03651244;0.013599056;-0.0034783976
-0.04014745;0.0046292446;0.009717282
-0.00399296;-0.019734105;-0.017226174
0.009305632;0.0045252163;-0.013780939
0.0011945057;-0.0010673269;-0.017274752
0.011893105;-0.050853863;-0.013819802
0.012639483;-0.010995589;0.02019416
0.006986587;0.0052660285;0.022405326
0.0024642695;0.024525322;0.017924262
-0.007403584;0.02274526;0.0018394093
-0.023110367;-0.009928794;-0.023528472
-0.027863294;-0.009505535;-0.03757278
-0.0129156355;-0.020104427;-0.023808222
0.005292492;0.0026664578;0.018453423
0.024546493;0.008383166;0.014762738
0.018074695;-0.001105967;0.00556019
0.025397256;0.0069277263;0.023198152
0.012505305;0.019604681;0.0060585216
0.010004244;0.015683744;0.0048468173
-0.009184105;-0.017140504;0.016377455
-0.010472284;-0.026212404;-0.005648037
0.0025596728;-0.0022199226;-0.0045184297
-0.026077261;0.029474061;0.008885256
-0.008361809;0.01889175;0.013358206
0.0058105523;0.0088634;-0.008063436
-0.010976558;0.00709072;-0.012700749
-9.6874643E-4;-0.013077424;0.0148394015
0.014850003;0.0020380607;-0.013128479
0.036098752;0.0047554485;-0.010502784
0.007785252;0.0053668586;-0.0084022265
0.0031032015;0.004293487;0.0057782186
-0.0053299386;0.02374729;-0.020377425
-0.001138951;0.0049353316;0.0024480599
-0.008723661;-0.07261424;0.045708448
-0.01635393;-0.13152888;-9.332416E-4
-0.016208142;-0.10053561;-0.044496592
0.012033486;-0.038240988;-0.029347274
0.017439289;0.04128221;-0.01097782
-0.0016735692;0.07521327;0.009967744
-0.015401355;0.097670615;0.020474195
0.017366415;0.08438649;0.047629356
-0.009544367;0.023759194;0.013103485
0.011114506;-0.0013051456;-0.014517212
0.060454104;-0.030731617;-0.01786377
0.042894535;-0.037085295;0.010708984
-0.0039656227;-0.028105734;-0.010182813
-0.031297497;-0.0052970876;-0.01439625
-0.050038;-0.00267517;-0.024017
-0.0462804;0.018172365;-0.0067136
-0.019836819;0.02703789;8.7911997E-4
0.009130545;0.012255313;0.031953298
0.021366935;0.03167925;0.0068126367
0.029593548;0.0034684003;0.0054501095
0.029143589;-0.014412779;0.029360088
0.01784612;-0.031842723;-0.00776193
0.014276897;-0.03328668;4.045603E-5
-0.0120159825;0.004620657;3.2364824E-5
-0.020550286;0.049009025;-0.006224108
-0.027377728;0.04233222;-0.0049792863
-0.001589683;0.021365777;0.021016572
0.017478254;0.010842621;0.029313257
0.0014826029;0.021174097;0.0047006053
0.007436082;0.015376777;-0.021239515
-0.009676134;0.0044889217;-0.004491613
-0.0077409074;-0.026096363;0.0026567099
-0.006192726;-0.06618959;0.014625368
0.004420819;-0.056076672;-0.007049706
0.026192905;-0.06986134;-0.036889765
0.020954324;-0.05901407;-0.023261812
-0.03245529;-0.020648755;-0.01860945
-0.050964233;0.030355996;-0.014887559
-0.042333886;0.052409798;5.8995245E-4
-0.027617108;0.020052837;0.006721962
0.006031313;0.01291727;-8.7243045E-4
0.01576255;0.0025213156;0.005552056
0.02042254;0.0067045526;0.0044416445
0.019463032;-0.022761358;0.028553316
0.018695425;-0.046334088;-0.0021573475
0.004018841;-0.060504768;-0.026725877
-0.013972428;-0.012466315;0.0036192976
-0.008052942;0.024401948;0.002895438
-0.0033173535;0.024209058;-0.0039336495
0.0145336175;0.017804747;0.02810308
0.0038143937;-0.017006204;-0.0025175358
-0.031323485;0.005145038;-0.014514029
-0.007871288;0.0025535303;-0.024111222
0.0093279695;0.005167824;-0.013038978
0.009024875;0.011946759;0.008318817
0.0040949006;0.007994908;0.025405053
0.0048384205;-0.002979074;-0.004675957
0.006995736;-0.01644576;-0.009990766
-0.0037784108;-0.0022191075;0.0045073875
0.01728977;-0.008025286;-0.01514409
0.013831817;-0.018920228;3.8472808E-4
-0.010809546;-0.010448683;-0.012192218
-0.018022638;0.029141054;0.002746226
0.0043318905;0.03425034;-0.0040530195
-0.023096988;0.016462775;0.0030075847
-0.04504009;-0.0040172804;-0.016343933
0.0014679278;-0.012588824;0.005674854
0.018361842;-0.01475856;-0.0017101166
0.020939473;-0.016494347;-0.0013680933
0.03550158;0.018054523;0.011405526
0.024495013;0.023818618;0.009124421
-0.0014977395;0.008117394;0.0072995364
-0.0058856914;-0.018506086;-0.012910371
-0.017208554;-0.0023048678;-0.010328297
-0.010641842;-0.0018438942;0.0042373626
8.6152594E-4;0.021962384;0.02213989
0.005376721;0.023819908;0.011461912
-0.008198624;-0.026256574;-0.0033304703
-0.0034338988;-0.024130259;0.009835624
0.006627881;-0.017741708;-0.004631501
0.009989805;0.002994134;-0.0162052
-0.0013831562;0.036770307;0.012035839
-0.010481525;0.054416247;0.015878672
-5.7271996E-4;0.056032997;0.03145294
0.019854324;0.016701397;0.018912349
0.015883459;0.008673618;-0.0036201202
0.0017692674;-0.032123607;-0.027896097
-0.007959586;-0.066323884;-0.041066878
-0.009492669;-0.013996608;-0.026603501
0.0017808649;0.013802714;0.016217198
0.012362192;-0.017082829;0.006723759
0.009889754;0.0035212368;0.042879008
-0.004588197;0.015316989;0.015553206
-0.036483057;0.0013160916;-0.025057435
0.0051885536;0.021365372;-0.032545947
0.011963343;0.017092299;0.0052132416
-0.0076168254;-0.006638661;0.029170593
0.0079690395;-0.020935928;-0.0016635256
0.014187732;-0.0104987435;-0.02008082
0.030100185;0.008788506;-0.0035646562
0.008455148;-0.038281694;0.003398275
-0.019798381;-0.050937857;0.00271862
-0.043963704;-0.025125286;0.008424896
-0.038295966;0.008024772;-0.0057600834
0.0068632285;0.015794817;-0.017108066
8.03083E-4;-0.001426646;-0.0074364534
-0.013420033;-0.019891316;0.012800837
-0.0013610269;-0.017475553;0.0039906697
0.012973678;0.018832058;-0.015557464
0.033816442;0.022878146;-0.0061959713
0.017678155;0.0011150166;0.007543223
-0.0014824766;0.016517013;0.006034578
-0.023060981;0.025713611;-0.0014223373
-0.037198786;0.02057089;0.00511213
-0.03132153;-0.02260579;-0.020910297
0.009317777;-0.03214713;-0.010478237
0.023079222;-0.039780203;-0.0021325895
0.0090883775;-0.041199163;0.017043928
0.026020702;-0.012646832;-0.023864858
0.008316562;0.011757535;-0.006591886
0.011340749;0.009406028;-0.0052735084
0.0043850993;0.010649823;-0.004218807
-0.013679421;0.003832358;0.0028749546
-0.028131036;0.009315887;0.014799964
-0.008442329;0.015265209;0.011839971
0.021371137;0.004399667;-0.015528023
0.0030344094;0.0019572338;0.012577581
0.0024275274;0.0031282871;-0.002437935
-0.0058704778;-0.02718487;-0.0019503479
-0.007821382;-0.026435396;-0.0015602784
0.006242894;-0.027398316;0.0050017773
0.033900566;0.0015188464;0.004001422
0.024776703;0.030902578;-0.021798862
0.0010713618;0.05440956;0.01381091
0.01804459;0.06852765;0.03604873
0.023810672;0.06888462;0.035088982
-0.015326463;0.0941702;0.009321186
-0.02319867;0.06908616;-0.005043051
-0.0076214364;0.008393926;0.008465559
1.5285106E-4;-0.04797236;-0.005727553
0.026684782;-0.10087789;-0.017082043
-0.0067771752;-0.09945231;-0.013665634
-0.02729674;-0.109249346;-0.029682508
-0.024962392;-0.08271198;-0.042496007
-0.018407414;-0.0021070829;-0.008996804
0.008711569;0.06550183;0.0053025563
7.192552E-4;0.08365147;-0.002007955
0.002137904;0.059108675;0.029643636
-0.018602178;0.028536938;0.029964909
7.432587E-4;-0.02560795;0.023971926
0.020907108;-0.014236359;-0.0058224583
0.018288186;-0.016076587;0.0015920333
0.0021305485;-0.02067377;-0.017476372
-0.012358061;0.006898484;-0.0077310987
-0.005198949;0.024268787;0.01881512
0.0020908408;6.6502986E-4;0.002552097
-0.015514827;-0.010405476;-0.029208323
-0.0045993617;-0.013011881;0.001633342
-5.544895E-4;-0.021347005;0.020056674
-4.4359162E-4;-0.017077604;0.01604534
0.0027701268;-0.013662083;3.362711E-4
-0.011846399;0.026570333;2.690169E-4
0.003022881;0.049381267;0.0064652134
-0.011644195;0.041067515;0.0051721707
-0.010877856;0.03129151;-0.0021122633
0.0116102155;0.0031582087;-0.0141898105
0.012413172;-0.038098432;-0.011351849
0.005243038;-0.052353747;-0.015331479
-0.02393057;-0.063758;0.025234817
-0.008206956;-0.0744439;0.0076878536
0.039528184;-0.029867617;-0.018849717
0.035528798;0.0042309053;-0.015079774
0.022173038;0.034634724;-0.012063819
-0.02601157;0.04645778;0.015348945
-0.044246756;0.034041222;0.006029156
-0.019772405;0.06942048;-0.0014266754
-0.0080054235;0.052411385;0.0051086596
-1.5433872E-4;0.0075541064;-0.0021630721
0.006126529;-0.025206715;-0.0017304578
0.0049012234;-0.048290372;-0.0013843662
0.016420979;-0.063632295;0.005142507
0.027980532;-0.06184334;0.0041140057
0.039571926;-0.010412171;0.022041205
-0.011311209;0.016670264;0.0051329634
-0.024673967;0.032086212;-0.02089363
-0.038489174;0.05223147;0.0145350965
-0.029228838;0.040222675;-0.019621924
-0.007758071;0.03217814;-0.015697539
-0.026518958;0.008555012;-0.01880803
0.0022223345;-0.02753099;0.022453576
0.028340368;-0.036087293;0.02421286
0.038297296;-0.055432335;0.019370288
0.015012835;-0.038095865;0.009246231
0.0041977684;-0.0023516936;-0.023853015
0.0033582146;0.048118643;0.005917588
0.026124071;0.07286992;0.01098407
0.017774258;0.10048343;-0.003712744
-0.007655594;0.07569925;0.003279805
-0.038936976;0.024621896;-0.0036261561
-0.06239958;-0.014677483;-0.0029009248
-0.048357163;-0.028929485;-0.00232074
-0.005873231;-0.066893585;-0.026856592
0.031238915;-0.033202372;-0.040235274
0.04139738;-0.026561897;0.011561781
0.039367907;-0.016562017;0.009249425
0.0025880744;0.005500386;0.02614954
-0.01667954;0.03877531;0.008419632
-0.024281133;0.038832746;0.019235706
-0.005362406;0.0373162;0.009138565
0.017585075;0.023602959;0.019810852
0.014068061;0.0032573666;0.009598682
-0.013745552;-0.005206607;0.013928945
-0.009433942;-0.0041652853;-0.026356844
-0.020047152;0.009167772;-0.027335476
0.0027122775;0.015146717;0.00313162
-0.007205178;0.021492373;0.002505296
-0.018264143;0.018756399;0.0020042367
-0.0021113139;0.02281762;0.0016033894
0.03737345;0.010441596;0.026282711
0.06271126;-0.0057092234;0.02102617
0.052512757;-0.024879878;0.016820936
6.039558E-4;-0.0808414;-0.005293252
-0.030766835;-0.08498562;-0.016734602
-0.038675968;-0.038301;-0.03213768
-0.055940773;-0.019703299;-0.044460144
-0.0056901197;0.020174861;-0.016818115
0.022010405;0.03801489;0.011545507
0.0113583235;0.01634941;0.027986405
0.02627416;0.0021420289;0.009889125
0.014769327;1.5112318E-4;0.007911299
0.018065462;-0.0342541;7.903978E-5
-0.012110131;-0.03521578;-0.006186768
-0.028438104;-0.031297624;-0.023699414
-0.011812984;0.0140244;-0.012709532
0.0014871131;0.05184452;0.021082375
0.03478344;0.044600617;0.0106159
0.023920503;0.049742993;0.02099272
0.006636402;0.027294394;-0.0082058245
0.0068716216;0.032773014;-3.1465932E-4
-0.011690203;0.0027809122;-0.0065017273
-0.010914662;-0.03683777;-0.005201382
0.01158077;-0.057595216;0.008338895
0.0014521162;-0.06951367;0.012921115
-0.0019633071;-0.046235938;-0.008413107
-0.023445645;-0.046363752;-0.006730486
-0.014069016;-0.058966;-0.024134388
-0.009692714;-0.0190478;-0.02555751
0.0031833295;0.01757426;0.0045539914
-0.027140837;0.05780941;-0.008856807
-0.021712668;0.071247526;0.0054145544
-0.020495135;0.05856052;0.0043316437
-0.010146108;0.07341091;0.022215314
0.027820613;0.024353733;0.017772252
0.01756899;0.011670487;0.0392178
0.024992693;-0.03285111;0.031374242
0.023119153;-0.05284339;9.939293E-5
0.028651573;-0.05008721;-0.024920486
-0.0012974914;-0.015069769;-0.038686387
-0.0041629933;0.059819184;-0.0059491107
0.009169606;0.07910535;0.0014907114
0.0026481843;0.08359678;0.019942569
0.008368547;0.09187742;0.015954055
-0.001117662;0.07037694;0.012763244
0.00848087;0.04380155;0.0039605955
0.011472196;-0.01183376;0.009418476
0.021677757;-0.087592006;0.02628478
-0.0029702943;-0.13882361;-0.003972175
-0.010188735;-0.13762139;-0.03442774
-0.019088488;-0.1288471;-0.058792192
-0.03089579;-0.074952684;-0.034533754
-0.037216634;-0.01933715;0.003622997
-0.039148305;0.02046778;0.0091483975
-0.007881145;0.052311726;0.0010687181
0.017132584;0.03247438;0.013354975
0.0074560675;-0.0021454962;-0.0018160205
0.032527354;-0.018903896;-0.0077028163
0.03539688;-0.029185617;-0.018662253
0.008005006;-0.049910992;0.016320197
0.030622754;-0.039928794;0.019306159
-0.0012830459;0.0024319638;-0.022055073
-0.049463935;0.016008072;-0.011394059
-0.03644615;0.040931456;-0.015365247
-0.0010319195;0.049932666;-0.012292198
-0.0070755356;0.024321133;0.027666243
-0.010347929;0.010081906;0.0033829934
0.019846657;0.012753025;0.0027063948
0.019002326;-0.00542258;0.014665116
0.02145186;0.020661935;-0.007017907
0.014036489;0.024342049;-0.018114327
-0.0028333091;0.008536139;-0.0019914608
0.0024208527;-0.005671089;0.0046568313
0.021467932;-0.0060993712;0.041225467
0.010924346;-0.045504496;0.0017303721
-0.018604273;-0.0535911;-0.023615703
-0.019570919;-0.061622877;-0.031392563
-0.018781735;-0.055548303;-0.0063640494
-0.024400389;0.008686358;-0.0050912397
0.0086046895;0.06788658;0.0021770084
0.0311025;0.08555927;0.032991607
0.019413251;0.104384914;0.020143285
0.0061556012;0.103820436;0.04111463
-0.01226302;0.07055634;0.014141703
-0.012935415;0.036132578;-0.0074366378
-0.010348332;0.028906062;-0.0059493105
-0.005153666;-0.03312515;0.013990552
0.0021270674;-0.085875124;-0.026307559
0.0032641538;-0.087450095;-0.033546045
-0.0052011767;-0.068397574;-0.020586837
-0.011973442;-0.025030563;-0.01021947
-0.040828753;0.04247555;0.004324424
-0.017038003;0.06679294;0.0034595393
0.001994598;0.056559354;0.02151763
0.023470677;0.05149748;0.0047141053
0.015651543;0.014635486;0.016271284
0.017208735;-0.05860411;0.013017028
0.013766987;-0.10000829;-0.014586378
0.009451089;-0.06750663;-0.011669102
-0.008064128;-0.013380305;-0.009335282
-0.0064513027;0.017420756;0.0050317743
-0.003598542;0.026436605;0.0040254197
-0.016941333;0.033649284;0.015720336
-0.018240567;0.07691943;0.0063262684
-0.020842453;0.05684804;0.017561015
0.005201037;0.029853433;0.014048812
0.03931708;0.019195247;-0.0075109503
0.023641163;-0.0018313027;-0.012258761
0.022819182;-0.015527542;-0.0035570085
0.010442845;-0.040547032;0.0034043933
0.020073026;-0.03400013;0.008973515
0.008245921;-0.0412626;-0.017821189
-0.0035595135;-0.04863508;-0.0017569506
-0.02784761;-0.06547056;-0.013905561
-0.03790309;-0.07581395;-0.03612445
-0.02719747;-0.07002616;-0.016399559
1.1702329E-4;-0.05445843;-0.006869647
0.01884362;-0.06856675;-0.017995717
-0.009925105;-0.037665896;-0.008146574
-0.0063775843;0.016742283;-2.6725925E-4
-0.012914567;0.08058133;0.012286193
0.003730846;0.14259006;0.034828953
0.026422177;0.15938455;0.040363163
0.016450241;0.14313264;0.05729053
0.020972693;0.07700611;0.014582424
0.0074031544;0.011604889;-0.0070840605
-0.0050149765;-0.04852859;-0.03066725
0.006925519;-0.13882287;-0.055783797
-0.019459585;-0.1907458;-0.05087704
-0.043692667;-0.13540913;-0.046951633
-0.006829134;-0.03020231;-6.130491E-5
0.011724193;0.06802565;0.043700956
0.010941854;0.12473302;0.022460764
-0.0037465168;0.12166142;0.011718612
-0.0029972135;0.10670413;0.02187489
0.0022897292;0.06817581;0.023749912
0.036988035;0.0014156457;0.012749929
0.027246676;-0.055117484;0.0039499435
0.010078591;-0.10503149;-0.009340045
-0.006780877;-0.15433769;-0.032472037
-0.0288622;-0.12190765;-0.007227629
-0.015277261;-0.04752612;-0.024532104
-0.012221809;0.004166603;-0.025875682
-0.012902447;0.040833283;-0.014450546
-0.018134458;0.07172912;-0.011560437
-0.020757565;0.0855083;0.03450165
-9.81053E-4;0.06684414;0.02135132
0.024215158;0.07222531;0.0045810565
0.025622126;0.04371775;0.016164845
0.012685201;0.0255992;0.025431875
7.731607E-4;-0.00764564;-0.0046544992
0.013118529;-0.05142901;0.0087764
-0.002005177;-0.09426821;-0.011728879
-0.010979142;-0.070727065;-0.015633104
-0.011908313;-0.040956654;-0.018756483
-0.00952665;-0.031202823;-0.015005186
1.9117944E-4;-0.015587259;0.012995851
-0.009222057;-0.006219807;-0.01460332
-0.015190145;0.037211653;-0.011682656
-0.010589616;0.040706825;0.009403876
-0.0022216928;0.06537796;0.0137731
-2.1485431E-4;0.10073987;0.02351848
0.023265617;0.064966895;-0.0061852154
0.020174993;0.014473515;-0.011198172
0.021608744;-0.035296187;0.003541462
0.027443245;-0.07198695;0.0090831695
0.011798346;-0.09040206;0.0010165357
0.005532427;-0.07388415;0.0070632286
-0.022136558;-0.03879482;0.011900583
-0.014584247;0.028339146;-0.015479534
-0.016354898;0.028921315;0.018866373
-0.011521418;0.034074552;-0.0036569017
-0.010779634;0.013197143;-0.015425521
-0.011748708;0.008995214;-0.006090417
0.0077885343;-0.022491328;-0.0048723337
-1.9172734E-5;-0.047680564;-0.028897867
-0.0031403382;-0.04751945;-0.010618294
0.0068627293;-0.04582806;0.016505364
-0.011697317;-0.03509995;0.025704293
0.0047046468;-0.021829959;0.008063434
-0.0071737827;-0.019026468;-0.012299253
-0.008864026;-0.008971173;-0.028589403
-0.01646622;0.013135561;-0.016621523
0.024327023;0.007383449;0.0117027825
0.02883662;0.01840676;-0.009387774
0.030881794;0.016287908;-0.0075102192
0.0145491855;-0.022907173;-0.012258176
-0.014141901;-0.04488824;-0.0035565402
-0.009751021;-0.03591059;0.015904767
-0.009363317;-0.008415973;-0.0060261856
-0.009053153;-0.012982778;0.0014290514
-0.018180022;0.011488778;0.007393241
0.0010809818;-0.011121478;-3.3540712E-4
0.0055522854;-0.043272182;0.012231674
0.0044418285;-2.4274609E-4;-0.008964661
0.017615963;0.004493303;-0.03217173
0.01253027;0.016094642;-7.3738274E-4
0.011586716;0.028500713;-0.0068399063
0.009269373;0.03686307;0.019528074
0.0011654983;-0.0064470433;0.02187246
0.02827615;-0.045782633;-0.001252032
-0.007847831;-0.038188607;-0.032251626
-0.034403265;-0.033675887;-0.0320513
-0.013460112;-0.012878208;-0.02564104
-0.010768089;-0.014990067;-0.020512832
0.0023230284;0.0036329464;-0.0101602655
0.020608423;0.021656357;-0.008128213
0.010236738;0.034512587;0.02474743
0.0066268905;0.06042257;-0.0114520565
0.0037390124;0.024900556;-0.002911645
-0.0032587901;0.010545444;0.010170684
0.022392968;-9.386449E-4;0.020636547
0.014008124;-0.022625916;0.029009238
0.01355025;-0.06028823;-0.008042609
-0.0094723;-0.062293086;-0.04393409
-0.02476534;-0.049834467;-0.035147272
-0.007312272;-0.027367575;-0.0031178163
-0.015224818;-0.02970656;-0.008744253
-0.0090548545;-0.015952747;-0.013245402
-0.016618883;0.013800302;-0.010596322
-0.0054826066;-0.0014597588;0.016522942
0.0018639147;0.037894692;0.019468354
-0.014133869;0.07719076;0.028074684
-0.0034945947;0.06487761;0.028709747
0.012829324;0.026902083;0.0042177974
8.8845944E-4;0.0012091663;0.015874239
0.022585768;-0.020907667;0.00644939
0.043068614;-0.06828863;-0.0010904878
0.03289239;-0.071818404;-0.019622391
-0.004936087;-0.026204726;-0.021947913
-0.038323868;-0.030338781;-0.01130833
-0.060346596;-0.0070835245;-0.0090466635
-0.015464776;0.036520682;-0.013487331
0.017315678;0.022966545;0.0017101351
0.027133793;0.018373236;0.038868107
0.021707034;0.014698588;0.031094486
0.0025218774;0.046133872;0.01862559
0.016861252;0.035344597;-0.0038495287
0.025207752;0.012650677;-0.015579623
0.029541202;-0.005504458;3.6301673E-5
9.76711E-4;-0.015341067;0.012529042
-0.05468738;-0.0044603534;0.0100232335
-0.076562405;-0.028568283;-0.035731412
-0.028437424;-0.019729625;-0.016085131
0.04209381;0.004528799;0.0058818953
0.0625813;0.020810539;0.010955516
0.03444004;-0.0036640686;0.015014413
0.002552031;0.008006245;0.0057615303
0.0020416249;0.023592496;0.0046092244
0.02272705;0.011061497;-0.0025626204
0.00490039;0.0010366975;0.0041999035
-0.03357969;-0.008545642;0.009609923
-0.04561375;-0.041211512;-0.004812062
-0.041178502;-0.050156713;-0.016349649
-0.0063803005;-0.008875369;-0.01932972
0.012083259;0.044462204;0.022036225
-0.0028333922;0.041819762;0.02387898
-7.0421374E-4;0.014705812;0.012853184
0.005686629;-0.011672851;0.004032547
-1.3819679E-4;0.014099219;0.0032260376
0.0045769424;0.020654375;-0.00991917
0.009911554;-0.0037889997;-0.026685337
0.007929243;-0.0061561996;-0.0025982687
0.035249643;0.0028875403;-0.0020786151
0.032105967;0.028872533;-0.0141628925
-0.010252727;0.026223026;-0.017580314
-0.019139683;0.03347842;-0.0140642505
-0.013749246;-0.015404764;-0.0050014006
-0.012561897;-0.02951131;0.01474888
0.002450483;-0.025171548;0.011799104
0.0136791365;-0.03576224;0.0031892827
0.010943309;-0.020797292;0.008801426
-0.0014016028;-0.018200332;7.91141E-4
-0.0058087823;-0.0020602664;-0.018117087
0.0031654742;0.023351787;-0.02074367
-0.0052801208;0.04055643;0.020905064
-0.012036596;0.009007644;0.016724052
-0.015879277;-0.025606385;0.0071292412
-0.025203422;-0.0048601083;-0.025546607
-0.020162737;0.0070494134;-0.014187286
0.01199481;-0.005297969;0.013650171
0.020533348;4.4912467E-4;-0.0015798629
0.0054891785;0.0128593;-0.0012638903
0.0028288427;0.01653744;0.005238888
0.010856824;0.031979952;0.016691111
0.012591709;0.04433396;0.007102888
6.983675E-4;0.022967169;0.011932311
-0.011941306;0.0058737355;-0.009204151
-0.017365545;-0.012488511;-0.0073633213
-0.029517436;-0.02092831;-0.018390657
-0.007988948;-0.0058051473;-0.008462526
0.013921341;0.010980882;-5.200205E-4
0.011137073;0.024409706;0.037083983
0.030003408;7.777645E-4;0.017167186
0.035721477;-0.025940288;0.0074837497
4.521813E-4;-0.05668973;-0.012763
-0.023075756;-0.039101783;-0.0102104
-0.016898103;-0.023468928;0.01058168
-0.029143482;-0.010962642;-0.022784656
-0.0092522865;0.019354885;-0.011977725
0.00822317;0.01860891;0.02166782
0.005016037;0.019574627;0.011084256
-0.008487171;0.0344097;-0.003632595
-0.0021022365;0.03534026;0.003343924
0.0076932106;0.02670971;-0.003574861
0.0045920685;0.011992767;0.0033901113
0.023986155;-0.021655787;0.002712089
0.015282674;-0.05326213;-0.010330329
-0.015117611;-0.0519847;-0.002014263
-0.0058440887;-0.015025263;0.0046385895
0.001574729;0.00360479;0.009960872
-0.015927717;0.04350883;-0.017031303
0.007570327;0.050432067;0.0051249578
-0.011131239;0.06690815;-0.0021500336
-0.004217491;0.047276523;0.029529974
0.034126006;0.030008718;0.0111239785
0.011675806;0.003694474;-0.009850817
0.0015281446;0.004518079;-0.0016306539
0.011378766;-0.030760536;0.017445477
0.013009262;-0.05585843;0.0077063814
2.5116003E-4;-0.039999243;0.0124151055
-0.014642822;-0.014811895;-0.008817916
-0.021089258;-0.019662015;-0.019554332
-0.016871406;0.017082887;-0.015643466
-0.016622124;0.01366631;0.012485228
-0.0101727;0.010933048;-0.0025118184
-0.00501316;0.0040589385;-0.027009455
0.011614472;0.0016846507;-0.0028575638
0.030385328;0.020097721;-0.021036051
0.020402012;0.008265676;-0.010578841
-8.658903E-4;-0.01994996;-0.008463073
-6.9271226E-4;-0.039397467;0.018229542
-0.01930417;-0.045580473;-0.0041663665
0.0111191645;0.008848121;0.0029169067
-0.0036046687;0.024265997;0.027333526
0.018991265;0.013162797;0.02186682
0.005818012;-0.008219762;-0.020006543
-0.01409559;-0.03157581;-0.009755235
-0.0050264723;-0.034635648;0.029695813
-0.011833678;-0.041771017;0.011256649
-0.032904442;-0.008416815;0.02775532
-0.034136053;-0.03798345;-0.034045745
0.046909906;0.32586324;0.029013405
0.074246675;0.6372531;0.12321072
-0.040602658;0.051989973;-0.007681421
0.026892873;-0.65059555;-0.23739514
0.066045545;-0.60797644;-0.09616611
-0.12294481;-0.08638114;0.09806711
-0.11554335;0.1980826;0.00970369
0.031002821;0.114716075;-0.03598705
0.028708506;0.03396036;0.02746036
-0.016876945;0.09904329;0.059468288
0.002123444;0.10267213;0.035074633
0.049355004;0.046200205;-0.0094402945
0.066046506;-0.011477337;0.011197764
0.010649703;-0.03886937;-0.028541788
-0.039136488;-0.038907997;-0.016583432
-0.05162169;-0.0014388964;0.011733255
-0.0053598518;-0.0042761173;0.009386604
-0.013662881;-0.020608393;-0.023740716
0.0078196945;-0.039924216;-0.0064925733
-0.0015567441;-0.005376872;0.013555941
-0.016870396;0.034761004;0.004594753
-0.010371316;0.032496303;0.0036758024
-0.003609553;-0.019315459;0.002940642
0.018987358;-0.029514866;0.0023525136
0.016752386;-0.0064243935;-0.01686799
0.02043316;0.029235486;0.005255609
0.009315277;0.012450888;-0.0020455131
-0.0066102785;-0.0056642895;0.0046135895
-0.03966322;-0.03109393;-0.0025591285
-0.04110558;-0.040500145;-0.014547302
-0.028196963;0.06447488;0.082112156
0.00400493;0.13907991;0.021939727
0.10789144;0.009701425;-0.12619822
0.051938154;-0.19380136;-0.050958574
-0.10532448;-0.16754109;0.09048314
-0.09675958;-0.00278287;0.009886512
0.045248587;0.094648704;-0.07959079
0.08854262;0.047593962;-0.019922633
0.018490344;0.03807517;0.040311895
0.014792276;0.030460136;0.032249514
-0.03582243;0.030618109;0.025799612
-0.011470444;0.040119488;0.0018896898
0.027542396;0.06803309;0.0015117518
0.018127667;0.03255147;0.013709402
0.003564633;-0.027083822;0.01721752
-0.014335793;-0.009167058;-0.004975983
0.007281365;-0.043271147;-0.0039807865
0.002700092;-0.058054417;-0.009434629
-9.649264E-4;-0.018318534;-0.013797703
0.003915559;-0.009967327;-0.017288163
-0.004680053;0.013901139;0.00491947
-0.013119042;0.015808411;-0.014814424
0.015286016;0.03764673;0.013148461
0.0036350628;0.030117383;0.03551877
0.0044705505;0.036593907;0.022165015
-0.0026735598;0.018337624;-0.0010179881
-0.013076348;-0.0040798998;-0.0070643905
-0.008898579;0.00923608;-0.005651512
0.0069436375;-4.2363597E-4;-0.01077121
0.02821116;-0.0034639088;0.0038830321
-0.009462322;0.005041373;0.028106425
-0.024757357;-0.0022169016;0.0037351404
-0.010430886;-0.03771102;0.0029881124
0.008842791;-0.023918817;-0.01010951
0.010199233;-0.048822552;-0.001837608
-0.010590614;-0.024995543;-0.0077200863
-0.008472491;0.031566065;-0.03117607
-0.020840492;0.04244035;-0.0061908555
-0.0010473942;0.035514783;0.020047316
-0.0024004153;0.036224324;-0.021462148
0.015267168;0.02585446;0.0015802821
0.010651235;-0.0074414317;-0.0049857744
0.0038334874;-0.037203144;0.0022613804
0.01869179;0.0014874837;0.0143091045
0.004015932;-0.006622513;0.011447283
-0.0061622546;-0.008423011;0.009157827
-2.4230359E-4;-0.025488408;0.0073262616
0.004493657;-0.061015725;0.02461101
-0.019842574;-0.04725008;0.0071888072
-0.018999059;-0.003425065;-0.050498955
-0.010511748;0.014447448;-0.027899163
0.008778102;0.014682958;-0.02231933
0.011709982;0.017996367;0.0071445354
0.009367986;0.030022094;0.024465628
-0.006568112;0.020892674;0.025822503
-0.02712949;0.02765164;0.014408003
0.025171408;0.03618381;-0.019723598
0.017793376;0.014884549;-0.0032788785
0.018140951;-0.02246736;0.009876898
0.012950261;-0.061723888;0.007901518
-0.025577292;-0.05562911;7.121415E-5
-0.03608683;-0.035128288;-0.0061930288
-0.010119466;-0.05466513;0.001295577
-0.022158073;-0.053107105;0.0072864615
-0.030226458;-0.050298184;0.01832917
-0.042931166;-0.102738544;0.008413335
-0.028094934;-0.105628334;4.8066836E-4
0.036899053;-0.10012767;-0.07461546
0.072487995;-0.028539635;-0.14094236
0.048615392;0.10216829;-0.044003896
-0.018138934;0.15829714;0.03979688
-0.05044865;0.1828877;0.08808751
-0.015358918;0.23224767;0.07672001
0.076775365;0.23892313;0.023876004
0.07626404;0.1911385;0.0566008
0.032886233;0.1107233;0.03903064
0.0013089871;-0.070796356;0.043724515
-0.01848406;-0.2722621;0.009979611
8.377517E-4;-0.30530965;-0.04826631
0.015513951;-0.26612273;-0.038613047
0.026473662;-0.15352319;-0.09339044
-0.003821071;0.01624395;-0.13096236
0.006318143;0.08018266;-0.067269884
0.035523266;0.06727113;0.021184094
0.06669986;0.038191903;0.11069728
0.04945364;0.003991022;0.08230782
0.009094161;-0.018682182;0.084596254
-0.07319342;-0.014945746;0.042677004
-0.06636724;-0.0635191;-0.0033583958
0.010187461;-0.116440274;-0.09643672
0.038618717;-0.10252722;-0.070899375
0.044957474;-0.09764678;-0.056719497
0.07580973;-0.018742422;-0.0641256
0.068460286;0.12563106;-0.001300479
0.016486976;0.15362985;0.042709615
-0.025091669;0.10259138;0.040417694
-0.008354585;0.030510604;0.013584155
-0.0035586676;-0.014654017;0.010867324
-0.005971934;-0.078910716;0.02744386
-0.0110275475;-0.16000357;0.046955086
-0.060384538;-0.14987786;-0.00618593
-0.08737013;-0.079277284;-0.042448744
-0.026146105;0.014703171;-0.046458997
0.020489367;0.06645004;-0.024667196
0.031235244;0.17347252;-0.05723376
0.027331945;0.20909053;-0.045787007
0.0046780556;0.14383492;-0.0053796046
-0.022820055;0.060380436;-0.010553683
-0.039349794;0.049866848;0.022807052
-0.022104835;0.024268478;0.024495643
0.0073161316;-0.008710217;8.46514E-4
0.009759155;0.0055318265;-0.03682279
-0.0023489257;-0.02526204;0.0017917689
-0.01516039;-0.06708463;0.032683413
-0.025409563;-0.1083552;0.026146732
-0.03126515;-0.08668417;0.0021673858
-0.00938712;-0.04903483;-0.010766092
0.014365304;0.023272134;-0.0023628732
0.031023493;0.04830521;-0.026890298
0.017006295;0.037081666;-0.04651224
3.2378564E-4;0.060915332;-0.03095979
0.02916528;0.019044766;0.006482167
0.03661347;-0.012889187;0.048935734
0.016009528;-0.039998848;0.05789859
-0.04422363;-0.05543658;0.04631887
-0.0775664;-0.06778676;0.037055098
-0.029240621;-0.026104411;-0.007855924
0.021920003;-0.0021335287;-0.068784736
0.044098504;-0.001706823;-0.048777793
0.040747553;-0.03886546;-0.07652223
0.05603554;-0.073279865;-0.036217786
0.027640933;-0.089873895;0.03977577
-0.010699754;-0.056274116;0.06932062
-0.042153552;-0.023144292;0.049206495
-0.017316593;-0.040390432;0.039365195
-0.015415774;-0.06356235;0.025242155
0.014229881;-0.053974878;-0.054806277
0.016852655;-0.024429902;-0.09384502
0.011919624;7.685785E-4;-0.08757602
-0.0021830508;-0.016572637;-0.05131081
0.0021598092;-0.028883109;0.0027013496
-0.0060846526;0.040956013;0.03966108
0.0068510277;0.07338981;0.050478864
0.039855823;-0.0037881522;0.04038309
0.03969716;-0.026468022;-0.011443527
0.037226476;-0.021174418;0.034595177
-0.023343818;0.025247967;0.0026761426
0.003981195;0.062385872;-0.022859085
0.020372456;0.046783697;-0.03703727
0.053016715;-0.0016355413;-0.017129814
0.013507122;-0.029433433;-0.007453852
-0.004819303;-0.020421747;0.03778692
-0.018699192;-0.061649896;0.048979536
-0.025115604;-0.10869492;0.0016836277
-0.013842483;-0.061955933;-0.023653097
-0.0016989864;-0.027689748;0.012327522
-0.009171689;-0.006526798;0.028612018
-0.0073373513;-0.005221438;0.022889614
-0.001963631;0.05519785;-0.0129383085
0.0062415954;0.09259578;-0.029100647
0.019837026;0.08970162;-0.010780518
0.019775871;0.1092613;-0.008624414
0.008789447;0.078034036;-0.019399531
-0.024218442;0.0046147313;0.015730375
-0.248281;-0.11505821;0.1063343
-0.1892498;-0.14204657;0.23506744
0.0032876574;0.38323775;0.48805395
-0.012994874;0.4019027;-0.33455685
0.2583541;0.007459655;-0.0051454706
0.15043329;0.36378023;-0.085366376
0.3508154;0.02383668;-0.3245431
0.1447148;-0.42468065;-0.09713448
-0.2162594;-0.36161953;-0.13395758
-0.019101279;-0.19242062;-0.100916065
0.14721897;-0.0851865;0.025517145
0.059962682;-0.2493992;0.039163716
-0.034061104;-0.45264435;-0.018669026
-0.10771763;-0.39649048;-0.0149352215
-0.17601785;-0.17031738;0.013051823
-0.12675178;0.11062109;0.016691457
-0.0045264284;0.34474686;-0.011646833
0.009660107;0.467985;0.040682532
-0.017271914;0.5040755;0.08879603
-0.02709878;0.4688854;0.077286825
-0.008397775;0.3704208;0.08057946
0.06984428;0.26196167;0.070713565
0.08321917;0.12988183;0.050320853
0.03923159;0.021092959;0.040256683
0.020447772;-0.08781313;0.038455345
-0.029735534;-0.15150051;0.012014276
-0.044882175;-0.1368254;0.04086142
-0.083561994;-0.11102282;0.14518914
-0.14184959;-0.012255759;0.15365131
-0.13066718;0.03550789;-0.014578952
0.0064037605;0.12684381;8.368381E-4
0.10668551;0.27335006;6.694705E-4
0.0869109;0.10774254;-0.055714425
0.010153726;-0.13255596;-0.09457154
-0.03015827;-0.062294774;-0.056907233
0.08134213;0.15016419;-0.020525785
0.13772996;0.079506345;-0.07267063
0.066433966;-0.098894924;-0.076886505
0.009397172;-0.17130344;-0.0490092
0.03564274;-0.15110525;-0.082957365
0.04023294;-0.2318217;-0.04761589
-0.024844898;-0.24795736;0.03065729
-0.04878217;-0.16711588;0.012025831
-0.024181984;-0.08838021;0.009620665
-0.011533087;-0.10351667;0.0076965317
0.01967978;-0.12968834;0.018657226
-0.028006176;-0.10375067;0.0024257803
-0.045842443;-0.026750535;0.008190624
-0.034330204;-0.0026504276;0.0315525
-9.016621E-4;-0.033370342;2.4199953E-4
0.01880992;-0.032946274;0.0064435997
-0.008389563;0.036142983;0.04890488
-0.0543679;0.075789385;0.057873905
-0.07396307;0.124694005;0.021299124
0.0056732935;0.14663021;-0.007960701
0.061569884;0.15011667;-0.018868562
0.103162155;0.09665583;-0.04634485
0.040342227;-0.07580034;0.0066741207
-0.09428872;-0.0153277675;0.0365893
-0.046524726;0.10648779;0.035521436
0.05653022;0.15237772;0.00966715
0.09678668;0.06096468;-0.03601628
0.08758559;-0.059040755;-0.06631302
5.3722254E-4;-0.1081701;-0.10305042
-0.03785147;-0.15216108;-0.032440335
-0.0068436777;-0.124853864;-0.013452268
0.024993807;-0.11238309;-0.029511815
0.019995047;-0.16803147;-0.042359453
-0.06603521;-0.16880018;-0.05888756
-0.04579692;0.0040223566;0.02788995
0.051643714;0.10634288;0.009811961
0.06631497;0.010074308;-0.029650431
-0.0063230232;-0.09037805;-0.029970346
-0.03943342;-0.056677442;-0.005226276
-0.044827987;0.014033046;0.02706898
-0.031956136;0.06591394;0.04665518
-5.649103E-4;0.07773115;0.024824146
0.031579323;0.08874742;-0.011390682
0.03307596;0.105372936;-0.0028625461
0.024898266;0.07023585;-0.021040037
0.058199864;0.06087618;-0.029332029
0.03327864;0.062763445;-0.023465624
0.024279162;0.014273254;0.006227501
-0.02042042;-0.043268897;0.036232002
-0.053055085;-0.10805262;0.035235602
-0.06197532;-0.1364421;0.01568848
-0.031611506;-0.16227868;-0.049949214
-0.019820454;-0.13919795;-0.03995937
0.016956137;-0.11135835;-0.025717499
0.036221158;-0.04221168;-0.020573998
0.011789427;-0.0087693455;-0.010209199
-0.07884971;-0.016390476;0.05433264
-0.10839227;-0.01936238;0.018466113
-0.020307563;0.084510095;-0.02272711
0.0892227;0.13167058;-0.024431689
0.058096908;0.05064896;0.01170465
-0.020709973;0.018644169;-0.009386281
-0.016567977;0.039915334;0.036240976
-0.049973134;0.014744768;0.07274278
-0.057166006;-0.0038291856;0.083194226
-0.075420305;-0.026500849;0.04780538
-0.040023744;-0.004013179;-0.043005697
0.053918503;0.03272696;-0.09690455
0.08766606;-0.0035059345;-0.08377364
0.09278909;-0.035617247;-0.060768917
0.0070437747;-0.0441188;-0.004865133
-0.06467748;-0.0040450385;0.09610789
-0.08924198;0.046763968;0.11438631
-0.047174837;0.048348676;0.029009052
0.02476013;0.07617894;-0.03929276
0.031526852;0.07188065;-0.06893421
0.013502733;-0.012807978;-0.023897365
0.010802187;-0.044621382;0.012132107
-0.017920751;-0.032572106;-0.002794314
-0.0502741;-0.013557685;0.029014548
-0.02928178;-0.010846148;0.06071164
-0.019519174;-0.025864419;0.01731931
0.01329091;0.0027459653;-0.042394552
0.02625773;0.028759273;-0.06516564
0.04913118;0.026132418;-0.027132513
0.028367447;0.014655935;0.00329399
-0.010118543;-0.013275253;0.027635192
-0.008094834;-0.013745202;0.047108155
-0.014288368;-0.0031836617;0.08143652
-0.002055694;0.02714057;0.046399217
0.008511695;0.057649955;0.037119374
0.010715606;0.085182466;0.0109455
0.010134985;0.047833472;-0.0287436
0.012014238;0.016391778;-0.04174488
0.0096113905;-0.018136578;-0.0708959
0.020970361;-0.03794676;-0.044216722
0.00740129;-0.06473241;-0.02287338
-0.007360218;-0.047098428;0.031701297
-0.023075674;-0.007991242;0.037861038
-0.05127304;-1.4299381E-4;0.03028883
-0.03711218;0.026448105;0.036731064
7.790046E-4;0.060220983;-0.008115149
0.029529454;0.05130179;-0.04399212
0.05252981;0.04885393;-0.047693696
0.0318676;0.004708144;-0.050654955
0.02158783;-0.035295986;-0.0030239648
-0.013198486;-0.003236788;0.022580829
-0.018371288;-0.0057144305;0.04306466
-0.01625953;-0.012384044;0.07195173
-0.0051951245;-0.042719737;0.095061384
0.018500151;-0.012300788;0.051049106
0.01480012;-0.009840631;0.040839285
0.011840096;0.071815;-0.011078571
0.022753326;0.079326995;-0.04636286
0.024452662;0.010336597;-0.08709028
0.05784338;-0.021418223;-0.07592223
0.061118454;-0.040572077;-0.016987782
0.020769762;-0.034020163;-0.0010902262
-0.01619669;-0.07409113;0.030377818
-0.011394852;-0.0811479;-0.0069477446
-0.0067721317;-0.058668323;-0.011808196
-0.0132302055;-0.05630966;-0.034446556
0.008165835;-0.09192273;-0.033807244
0.04168892;-0.11728818;-0.052045796
0.044288635;-0.106330544;-0.04163664
0.028399657;-0.06943943;-0.02080931
0.0070947264;-0.03680155;-0.029147448
-0.007605469;-0.06381624;-0.023317957
-0.004521875;-0.03542799;-0.024904367
-0.0286175;-0.022092393;-0.013673494
-0.007269;-0.0145489145;-0.010938794
0.0019973;-0.027264131;-0.027501035
0.01644159;-0.034311306;-0.009500829
0.011590772;-0.033699043;0.004899337
0.0014601175;-0.0019592354;-0.00858053
-0.004300656;0.039057612;-0.031864423
0.034840725;0.05624609;-0.012991539
0.03881008;0.023121871;-0.010393231
-0.003326936;-2.525028E-4;-0.0020645852
-0.015942799;-0.006452002;0.0045983316
-0.012754239;-0.030161602;-0.0025713346
