0.04682823;0.028992297;0.022891447
0.041368835;0.026318837;0.030813158
0.030751318;-0.01331993;0.037150525
-0.017586447;0.011219056;0.004720421
-0.010162907;0.040225245;0.016276337
-0.029224075;0.016555196;-0.0057289307
-0.021035511;0.0069941566;-0.023333145
-0.024640908;-0.0100296745;-0.024916515
-0.010337727;-0.036148738;-0.019933213
0.0050110687;-0.025793992;0.01530343
0.029008854;-0.030010194;-2.5725598E-4
0.032582086;-0.027133156;-0.012705805
0.029971916;-0.009206524;0.002335356
-0.014303716;0.014509781;0.0018682849
-0.051286723;0.045982827;0.0014946279
-0.04102938;0.03053626;0.013695702
-0.0062610027;0.033804007;0.010956562
0.018428698;0.005168206;-0.00998475
0.021774208;-0.005240435;0.0107622
0.025231866;-0.019817349;0.0023597598
0.0147167435;-0.02835388;-0.010612193
0.017242145;0.005441897;-0.0022397537
0.009887465;0.041853517;-0.001791803
0.007909972;0.061607815;0.03606656
0.014140478;0.02116125;0.028853247
-0.0019688676;0.010679001;-0.0019174032
-0.014856344;0.0241682;-0.0015339225
-0.029072575;0.01933456;-0.013727138
-0.03497681;-0.012657352;-0.02973171
-0.037356447;-0.041375883;-0.023785368
-0.018947659;-0.054975703;-2.7829467E-4
0.016091874;-0.053355563;0.012277365
0.030061;-0.023934452;0.0035718915
0.031861298;-0.003522561;0.009107513
0.004395289;0.0065569514;0.0010360104
-0.008202518;0.017745562;0.0070788083
-0.014374515;0.0048214486;0.011913047
-0.04587461;-0.005517841;-0.0029695625
-0.02341844;0.023710728;0.01012435
0.006265248;0.009593582;-0.01065052
0.037824698;-0.007950135;-0.008520416
0.05525976;-0.015735108;0.005683667
0.049676556;-0.006338086;-0.0017030663
0.022553746;0.016804531;-0.001362453
-0.012425753;0.044693626;0.017660037
-0.029471852;0.0263799;0.06412803
-0.052483734;0.01485392;0.013802424
-0.043549486;0.021258136;-0.013958061
-0.017652089;0.023256509;0.0013335514
-0.012559171;0.009230207;-0.02393316
0.009483913;-0.008240835;-0.012896528
0.019305881;-0.028467668;-0.0040672217
0.013100955;-0.035274133;-0.040753778
-0.0043629864;-0.021969307;0.004896978
-0.0073966393;0.0074245543;0.028917583
0.030020189;0.030939644;0.004384066
0.0372974;0.021626715;-0.0027427473
0.008744171;0.026676372;-0.0084441975
-0.003942163;-5.339026E-4;0.0057446416
-0.0031537306;-0.016052121;0.010845713
-0.023616735;-0.012841698;-0.0038234293
-1.4338765E-4;-0.007148358;-0.009308743
0.01160404;5.313135E-4;0.017553005
-0.0024355182;-0.024574948;0.0077924044
-0.012885914;-0.02903496;-0.037516076
0.0123475185;-0.016977968;-0.011262861
0.021596765;0.014542626;0.0034897109
-0.002253838;0.011634101;0.0027917689
-0.028365571;0.0030572806;-0.004016585
-0.030504957;0.008695824;-0.009463268
0.002158535;7.0665963E-4;0.023679385
0.013445578;0.006815328;0.025193509
0.018568963;0.0054522622;0.026404807
0.02813642;-0.0018881903;0.0148738455
0.0014153859;0.004739448;-0.013100924
-0.008242691;-0.008708442;-0.010480739
-0.006594153;-0.035091754;-0.008384591
-0.007619072;-0.015573403;-0.025457673
-0.006095258;-0.012458722;-0.020366138
0.0029362936;-0.0068419776;-0.01004291
0.017974036;-0.008598582;-0.014284329
-0.0129645225;0.0056211343;0.013572537
-0.017402867;0.013871907;0.02335803
-6.410441E-4;0.017347526;-0.0063135764
-0.004419085;0.0013780207;-0.017550861
-0.0019727682;-0.014522583;-0.014040689
0.008578035;-0.020993067;-0.011232551
0.016237428;-0.019919453;-0.0027360409
0.027833693;-0.034685563;-0.008438833
0.026173204;0.0066265496;0.018248934
0.028751064;0.01467624;0.008349147
-0.02699915;0.036740992;-0.012070682
-0.057536818;0.038767792;-0.0034065458
-0.048373207;0.021639235;0.0035247633
-0.013698565;0.007936388;0.009069811
-0.010958851;-0.01240089;0.0010058485
-0.014235831;-0.03492071;-0.017945321
0.005798835;-0.04356157;-0.001856257
0.029639067;-0.034849256;-0.0077350056
0.0026175044;-0.009129404;-0.0061880043
0.0060002534;0.0051964764;-0.0049504037
0.019643953;0.019782182;-0.003960323
0.0047776625;0.031450745;0.028081741
0.01866588;0.031410597;0.016215393
0.013370204;0.031378478;0.019222315
0.004446163;0.03447778;-0.0033721481
0.0059006806;0.021332225;0.0035522813
0.008626794;-0.0016842199;0.0028418251
-0.039192315;-0.0107223755;-0.01647654
-0.05791635;-0.008577901;-0.006931232
-0.015864331;-0.019362321;-0.011794985
-9.7271503E-4;-0.027989857;-0.0031859884
0.029690579;-0.006766885;0.0037012093
0.031564962;0.022711491;0.03421097
0.02915822;0.049419194;0.021118773
0.013170326;0.058285356;0.03564502
0.006630011;0.043503284;0.041016016
-0.0056334916;0.025427626;0.026562812
-0.012319293;0.004717102;-0.02874975
-4.804345E-4;0.013148681;-0.0042498
-0.0019468477;-0.011356055;0.01535016
-0.003901228;-0.009084844;-2.198721E-4
-0.016402233;-0.038517874;-0.025175897
-0.018590536;-0.0026893;-0.007640718
-0.007059929;-0.0021514401;0.0063874256
-0.009554193;-0.0017211521;0.01135994
-0.0037371044;0.007998078;0.009087952
-0.0014271835;-0.0029765374;-0.005229638
4.2075317E-4;-0.00863123;0.00831629
0.019867852;-0.010029984;0.006653032
0.034644283;0.0013510128;-9.2757476E-4
0.012871675;0.0042058104;0.02425794
-0.010796409;0.018989649;-0.0055936477
0.0046441224;-0.0035582813;-0.0044749184
0.011527798;-0.018471625;0.008920065
0.010784739;-0.0241523;-0.011613947
0.008627791;-0.01932184;-0.040541157
-0.0024727674;0.003292528;-0.026182927
-0.019165713;-4.9097766E-4;-0.027196342
-0.01923882;0.012107218;0.021992927
-0.003672307;0.034685776;0.011344342
0.0048746546;0.01837362;0.0028254732
-0.007819027;-0.025926104;-0.010239622
-0.023442721;-0.033240885;-0.008191697
-0.017191676;-0.026592707;-0.0065533575
0.0034341584;-0.027524166;0.019757314
0.016028577;-0.025144333;-0.02794415
0.015166611;-0.007615466;-0.016105318
0.0097895395;0.012657627;-3.842553E-4
0.0023628813;0.007001102;-0.019057404
0.009702805;0.02122588;0.041004077
0.011668494;0.023230705;0.02030326
-4.020477E-5;0.012334564;0.016242608
-0.011750914;-0.015132349;-0.024505913
-0.005494481;-0.02460588;-0.01335473
0.0034169152;-0.0321847;-0.029433785
0.012108532;-0.019497763;-0.011047027
-0.011406925;-0.02184821;0.003662378
-0.0052192896;0.016896432;-0.0033200975
0.014574569;0.016642146;0.003593922
-0.007090345;0.016438717;0.015375137
-0.017391026;-0.0024740268;-1.9988992E-4
-0.004537821;-0.011354221;0.0060900883
-0.0036302567;2.9162283E-4;-0.0076279296
0.035377044;-0.009141701;-0.012352344
0.017364135;-0.0041883616;0.0026181252
0.0037350585;-0.012725689;0.0083445
-0.014199453;-0.013305551;0.0129256
-0.016828312;-0.007519441;0.01659048
-0.01190015;0.015859447;7.7238405E-4
0.00219863;0.022062557;0.006867907
-0.002147346;0.017650045;-0.013255674
6.2587316E-4;0.032870036;-0.02310454
-0.0073118014;0.0044210297;2.663685E-4
0.001963059;0.0066618235;0.018963095
0.005476697;0.002204459;0.027670477
0.0059438576;0.0142635675;0.02213638
0.012567586;0.0051608537;0.030209105
6.790689E-4;0.035378683;0.0054172836
-0.009612995;0.047052946;0.016833827
-0.022534145;0.034517355;-0.017782938
-0.010214817;0.0057388856;-0.03297635
-0.019890603;-0.023533892;-0.0076310807
-0.0041937325;-0.040702112;1.451355E-4
0.040395014;-0.02631169;-0.0061338916
0.03231601;0.0039506475;0.0013428867
0.008665309;0.046910517;0.0073243096
-0.012599003;0.050028414;0.018359447
-0.019454202;0.06502273;0.020937558
0.009436638;0.005143185;0.029250046
0.0091118105;-0.033385452;-0.0015999628
0.0018206984;-0.02670836;-0.02002997
-0.015730942;-0.02136669;-0.028523976
-0.046959754;-0.045218352;-0.022819182
-0.025849052;-0.02679968;-0.030755345
-0.015210492;-0.043314744;-0.005854276
0.023769107;-0.06590179;-0.0046834205
0.033077784;-0.030846437;0.021253264
0.016305977;0.009697851;0.004502611
0.0075760325;0.039008282;0.022352088
-0.001751674;0.031206625;0.011631671
-0.0014013392;0.0249653;-0.015694663
0.014503929;-0.0019027604;-0.02505573
-0.004021857;-0.017147208;-0.0075445846
-0.029779986;-0.029342767;-0.024785668
-0.019917738;-0.051599212;-0.032328535
0.009065809;-0.04127937;-0.007112827
0.028346397;-0.029898496;0.019309739
0.018770868;0.0073312027;-0.0033022095
0.020485444;0.024614962;0.016108232
-7.9914456E-4;0.02281697;0.012886586
-0.016264316;0.015128576;0.0040592686
-0.027855203;-0.0035221393;-0.015502585
-0.014471662;-0.0028177116;-0.012402068
-0.013921079;-0.024129169;-0.034921654
-0.020511864;-0.056803335;-0.021687323
-0.007034491;-0.03919267;-0.01734986
0.0021849072;-0.028229134;-0.013879887
0.024404176;-7.083077E-4;0.0013960904
0.010148341;0.033808354;0.0073668724
0.021399923;0.048921682;0.0058934977
0.019463688;0.026637346;0.010964798
-0.007866549;0.033809878;0.021271838
0.0069880104;0.005172902;0.01701747
0.004027908;0.010388321;0.026113976
-0.017871423;0.020810656;0.0021411814
-0.022109639;-0.0021014742;-0.017037055
-0.007531461;-0.02668118;-0.013629644
-0.012275169;-0.021344943;0.0015962849
0.007367365;-0.017075954;-0.011222973
0.023081392;-0.019910764;0.016021622
0.022371363;-0.0096786115;0.019067299
0.0085220905;0.0110071115;0.021503838
-0.0025573273;0.04318069;-0.0015469294
0.0018603882;0.025169551;0.0050124563
-0.012574189;0.007635641;-0.008490034
-0.010059352;-0.009516487;0.011957972
-0.011172481;-0.00761319;-0.009183622
0.004343265;-0.031090552;-0.0385969
-0.004337888;-0.049872443;-0.04337752
4.3593958E-4;-0.046147954;-0.015952015
0.015192501;-0.015043363;-2.6161168E-4
0.0027790014;0.01296531;0.02479071
-0.005589299;0.038497247;-0.011417432
0.011153561;0.043297797;0.015866054
0.016735349;0.053388238;0.037692845
0.02120078;0.04271059;0.042654276
0.002898123;0.040418472;0.01537342
-0.012525251;-0.0051652216;0.006048736
9.1729884E-4;-0.029132178;0.01733899
7.3383906E-4;-0.007680742;0.02637119
-0.018162929;-0.0030195937;-0.016403047
-0.006717843;-0.005540675;-0.031872436
-0.011624275;-0.02318254;-0.0067479503
0.0063255806;-0.024796031;-0.01164836
0.0144354645;-0.010461826;0.021931311
-0.0056391284;0.01038054;0.011295049
-0.013886303;0.03642943;-0.009713961
-0.009546543;0.013518546;-0.014021168
0.004081516;-0.0016851637;0.0012830653
0.001702713;-0.020098131;-0.011473548
0.0013621703;-0.016078506;-0.009178838
-0.023910264;-0.031612802;-0.03234307
-0.01912821;-0.05029024;-0.032124456
-0.036396317;-0.030857194;-0.019449566
-0.006460805;-0.012185755;0.003190348
0.014362606;-0.019123605;0.008802278
0.016958835;0.009701116;0.0070418227
0.019035818;0.04526089;-0.013116542
0.034759905;0.039333716;-0.0042432337
0.037182923;0.012716971;0.015355413
0.012558838;-0.011701423;0.0060343305
-0.025890429;0.0031388619;0.011077465
-0.053524844;0.0025110894;-0.0036380284
-0.025632374;-0.0073661283;-0.0029104229
0.012306601;0.009732097;-0.014828338
0.02703278;0.020285677;0.0068873293
5.324742E-4;-0.018146457;-7.401364E-4
-0.008949021;-0.033267166;-0.013092109
-0.0055967164;-0.039113734;0.0020263128
-0.0029148732;-0.018790986;0.00787105
0.02501185;-0.002532789;0.00629684
0.02000948;0.022973768;-0.0012125279
0.004288835;0.034004014;-0.0072200224
0.003431068;0.030328212;0.019223982
-0.0011613957;-0.01011243;0.009129186
0.014695884;-0.017464945;0.0010533485
-0.009337043;-0.029596955;8.426788E-4
-0.023094635;-0.033052564;-0.024325857
-0.03331946;-0.032692052;-0.038210686
-0.044624317;-0.04490364;-0.024318548
0.010394298;-0.0109229125;-7.048387E-4
0.023940438;0.01938667;0.030686129
0.02696485;0.037384335;0.030798903
0.04032188;0.04865747;0.0058891224
0.009601254;0.054550976;0.017211298
-0.007943997;0.02489078;0.0075190384
-0.007917698;-0.023837376;0.006015231
0.0014783421;-0.050319903;-0.0076878155
-0.005067326;-0.024630921;-0.018650252
-0.011866361;-0.010329736;-0.014920202
-0.012618089;0.0011112108;-0.0056861616
-0.03900072;0.019638969;0.007951071
-0.014013077;0.031336173;0.012610856
0.009883288;0.04694394;-0.0149113145
-0.0038121191;0.05318015;-0.005679052
-0.014768445;0.020669121;0.014206759
0.017091494;0.007160297;0.030115407
0.048048194;0.0026032378;0.042842325
0.055626057;-0.0041674096;-0.01572614
7.508448E-4;-0.0033339278;-0.031330913
-0.020493073;-0.015167142;-6.472934E-5
-0.020300709;-0.034008715;0.018698217
0.045478184;-0.017831972;0.052458573
0.060601298;0.026359424;0.016966859
0.012543537;0.030462539;0.019823486
-0.05715267;-0.010004969;-0.03414121
-0.09337839;-0.061128974;-0.05231297
-0.03876521;-0.06452818;-0.029350374
0.017425332;-0.06724755;-0.0297303
0.017065266;-0.035048034;-0.01128424
-0.022285286;0.0032115716;0.015972609
-0.07329698;0.055694256;2.7808652E-4
-0.060981333;0.0758054;0.0064724693
-0.002691317;0.079394326;0.005177975
0.061128195;0.07914046;0.01664238
0.09109006;0.10706237;0.013313904
0.08224705;0.1543999;0.060651124
0.060328886;-0.010855084;0.0672709
0.004513109;-0.15868407;0.01631672
-0.034670763;-0.09882225;-0.049446624
-0.02773661;-0.0665578;-0.0333073
-0.007345538;-0.04074624;-0.03289584
-0.017595181;-0.013846994;-0.03256667
-0.027357394;-0.029827595;0.011446662
-0.0062609157;-0.011362076;0.00915733
-0.0050087324;0.02841034;0.001075864
0.009274264;0.03835327;-0.011639309
-0.015236839;0.061932616;0.009438553
0.0026542791;0.027671093;0.013800843
5.609232E-4;-0.0091131255;0.011040674
0.0059174886;-0.0010405001;0.015082539
0.008640241;-8.324001E-4;-0.01918397
0.008474693;-0.02566592;-0.009097175
0.006779754;-0.051782735;-0.00727774
-0.0055136965;-0.06955119;-0.030822191
-0.012223457;-0.04001595;-0.0059077535
-0.005872516;-0.010137761;0.0015237972
-0.0031355128;0.023139792;0.0012190377
-0.00407091;0.040386833;0.01347523
-0.018881729;0.041684467;0.029530184
-0.022917882;0.067722574;0.023624148
-0.010521806;0.05730306;0.0063993176
0.008770055;0.06771745;0.005119454
0.017172294;0.038548958;-0.0084044365
0.0035815854;-0.016035834;-0.006723549
0.018490268;-0.028453667;0.0071211606
0.014792214;-0.022762934;0.0056969286
0.007927522;-0.015085347;0.004557543
0.019623267;-0.0026932776;0.009896034
0.010229864;0.044720378;0.007916828
-0.0090036085;0.042026304;0.03133346
-0.022827888;0.036746044;0.0063167694
-0.0010748097;0.035646833;0.036303416
0.0030464022;0.012892467;0.022792732
-0.012406629;9.3897345E-4;-0.006765814
-0.025550302;-0.008623822;8.373488E-4
6.5350794E-4;-0.028774057;-0.01808012
0.017710306;-0.035519246;-0.014464097
-0.006925505;-0.022165397;9.2872255E-4
0.015553346;-0.008357317;-0.005507022
-8.3857315E-4;0.012064146;0.0080943825
0.0032353916;2.76317E-4;0.018975506
0.021338314;0.0033460537;0.008930405
0.011601901;0.002676843;-0.005355676
0.0069377706;-9.835256E-4;-0.004284541
0.0039877165;-0.0039118207;-0.0034276329
-0.019466076;0.0031205437;0.0035078938
-0.02338536;0.018121434;-0.015943686
0.0039479607;-0.0011278521;-0.006504948
0.010970868;0.011597718;-0.017703958
0.004870445;-0.0032218255;-0.026663167
-0.014853644;-0.04320246;0.0036694666
-0.0048516653;-0.015811969;0.015435574
-0.0054438324;-1.4957458E-4;-0.025151541
0.008926184;-0.02511966;-0.001371233
-0.0084840525;-0.0075957277;-0.0010969865
-0.027880993;0.003298418;-0.007127589
-0.022304794;0.005763734;-0.0057020714
1.2491507E-4;0.0046109874;0.007938343
0.018849932;0.0099387895;1.0067434E-4
0.040079944;-0.007673968;8.0539474E-5
0.020345207;-0.021764174;0.018814432
0.0029949152;-0.01741134;-0.009948455
-0.009322817;-0.03580407;-0.014208764
0.004260496;-0.019268258;-0.0051170113
0.012783397;0.018960394;0.014656391
-0.014773283;0.030793315;0.011725113
-0.007912376;0.024634652;0.00938009
0.009295099;0.010332722;0.020004073
-0.0136576705;0.014516178;0.0035032579
-0.0015511366;0.002237942;-0.022197394
-0.03014716;-0.016959647;-0.036507916
-0.050680228;-0.032317717;-0.004206332
-0.036637932;-0.038354173;-0.0033650657
-0.019935345;-0.01818334;0.0035579475
0.043426722;0.013578329;0.015346358
0.08317888;0.035862662;0.018527087
0.047011852;0.05994013;0.008571669
-0.0022342675;0.047952104;6.073353E-4
-0.011943664;0.013361683;0.0067358683
-0.03221118;0.010689347;-0.0071113054
-0.010143945;-0.025823522;-0.011939044
0.005166094;-0.033158816;-0.028301235
-0.015398375;-0.035902053;-0.022640988
-0.0045061996;-0.041221645;-0.0056127906
0.02139504;-0.017352315;-0.016990233
0.03430353;0.017368149;0.023907814
0.014161576;0.048269518;0.012876251
0.00898551;0.044865616;0.047801
-0.0021865915;0.048392493;0.0444908
0.0037194768;0.035588995;0.016842641
-0.011868169;0.028471194;-0.0052758874
-0.025119536;0.013401955;0.01452929
-0.008376878;-0.0049034352;-0.019626567
-0.0012327523;-0.03829775;-0.028201254
-0.010361202;-0.0587632;-0.0038110036
0.0010860385;-0.037635557;-0.021798803
8.6883083E-4;-0.020733448;0.0075609577
0.008507565;-0.007211758;0.0122987665
-0.008818949;0.016105594;0.003589013
-0.020336408;0.041009475;0.0028712105
-0.021737877;0.04843258;0.021046968
-0.017390301;0.038746063;0.016837575
-6.3099124E-4;-2.5314876E-4;9.700597E-4
0.0018389571;-0.003327519;-0.0054739523
0.016314916;-0.018287016;-0.0043791616
-0.0017918175;-0.014629612;-0.01600333
1.2904599E-4;-0.021078689;-0.044052664
-0.0038030131;-0.051237952;-0.010242131
0.01961384;-0.034740362;0.016806295
0.027409822;3.3271086E-4;9.4503624E-4
0.020365357;0.022141168;0.03200603
0.010042286;0.014587935;0.013104823
-0.022434922;0.021045348;-0.008266142
-0.036697935;0.03871128;-3.6291315E-4
0.0089229;0.018469023;0.01220967
0.01651332;0.008525218;0.0035177355
0.024929406;0.016195174;-0.0034358115
0.019943524;-0.0026688604;0.0035013508
-0.01842018;-0.024010088;0.0028010807
-0.009267394;-0.044208072;-0.022759136
-0.016788915;-0.022866456;-0.024457308
-0.017337382;0.006706835;0.011684153
0.0033175943;0.0053654676;0.009347322
-0.009064674;0.016792374;0.0012278581
-0.0033454897;0.0228089;0.0072322865
0.0027923582;0.0026221196;-4.6417082E-4
0.012390137;-0.016652305;0.005878663
-0.007275391;-0.0039468436;-0.02029707
0.0051171873;-0.018782474;-0.009987655
-0.0013750001;-0.02127598;0.010759875
-0.01281875;0.0017292161;0.0023579006
0.014745;0.017008374;-0.029363679
0.02507725;-0.011393302;-0.010990944
0.0200618;-0.0059896414;-0.015042755
-0.00895056;-0.007916713;-0.012034204
-0.012629198;-0.01883337;0.009122637
-0.019478358;0.0036833037;0.01354811
-0.040582687;-0.012678357;0.010838487
-0.0019973994;0.0148573145;-0.0038292098
0.0140270805;0.011885852;0.021936633
0.020596664;0.012633681;-0.0012006944
0.0086648315;0.006981945;-0.013460555
0.006931865;-0.003789444;-0.010768444
-0.0061732577;9.344476E-5;-0.008614755
-0.0025948563;-0.009300244;-6.418044E-4
-0.013794635;-0.023065194;-0.013013444
0.004589292;-0.0028271563;-0.004160755
0.0052339337;0.016488275;0.027921395
0.0041871467;0.01631562;0.022337116
0.028349718;0.006802496;0.030369693
0.013304774;0.008566997;-7.042452E-4
-0.03154368;0.025603598;-0.013063396
-0.036953695;0.026732879;0.008299283
-0.004562956;0.012011303;0.012889426
0.021349635;2.3404189E-4;0.004061541
0.02098596;1.8723351E-4;0.009499233
0.022257516;1.497868E-4;-0.011150613
-0.0032877366;-0.0061301705;0.003579509
-0.008098939;-0.0017791365;-0.028386394
-0.015854152;-0.0045483094;-0.003959114
-0.012683321;-0.0067636473;-0.015667291
-0.039052907;-0.017910918;-0.006283833
0.020320175;-0.008078734;0.019972933
0.04516239;-2.1298743E-4;0.015978348
0.033786163;0.0029546102;0.0065326774
0.019997679;0.017988687;-0.007273858
-0.0050956067;0.02376595;4.3091358E-4
-0.042357735;-0.0059872395;0.012844731
-0.020604938;-0.014164791;-0.008474215
-0.022733951;0.0042931666;0.005720628
-0.01193716;-0.0059404667;0.010826502
-0.005643478;0.017122626;-0.0038387983
-0.0029522828;0.010573101;0.0031789613
0.0031069238;0.008458481;0.015043169
0.01654804;0.013016785;0.0057845353
0.0030821813;0.022913428;-0.0016223717
0.008715745;-4.192577E-4;-0.0012978974
0.017910097;-0.034710407;-0.007288318
0.0143280765;-0.037143324;4.1934566E-4
-0.0033812886;-0.02033966;3.3547654E-4
-0.01989253;-0.025646728;-0.01848162
-0.018257774;-0.014267382;-0.002285295
0.010393781;0.029211095;-0.020578235
0.012221274;0.020243876;0.008537411
0.011339519;0.0130701;0.01932993
-0.0057721343;0.01983108;0.0029639432
0.010226042;0.022114864;0.014871155
0.023805834;-0.0073081087;-0.013103076
-0.002049083;-0.015221487;-0.004232461
-0.0055455165;-0.02155219;0.0028640311
-0.017717663;-0.020366753;0.002291225
-0.02589288;0.008706599;-0.01066702
-0.008995554;0.019465279;0.003966384
0.012334807;0.034322225;0.015673107
0.012992845;0.024332779;0.012538486
-0.008355724;0.025716223;0.010030788
-0.012153329;-0.004427022;0.0017746309
0.0035585868;-0.009791617;0.0014197046
0.01769062;-0.026583293;0.0011357637
0.016496245;-0.036891636;-0.005341389
0.013196996;-0.03576331;-0.04177311
-0.010536153;-0.0067356466;-0.020918489
-0.025616422;8.614828E-4;-0.0042347913
-0.022836888;0.0100641865;0.027862167
0.0012617398;0.03305135;0.016039733
0.014290642;0.020191079;0.019081786
0.011432514;0.009902864;0.027765429
0.0091460105;0.01729729;-0.009037657
0.011223058;0.0013378325;-0.013480125
-0.012115303;-0.020804733;0.0017158999
-0.017504742;-0.016643787;-0.01112728
-0.023378793;0.0023099703;-0.021401824
-0.021046786;-0.032527022;-0.010871459
0.014412572;0.011478381;-0.008697167
-0.0017511925;0.027932705;0.011792266
0.004067796;0.044221163;0.015683813
0.0071604867;0.051001932;4.7050296E-5
0.022915889;0.0126765445;0.018787641
0.03552021;-0.005483764;0.0025301122
-4.9008074E-4;0.0018629887;-0.01047591
-0.013673315;0.004615391;-0.0021307282
-0.014844902;0.028692313;0.0045454176
-0.009532171;0.00732885;0.028636334
-0.011531987;-0.07226192;0.0041590673
-0.00766309;-0.048434537;-0.021672746
0.007150778;-0.029372629;-0.011088197
0.015095622;-0.0016231029;-0.0151205575
0.015982749;0.011201518;-0.005846446
-0.011432552;0.005836214;0.0015728432
-0.02086479;-0.014081028;0.0012582745
-0.011223083;-0.008139823;-0.0052433806
0.0144590335;-0.012761858;-0.010444704
0.013129727;0.005415513;-0.008355764
-0.0027774684;-0.008167589;-4.3461076E-4
-0.013940725;-0.028409071;0.018402312
-0.00490258;-0.022727257;0.002221849
0.0132654365;0.0036931944;-0.010722521
0.013737349;0.034204554;0.028921984
0.010989879;0.039863646;0.010637587
0.012698153;0.010015915;-0.010239931
0.008596023;-0.023237268;-0.033191945
-0.022029432;-0.031089814;-0.020303555
-0.051998544;-0.02487185;-0.0037428446
-0.054880086;-0.02302248;-0.015494276
-0.05327907;-0.005917985;-0.01239542
-4.357553E-4;-0.017234389;0.0025836637
0.051213894;-0.02316251;0.002066931
0.07925237;-0.0029050082;0.014153545
0.08840189;0.025800994;0.011322835
0.047284015;0.023765795;0.02780827
-0.0059227883;0.012762636;0.003496615
-0.03520698;0.04771011;0.009047292
-0.057071835;0.031918086;-0.0052621663
-0.020657467;0.03803447;-0.010459733
0.004567776;-0.0039474242;0.0041322135
0.020841721;-0.03753294;-0.0029442292
0.024485877;-0.023776352;-0.008605383
0.009432451;0.0059789186;-0.025634307
-0.001829039;0.051658135;-0.014257445
-0.030369481;-0.005548492;0.007344044
-0.053201836;-0.06381379;-0.006624765
-0.083967716;-0.06355104;-0.04279981
-0.036705423;-0.044590827;-0.015489849
0.02063566;-0.013797662;1.081203E-4
0.05635228;-0.00478813;0.012586496
0.06617557;0.0086694965;0.003819197
0.056846708;-0.0055644033;0.009305358
0.008758617;0.023673477;0.038694285
-0.017993107;0.018938782;0.012205428
-0.014394485;0.015151026;0.0097643435
-0.022453088;0.0027458204;-0.017188525
-7.749707E-4;0.0053216564;-0.0012508205
-0.021713726;-0.017617675;-0.013500656
-0.009558481;0.0015308601;-0.017050525
0.009540715;0.004349688;-0.01989042
0.014663822;0.0034797504;-0.009662336
7.935576E-4;-0.0253412;0.011020131
-0.008740154;-0.020272959;-0.003683895
-0.014804623;-0.022468368;0.003302884
0.0014375515;7.753058E-4;-0.003607693
0.014431291;-0.0025047553;-0.021636155
0.036545034;0.016746195;0.026441077
0.012048527;0.029021956;0.021152861
-0.003642429;-0.0017824348;0.010672289
-0.018538943;-0.0014259478;-0.02271217
-0.018737404;0.014484242;0.019330265
6.350764E-4;0.0053373934;-0.022035789
-0.005741939;-0.011355085;-0.03012863
-0.002249801;-0.0028340681;-0.0053529046
0.006012659;-0.036642253;-0.010532323
-0.0014398727;-0.013688804;0.010324141
-0.0066206483;0.023423957;-0.004240687
0.0025159814;0.021864166;0.00910745
-0.004237215;0.014366332;0.03228596
-0.004952272;-0.013506934;0.019578768
0.0015069325;-0.026430547;-0.015586985
0.005111796;-0.027394438;-0.012469589
0.015808187;-0.03441555;-0.009975671
-0.02016595;-0.03378244;-0.007980537
-5.0776044E-4;-0.03327595;0.012365571
0.016781291;0.014004238;-0.008857544
-0.0037624666;0.03932839;0.0054139653
0.0048025264;0.022087712;0.010581172
0.0014982714;-0.00107983;0.0022149377
-0.002707633;0.024136135;0.02677195
-0.0060723564;0.013058909;-0.00983244
-0.011889135;-0.002052873;-0.014115952
-0.0056050583;-0.004767298;-0.030042762
-0.016202796;-0.016313838;0.007215791
0.012037762;-0.019301072;0.0057726325
0.01119271;-0.0060658567;0.004618106
0.024579167;0.0076473146;-0.008805515
0.013413334;-0.01575715;-0.007044412
-0.010363082;-0.0032307187;0.01311447
-0.011415466;0.038040426;0.010491576
-0.0036636228;0.02730734;0.008393261
0.019725353;0.018720873;0.006714609
0.0048427815;0.021226699;-8.78313E-4
-0.017219525;0.016981358;-0.0132026505
-0.01377562;-0.014539913;-0.01056212
-0.011020496;-0.02100693;0.0040503037
-0.008816397;-0.0074305446;0.009490243
0.010134382;-0.009069435;0.020092195
0.008107506;0.0021194515;-0.015176244
-0.0013264951;-0.0014294388;-0.030890996
-0.0010611961;0.0019814488;-0.012212796
0.012432293;-0.02028984;0.008979763
0.0060395845;-0.025606873;0.01968381
-0.0068870825;-0.011110499;0.0032470482
-0.0055096657;0.019236602;0.015097639
0.0034047673;0.018514281;-0.006671889
-0.0011824362;-0.016438575;-0.011587512
-0.006414699;-0.04440086;-0.009270009
0.0026807408;-0.026145687;-0.013666008
-0.0041054073;0.0040834495;-0.023432806
-0.0048468257;0.00951676;-0.012496245
0.009403789;0.020113409;0.015003004
-0.0018519686;-0.0151592735;-4.975966E-4
8.092516E-5;3.7258095E-4;-3.9807725E-4
-0.01477901;-0.012201935;0.005931538
0.013176792;-0.009761549;-0.0015047694
-0.0035210664;0.010940761;-0.0012038156
0.0112456465;0.00875261;-9.6305244E-4
0.019934017;7.5208733E-4;-7.7044195E-4
-0.0012402859;0.01622667;-6.163536E-4
0.0029140213;0.012981336;0.012006917
-0.0015750331;0.0010100687;0.015855534
-0.009072526;0.003933055;1.8442697E-4
-0.003351771;-0.003103556;-0.024852458
0.009037334;-0.008732845;-0.013631967
-5.8263354E-4;-0.006986276;0.014094426
-0.011403607;-0.014964021;0.0050255414
-0.0036541354;5.287835E-4;0.004020433
-0.0068295584;0.006673027;-0.009283653
-0.0015573967;-9.115786E-4;0.005073077
0.0042228326;-0.0038542629;-0.0021915382
0.005722016;-0.0030834102;0.01699677
0.004577613;-0.0024667282;-0.0051525845
-0.0025879096;0.0042766174;0.0021279324
0.008085922;0.006546294;-0.023297654
0.023656238;0.005237035;-0.006138123
-0.0060750097;-0.011435372;0.013839501
-0.022047509;-0.012273298;0.011071601
-0.009825506;-4.43638E-4;0.008857281
-0.006297905;0.01527009;8.358247E-4
0.006680426;0.012216072;0.01316866
0.006906841;-0.0027271428;-0.008215073
0.007869222;0.0040682857;-0.025322057
-0.009329622;-0.012370371;-0.007757646
-0.009026198;-0.009896297;4.388304E-5
0.007622792;0.020207962;0.0062851063
0.0045357337;0.02554137;-0.0012219149
0.013003587;0.023558095;-0.007227532
0.0010278695;-0.0061535235;0.025467975
-0.020271454;-0.008047818;-0.0046256203
-0.0068421634;-0.022063255;-0.0037004964
0.0039012693;-0.0145256035;-0.0029603972
0.0031210154;-0.0053704833;-0.021118317
-0.008440687;-0.0011713865;0.020605346
0.0026224498;0.008437891;0.028984277
0.0020979599;0.025500312;-0.0018125786
0.018865868;0.03290025;0.011049937
0.011186444;-0.0018047999;-0.0036600502
-0.0043320945;-0.03269384;-0.01542804
-0.009715675;-0.026155071;-0.024842432
-0.021053791;0.0072009424;-0.007373946
-0.014499282;-0.006739246;0.012850843
0.0032443241;-0.005391397;0.0040306747
0.004939209;0.023811882;-0.009275461
-0.028861133;0.006549506;0.0050796317
-0.003557656;0.002114605;0.022813706
0.010435125;0.014191684;0.018250965
0.0177231;0.001978347;-0.02289923
0.02355348;0.0047076778;-0.018319383
0.009467784;0.013141142;-0.0021555063
0.011480478;0.0073879138;0.010775595
-0.004096868;-0.015964668;0.033620477
0.011566255;-0.031521734;0.02689638
0.019409254;-0.006467388;-0.034732897
-0.018847596;0.02920109;-0.021536317
-2.343272E-4;0.0108608715;0.007770947
0.0037187883;-0.013186303;0.0062167575
-0.0063999696;-0.029299043;-0.020026594
-0.0074637257;-0.017189234;0.0089787245
-0.019252231;0.011248613;0.01343298
-0.013058035;0.00899889;0.016996384
0.0043973224;0.016574113;-0.017652893
-0.004294642;0.0038842899;0.010877686
0.0043767863;0.0031074318;0.008702149
-0.013686071;0.027485946;-0.005538281
-0.014855106;0.009488757;-0.004430625
-0.0040715854;-0.004908995;0.0027055
0.012367732;-0.0070521957;0.0021644
0.034894187;-0.027516756;-0.00451848
0.017759098;-0.031388406;0.002635216
0.0032697786;0.012389275;0.0021081727
-0.005196677;0.05053642;0.007936538
-0.0041573416;0.049804136;0.0063492307
-0.012700873;0.02421831;-0.0074206153
-0.0164107;0.009999648;0.025313508
-0.009222309;-0.010750283;0.014000806
0.012153403;7.747743E-4;-0.020049356
-0.004339778;-0.0056301807;-0.016039483
-0.0034718222;-0.029504145;-0.031581588
-0.0059024575;-0.007978315;-0.025265269
0.012465534;-0.012632652;0.023537785
0.009972427;-0.010106122;0.018830227
0.0017279417;-0.008084898;0.015064182
0.013101104;0.021657081;0.0058013457
0.0026683826;0.020450665;-0.0016089237
-0.011146544;0.010110533;-0.007537139
-0.0050109853;0.008088426;2.2028889E-4
0.013178712;-0.02165426;0.012676232
0.01210547;-0.03294841;0.010140985
-0.009065624;0.008016274;-0.010637213
-0.0056899996;0.0064130193;-0.0022597697
-0.01002075;0.0051304153;-0.008057816
0.00526465;0.010354333;-0.012696252
0.01749297;0.014533466;0.008592998
0.006181876;0.0022517727;0.019374399
-0.004429499;0.0111764185;0.009249519
-0.009012349;-0.0035588655;-0.0051003853
-0.0017411294;-0.021597093;0.008419692
-0.009205404;-0.014152674;-0.0057642465
-0.018301822;0.01680286;0.0016386028
0.0064522917;-0.011557711;0.013810882
0.0028180834;-0.002996169;-0.026451293
-0.0016517832;0.019478064;-0.014911035
0.029928572;0.024957452;0.031821173
0.016130358;0.013715961;0.031706937
-0.016001962;0.007847769;-0.00588445
-0.022176571;0.0062782154;0.0015424399
-0.013835006;0.011272572;-0.011266048
0.010025745;0.012143058;0.0034871616
0.008020596;-0.012160554;0.02153973
0.007978977;-0.03472844;0.010981783
-0.026429318;-0.034032755;-0.0037145733
-0.0109872045;8.987965E-4;-0.02172166
0.027147736;0.006969037;-0.004877327
0.03343694;0.01495023;0.0023481385
0.0072183013;0.015085184;0.008128511
-0.02469411;0.018318146;-0.018497191
-0.03147404;0.014654517;0.003952247
-0.01346048;0.0085986145;0.0031617975
0.010325366;-0.011871109;-0.009970562
-0.003458457;-0.012621887;0.0045235506
0.0034832344;-0.01947251;-0.0026311597
-0.012838412;-0.0030780076;-0.0021049278
-0.01027073;-0.0024624062;0.0045660576
-0.004310334;-0.017594924;-0.021347154
0.0121767325;0.00779906;-0.017077724
0.020678887;0.012489248;-0.0011621783
0.007168109;0.013116399;0.017820258
-0.005984263;0.0042431187;-0.010743794
-0.01181866;-0.009105505;0.028904965
-0.0024236783;-0.001034404;-0.008126028
0.021498557;0.0085474765;0.005999177
0.032042596;0.013087981;0.004799342
0.0045403265;0.004220385;0.010089474
-0.0057427385;-0.002873692;0.0018215788
-0.012406691;-0.0022989535;0.007707263
-0.015394103;0.0012858371;-0.0063341893
-0.020127783;-0.00834633;-0.023817351
-0.020008476;0.0026979358;-0.019053882
-0.01366303;0.014658349;-0.021493105
-0.0015554244;0.0054766787;0.007805516
0.0042244103;-0.008118656;-5.5872338E-6
0.013535778;0.0060050744;0.00624553
0.008484873;-0.0076959403;0.036246423
-0.015868353;-0.012406752;0.003997139
0.0060553183;-0.003675402;-0.009302288
0.024375504;-0.0029403216;-0.007441831
-0.0015933461;0.022647742;-0.0059534647
-0.014555927;0.018118193;0.013987228
0.014917758;0.008244555;-0.0013102174
0.013496707;0.006595644;0.005201826
0.014703616;0.0146515155;0.022911461
0.019575393;0.014846212;0.0058291685
-0.006995936;-0.01312303;-0.001586665
-0.022784248;-0.022998424;-0.020019332
-0.03150865;-0.009023739;0.0027345344
-0.0064569195;-0.0072189914;0.008437628
0.0042094644;-0.018275194;0.006750102
0.022898821;0.010379845;-0.019599918
0.015975308;0.017678875;0.0030700653
0.003405246;0.0016431011;-0.0037939479
-0.0011820534;0.004439481;0.009464841
-0.0048518926;-0.012073415;-0.0049281265
-0.009350264;-0.0034087321;-0.010192501
-0.007480211;3.980142E-4;0.010595999
-0.002077919;3.1841136E-4;-0.0102732
-0.026662335;0.003379729;-0.014468561
-0.026798619;-4.212167E-4;0.013425152
0.010592355;0.009038026;-0.0017598788
0.035817634;-0.011519578;0.023592098
0.035685357;-0.015465663;0.0063736774
0.013704536;0.03762747;-0.001151058
-0.010130121;0.020726975;-0.013420846
-0.029197847;-0.0021684195;0.014263323
-0.0077332775;-0.011109736;-0.0010893417
0.008657128;-0.03388779;-0.0071214736
0.009269453;-0.023985231;-0.0056971787
-0.013678188;0.0026868153;0.007942257
-0.0070363004;0.014649453;-0.0061461944
-1.602904E-4;-0.010155438;0.013833044
0.0092467675;0.0012506495;0.011066436
0.011303664;0.0010005196;0.0026031486
0.0051366813;0.013300416;0.0020825188
-0.010734405;-0.0018596675;-0.004583985
-0.018743774;-0.007737734;0.015082812
-0.0017137692;-0.012440187;-4.3375036E-4
0.008785235;0.0025478504;-0.012847001
7.781877E-4;0.0051632803;-0.0102776
0.00687255;-0.008369376;-0.02697208
0.01252929;0.0026794993;0.015922336
0.008460932;0.0021435996;0.0064878687
-0.0010437543;0.01421488;0.005190295
-0.010210004;0.017621903;0.016652236
-0.040980503;0.007847523;0.007071789
-0.013253152;0.021903018;-0.006842569
-0.0027900217;-0.007477585;0.019525945
0.025892982;-0.024732068;-0.003129244
0.023058137;-0.010410654;-0.008753396
-0.0010847411;-0.030203523;-0.0070027164
0.006944707;-0.0116628185;-0.036852174
0.003993266;0.006294745;0.008018262
0.0047571124;0.008160796;0.01266461
-0.01103806;0.006528637;0.0038816875
-0.003361698;0.0145979095;-0.00314465
-0.0065956083;0.027303327;0.00373428
-0.013088986;0.021842662;-0.028262576
-0.0010961894;0.01434913;-0.0038600608
0.020216798;-0.0010206964;0.0094119515
0.022423439;-0.010191557;0.013779561
0.007782501;-0.014403245;0.004773649
-0.012523999;-0.0021475966;0.0038189192
-0.013925449;0.010781922;-0.015694864
-0.012702859;-7.4946176E-4;-0.0063058916
-0.024224788;-0.016224569;0.0012052866
-0.00375483;-0.009854656;-0.0052857706
-0.018628864;0.017116275;-0.0042286166
0.01790941;0.04494302;0.015367107
0.006515027;0.010954416;0.024793684
0.022399522;-0.016236467;0.019834949
0.03745087;-0.037989173;-0.015382041
0.010429444;-0.021016339;-0.012305633
0.022406055;0.04568693;-0.022344507
0.015581094;0.114674546;-0.005375605
-0.0047226246;0.047989633;0.051949516
-0.0647156;-0.105358295;0.010309612
-0.08458498;-0.12178663;-0.04800231
-0.055949233;-0.091179304;-0.032151848
0.006803113;-0.026068445;-0.013221478
0.060911242;0.013520244;-0.023077182
0.058103994;-0.026683806;-0.005961746
0.019920694;-0.030722044;-0.004769397
0.012030305;-0.015202635;-0.022565518
0.022905493;0.0128378915;-0.005552414
-0.0043318546;0.025895314;0.039308067
-0.003465484;0.02071625;0.031446453
-0.041053638;0.054073002;0.031407163
-0.02581166;0.0401334;1.2573123E-4
-0.006586828;0.01960672;1.0058498E-4
0.015824288;0.031310376;-0.006169532
0.0126594305;0.003173301;-0.017435625
0.017158793;-0.050586358;-0.0076985005
4.4578538E-4;-0.06859409;0.0063411994
-0.010580871;-0.03925027;-0.0074270405
0.019660303;-0.006400216;0.0065583675
0.010259492;0.026129827;-0.007253306
-0.0035111564;0.030278862;-0.0058026444
-0.017652676;0.0023480894;-0.0108921155
-0.02427839;0.017503472;0.010036307
-0.024891462;0.014002778;-0.016970955
0.008993081;0.008077222;-0.019826762
0.025944464;-0.015413223;-0.009611411
0.024661822;-0.002955578;0.0048108716
0.014260707;-0.011739463;0.016348697
-0.013591434;0.00935843;5.789578E-4
-0.020248147;-0.0018882559;4.6316622E-4
-0.0029172678;-0.026510606;-0.005879467
-0.014052564;-0.027458483;-0.0047035734
-0.029992051;-0.05009179;-0.003762859
-0.027899891;-0.01819843;-0.021760287
0.004242587;0.029191256;-0.0049082297
0.041675318;0.023353005;0.008573417
0.017715255;0.0061824042;0.013108733
-0.008484045;-0.010679076;-0.0020130137
0.0025877636;-0.011668261;0.010889589
-0.004961039;0.02816539;-0.010038328
0.0054061688;0.025657313;0.016969336
0.009793685;0.02365085;0.01357547
-0.010915052;0.01267068;-0.014139624
-0.014982042;-0.008613456;-0.0113117
-0.021360634;-0.022515764;0.0034506405
-0.0077135065;-0.014887611;-0.022239488
0.011016695;-0.02753509;-0.02404159
0.045532107;0.009221928;-0.006733272
0.034081936;0.010502542;0.013363383
0.017890548;0.0021520343;-0.0018092941
0.018218689;-0.020153373;-0.0014474354
0.020043701;0.012002302;0.030092051
0.00900371;0.03147684;0.017823642
-0.025609532;0.015806474;-0.004491087
-0.041581374;-0.01860482;-0.01609287
-0.04654635;-0.021133857;-0.019124296
-0.03723708;-0.026282085;-0.021549437
-0.008695914;-0.024150668;0.0077604507
0.02507452;-0.016195536;-4.163935E-5
0.010684615;-0.003581428;-0.0062833116
0.012453942;0.009634858;0.0012233509
5.8815355E-4;0.017082887;0.02597868
-0.0018732272;0.026166309;0.0020329445
0.010220168;0.0115580475;0.007876355
-0.010573865;0.021746438;-0.0061989157
-0.004552842;0.01114715;0.0012908676
-0.013798524;-0.00358228;0.0010326941
0.006148681;-0.0059908237;8.2615524E-4
0.016637694;-0.03291766;0.013160924
0.009403906;-0.035709128;0.0042787394
-0.022945626;-0.025442302;-0.027827008
-0.008981501;-0.0016038414;-0.016011607
-0.01109145;-0.0012830732;0.0059407144
0.01612684;0.04897354;0.017252572
0.016807722;0.036053833;0.026302056
0.007977428;0.022593066;0.014791646
1.3194198E-4;0.018074453;-0.006916683
0.004011804;0.017584562;0.0069666533
0.005553193;0.0015676501;-6.7667733E-4
5.363043E-4;0.00125412;-5.4134184E-4
-0.0034772065;-0.023996703;0.012066927
-0.0027817653;-0.041072365;0.009653541
-0.013944162;-0.0047328905;-0.017277166
0.01384467;0.0055886875;-0.013821733
-0.007674264;-0.01115405;0.0014426131
-0.010045661;-0.00267324;-0.0050959093
-0.0010052788;0.025986409;-0.010326727
-8.0422306E-4;0.017664127;0.022988617
-0.0037683784;0.0235063;0.024640894
0.023547797;0.02818004;0.019712716
0.012588237;0.031919032;0.0032701723
-0.0071169096;0.019285226;-0.016133862
-0.016631028;-0.006446819;-0.01915709
-0.011742323;-0.017657455;-0.0028256718
0.019512393;-0.014125965;0.016489463
0.024984913;-0.008175772;0.00694157
-0.001105819;-0.0034156172;-0.013196744
-0.015728405;0.012892506;0.020692606
