-0.011533367;0.005138456;0.0020987398
0.0017108062;0.0041107647;0.0016789918
0.006056145;-0.021711389;-0.017406806
-0.020155083;-0.01736911;-0.007675445
-0.005186567;-0.010770288;-0.0123903565
0.0114757465;-0.011741231;-0.003662285
-0.006444403;0.009357016;-0.009179828
-4.6802242E-4;0.013735612;-0.007343862
0.002750582;0.0047384896;3.749101E-4
0.010012966;0.022540791;0.019049928
0.0033228726;0.008657633;0.015239943
-0.003591702;0.0038011067;-3.0804603E-4
0.0111891385;-0.021959115;-0.006496437
0.0058263107;-0.051942293;-0.01769715
0.012473549;-0.041553833;-0.01415772
-0.008771162;0.0042569335;-0.011326176
-0.011704429;0.034655545;-0.0028109406
-0.0031135431;0.040224437;0.029001247
-0.010303334;0.04780455;0.023200998
0.008944833;0.03824364;0.031060798
0.027468367;0.005594912;0.012348639
0.015724692;-0.01427407;-0.0026210889
-0.040545247;-0.036419258;-0.027096871
-0.018373696;-0.047885407;-0.015427497
0.011863543;-0.013308324;0.012658003
0.025115835;0.0143533405;0.016376402
-0.011157333;0.011482673;-0.0056488784
-0.005800866;0.015436138;-0.010769103
-0.017140692;0.012348911;0.010134717
0.012849946;-0.0026208716;0.0143577745
9.0495654E-4;0.0104033025;-0.0010137806
-0.0039635347;-0.013552357;-8.110245E-4
0.023391671;-0.0045918864;-6.488196E-4
0.020275839;-0.013048509;0.011980944
0.009970671;-0.013563807;-0.009165244
0.023601536;0.0016489542;-0.013582196
-0.012368771;0.013819164;-0.0046157567
-0.022395017;0.03293033;0.0025573948
-0.033541013;0.029469265;-0.016704084
-0.037770312;0.014200412;0.0053867325
-0.011466249;-0.0073896707;0.023059387
-0.001360499;-0.0059117367;-0.01905249
-0.010463399;-0.010979389;-0.002741993
-0.008370719;0.0068414886;0.010306406
0.029240925;-7.768091E-4;-0.0042548752
0.04058024;0.011878553;-0.009653901
0.0012141917;0.012627842;0.0047768797
-0.019341147;7.2727376E-4;0.016321504
-0.024847917;0.013081819;0.013057203
-0.013628334;0.010465455;-0.0020542375
-0.007777667;-0.0041276356;0.01085661
0.0015903664;-0.028302109;0.008685288
-0.004977707;-0.0070166867;6.9823035E-4
-0.0055446657;0.0037616505;5.585843E-4
-0.0028732324;0.0030093205;-0.030803133
0.014888914;0.021157457;-0.005892506
0.018161131;0.032550965;0.026535995
0.003591405;0.041665774;0.021228796
0.009123124;0.033332616;0.023233037
0.0010484993;0.020416094;0.02483643
0.021151299;-0.0024171248;-0.0051308563
0.0075460393;0.0011913002;-0.022854686
0.02009933;-0.01779696;4.6625192E-4
-0.0089205345;-0.017362569;3.7300153E-4
-0.0024489278;-0.042015053;-0.0184516
-3.9664222E-4;-0.017987043;-0.014761279
-0.014379813;0.007485365;-0.011809023
-0.014628851;-0.0033867077;-0.0031972185
0.010171919;0.044165634;0.016192226
3.2503533E-4;0.032207508;0.01295378
-0.016927471;0.016391005;-0.008386976
-0.015104477;0.0037378045;-4.5958074E-4
4.164181E-4;-0.015759757;0.012132335
-0.010604366;-0.015732804;0.009705869
0.010266508;-0.012586244;0.020264694
-0.007411794;-0.019443994;-0.0025382442
0.015945565;0.009444804;0.0042194044
-0.002868548;0.004430843;-0.015374476
-0.0022948384;-0.012080326;-0.024799582
0.013789129;0.01846074;0.017660335
0.012593803;0.014768592;0.007878268
7.000427E-4;0.021189874;0.012552614
0.006810034;0.004451899;-0.008707908
-0.0070519727;0.016061518;-0.006966327
0.025608422;0.012849215;0.0131769385
0.023611737;-0.014720628;-0.0019584491
-0.01079811;-0.027401503;0.01718324
-0.013325988;-0.040671203;-0.0050034076
0.0034017095;-0.0044119614;-0.022752726
0.010533867;-0.0035295691;5.4781925E-4
-0.007197906;0.009676345;-0.012061745
-0.015133325;0.017116075;-0.0033993956
0.00820584;0.03244286;0.009780483
-0.012185328;0.013454288;0.0015743867
-0.011310762;-0.0017365692;-0.011240491
-0.02311111;-0.013889255;0.0035076076
0.011198612;-0.023611404;-0.015943915
0.02614639;-0.0032641233;-2.551312E-4
0.011542112;-0.015111298;0.018545896
-0.0048288107;-0.012089039;-0.010163284
-0.01792555;0.012203769;0.004369373
0.015347062;-0.008986985;-0.0027545018
-0.004909851;-0.007189588;-0.008453601
-0.021115381;0.0129983295;-0.0067628813
-0.009079805;-0.0021013364;0.019589694
0.011486156;-0.004806069;0.015671756
0.001376425;-0.022594856;0.012537405
-0.0020238599;-0.005575884;-0.014970076
-0.007869088;-0.013835708;-0.01197606
0.017142229;-0.014193566;-0.009580849
0.0074637835;-0.008229853;-0.007664679
0.005971027;0.0059161177;-0.006131743
-0.012410679;0.014107894;0.0075946054
-0.020866042;0.0112863155;0.012325685
-0.012005334;0.018404052;0.0036105474
0.004458233;0.017848242;0.002888438
0.027004085;-0.0075964066;-0.010189249
0.007540769;-0.006077125;-0.0269014
-0.0111548845;-0.0298617;-0.01527112
-0.008923908;-0.03951436;2.831042E-4
-0.018076627;-0.015986487;2.2648336E-4
-0.022273801;0.00908581;-0.024818813
0.01343096;0.016643647;0.030144949
0.016994767;0.03831492;0.02411596
0.004220814;0.008776935;0.0067927674
0.02212665;-0.024228452;-0.007065786
0.01613882;-0.006882762;-0.005652629
0.009786056;7.437905E-4;0.001727897
1.6345355E-5;-0.011904968;0.020132318
-0.0077994238;-0.009523974;-0.0026441459
-0.007802039;-0.0013691793;-0.033365317
0.006258369;0.0051546567;-0.026692253
-0.005930805;-0.0021262746;0.009896197
-0.014119644;0.02329898;0.014166958
0.005891785;0.009264184;0.017583566
-0.007786572;-0.017588653;-0.023433147
0.0031457422;-0.007820922;-0.0062465174
9.540938E-4;-0.0031317377;0.0137527855
-0.017986724;6.1960984E-4;0.023502229
-3.2687993E-4;0.012995688;-0.006198217
0.005988496;0.01039655;0.020041427
-0.004584203;0.02706724;0.02228314
0.0041451375;0.002903792;-9.234871E-4
0.02519111;-0.0039269663;-0.03198879
0.023277888;-0.015641574;-0.019341031
0.013934811;-0.015638258;0.0032771747
-0.0076021515;0.018739393;0.021371739
-0.010769221;0.011866515;0.017097391
-0.017990377;0.021993212;-0.011322087
-0.017517302;0.03009457;-0.0028076693
-0.0015138413;0.0022006554;-0.0084961355
-0.005898573;-0.013864475;-0.019296909
0.0015311416;-0.020466581;-0.015437527
-0.015962588;-0.025748264;-0.0061000213
0.02004243;-0.017473612;0.026369983
0.026971444;-0.02335389;0.008595986
0.0059521557;0.018816888;0.013126789
0.0047617243;0.018178511;0.010501431
-0.01337812;0.033292808;0.014651145
0.018985003;0.023509247;-0.007029084
0.002688003;0.009432398;-0.018123267
-0.018162098;-0.023704082;-0.020748613
-0.005154678;-0.025213266;-0.004098891
-0.010373742;-0.026420612;0.002970887
0.021388507;7.3851005E-4;-0.01012329
0.0030483047;0.006840808;0.010651368
-0.008498856;-0.010152354;-0.0039789057
-0.0021115849;0.007503117;-0.0031831246
0.001435732;-2.4750628E-4;0.0037035004
0.0058360854;-1.9800503E-4;0.0092128
0.0015438686;-0.006408404;0.01987024
-3.274052E-4;-0.014501723;0.022146191
-0.0065119243;-0.014726379;-0.0072830464
-0.0067720395;-0.005531103;-0.043326437
-7.3013146E-4;0.004950118;-0.03466115
-5.8410515E-4;-0.005414906;-0.00897892
0.004220216;-0.0012069247;0.0053168642
-0.004436327;0.00840946;0.02300349
-4.2406184E-4;0.012977568;0.018402793
0.0074732504;-0.011492945;-0.010277766
-0.0049588997;-0.012319356;0.0042777876
-8.421197E-4;-0.016105484;-0.01532777
0.0024513043;-0.022259388;-0.012262216
-0.0042889565;-0.0021825104;0.0026902272
-0.026868666;0.013878992;0.014652181
-0.015244932;0.020478193;-7.782546E-4
0.012804055;0.019507555;-6.2260363E-4
0.036805745;0.015606044;0.024501918
-0.012742905;-1.5165024E-5;0.0071015335
-0.018006824;-0.021887133;-0.025568774
0.01684454;-0.026884705;-0.014205018
0.008788132;-0.015257765;0.0011359853
-0.002344494;-0.0028312115;0.0134087885
-0.0065630954;-0.011639969;-0.020522969
0.008812024;0.025063025;-0.010168375
-0.005450381;0.02317542;0.0168653
-0.012172805;0.021665337;9.922397E-4
0.0027617563;0.017332269;-0.0054562083
0.025646904;-0.011134185;0.008135034
0.015830023;-0.024532348;-0.012241974
-0.02952348;-0.019625878;-0.009793579
-0.0048687845;-0.0063257026;-0.007834863
0.0054799723;-0.0050605624;0.00623211
-0.017491022;-0.0071734497;0.004985688
-0.0014928178;0.01301124;0.00398855
3.682458E-4;-0.0020910078;0.02194084
0.011232097;0.017077195;-0.0011973279
0.004298177;0.013661755;0.017792137
0.011251042;-0.007820596;0.02048371
-0.014436667;-0.018756477;-0.014863032
0.0072006667;-0.018130181;0.0068595745
0.0057605333;0.0073708547;-0.013262341
-0.0016415733;-0.012853316;-0.029359872
-0.0075632585;-0.010282652;0.007762102
-0.012300607;0.026148878;-4.0318286E-5
0.0026595145;0.014669102;-0.0062822546
5.651116E-4;0.0023602818;0.013724197
-0.012047911;-0.013736774;-0.026520643
0.020049172;-0.01411442;0.016283486
0.003539337;-0.011291536;0.025526788
0.0028314698;0.0034667714;0.007921431
0.0022651758;0.015273417;0.018837145
0.0049371407;0.0059687337;-0.034930285
-0.0038627875;-0.0014750131;0.0033057726
-0.02027773;-0.0074300105;-0.003605382
-0.006847184;-0.009069009;-0.0028843055
-0.0054777474;-0.007255207;-0.039807446
-0.009069698;4.4583465E-4;-0.0068459557
0.019306742;0.0034816677;0.019523235
0.0060703936;0.012160334;-0.0031314115
0.004856315;3.5326733E-4;0.02874487
0.007010052;2.8261388E-4;0.004245897
0.0024830415;-0.015398909;-0.0028532827
0.011361433;-0.034194127;-0.021032626
0.016901646;-0.014855302;-0.0230761
0.0010213172;0.0037407586;0.012789119
-0.013245447;0.006117607;-0.0022687046
-0.021533856;-0.0013559145;0.0044350363
-0.018789586;0.011415268;-0.002701971
-0.03378167;0.015382214;-0.014661577
-0.025462834;-0.0033192283;-0.030479262
0.006192232;-0.008905383;-0.030633409
0.004953786;-0.007124306;-0.024506727
0.0024005286;-0.0025744447;0.024144618
0.026920423;0.0073154443;0.019315695
0.013723838;0.005852355;0.015452555
0.02816657;-0.0046931156;0.024862045
0.027220756;0.0024955075;0.007389636
0.004589105;0.011371406;-3.3829152E-4
-0.013516216;-0.019027876;-0.006520633
-0.018625472;-0.0183473;-0.011466507
-0.039900377;-0.0053028404;-0.009173205
-0.030357802;0.005132728;-0.0135885645
-0.013348742;0.004106182;-0.010870852
-0.0044289934;0.009534946;0.0038033188
0.015206805;0.032627955;0.009292655
0.035602946;0.010477365;0.032434124
0.031607356;-9.931077E-4;9.472993E-4
0.031535883;-0.013294486;-0.0054921606
0.009603707;-0.03563559;0.014356271
0.004557966;-0.016008472;-0.019764982
-0.008853627;-0.012806777;-0.034561988
-0.019582901;-0.010245422;0.009850411
-0.009416321;0.016803663;0.0016303288
-0.027845558;0.01344293;-0.004945737
-0.005088946;0.010754344;-0.0102065895
-0.0040711565;-0.0070215245;0.016834728
0.013930575;6.3278025E-4;0.013467783
-0.0013555402;-0.0026187757;-0.007975774
-0.0026469321;-0.02084502;-0.012630619
0.0088199545;-0.0010510165;0.008645505
0.0054934635;0.0054091867;0.013166403
0.0043947706;-0.011297651;0.010533123
-0.018359184;-0.0090381205;-0.0040735016
-0.014687346;0.0052695037;0.009241199
0.013250123;0.007340603;-0.005107041
-0.0018999019;-0.019127518;-0.016585633
-0.0077699213;-0.012177014;0.011731494
0.018784063;0.009008389;0.015635194
0.01658975;-0.0021682892;8.156003E-6
0.0023343002;-0.0048596314;0.012506525
-0.01844506;0.017987294;-0.00874478
-0.019443547;0.001889836;-0.031995825
-0.0030548384;-0.029738132;-0.0068466594
-0.0071313707;-0.023790505;-0.024227327
-0.0025800965;-0.012782404;-0.013131862
-0.005189077;-0.010225923;0.02699451
0.008348738;0.0074442616;0.015345609
0.0066789906;0.03095541;0.0122764865
0.020968193;0.018514328;0.01607119
0.018337054;-0.003938538;0.012856952
-0.005642857;-0.01252583;-0.0022144387
-0.020139286;0.0024793355;-0.008021551
-0.008298928;0.0051084687;-0.012667241
0.0089858575;-0.0021632253;-0.016383793
-0.0021863142;-0.01735558;-0.013107034
0.009188449;0.007990536;0.027014373
0.016725758;0.0032674286;0.021611499
0.002443107;-0.016136058;0.011039198
0.017579487;0.018341154;-0.009918641
-0.0062489114;0.0052979235;-0.026684914
0.004375871;-0.01763666;-0.0088479305
-0.0011868033;-0.010984329;-0.019578345
-0.010324443;0.006837537;-0.0031626755
0.004240446;0.014845029;0.01621986
0.011204856;0.030626023;0.012975887
0.0027138854;0.01825082;0.0103807105
-0.024391392;-0.0010243449;-0.010445432
-0.014825613;-0.022694476;-0.014606345
-0.004047991;-0.04003058;0.013314923
0.0014491074;-0.016399466;-0.0018480611
0.0074092858;0.015005428;-0.0014784489
-0.008135071;0.012004343;0.011317241
0.001304443;0.0033534742;-0.009696207
0.008856054;0.02768278;0.004743034
-0.0022901564;0.015896223;0.010044428
0.015355375;0.02209198;0.0080355415
-0.0064657;-0.001076417;0.0064284336
-0.00673506;-0.025861133;-0.013607253
0.0071119517;-0.030063907;-0.035885803
-5.604385E-4;-0.027176125;-0.003708642
-0.0035733508;-0.0123659;-0.015466914
2.6631937E-4;0.00885728;1.264691E-4
-0.0060369447;0.007085824;-0.006148825
0.0014204445;0.015043659;-0.02366906
0.021448856;-0.019215073;0.012314752
0.0077840844;-0.0028720582;0.041101802
-0.017210232;0.013327354;-0.017118558
-0.015330686;-0.011213117;-0.019944847
0.006485451;0.006654506;-0.0034558775
-0.001061639;0.0021986049;-0.021514703
-0.01803681;-0.016991116;-0.0047117616
-0.015991949;-0.029217893;-0.0037694094
-0.023731058;-0.020249315;-0.0030155275
-2.3484735E-4;-5.744514E-4;0.016337577
0.015437122;-0.016084561;-0.0056799375
0.0076621976;-0.006617649;0.02670605
-0.004807742;0.004080881;-0.01613516
0.019591307;-0.012360295;-4.0812802E-4
0.037548047;-0.0036382363;-0.006576502
0.009725936;0.009589411;0.019738799
0.009343249;-0.014203471;0.009541038
-3.3790086E-4;-0.020737777;-0.01111717
-0.02527032;-0.019715222;-0.021393735
-0.015528756;0.0061028227;-0.029614989
-0.0014855053;-0.0013677418;-0.0049419906
-0.009000904;-0.013594193;0.0022964075
-0.025950724;-0.0015003547;-0.029412873
-0.03013558;-0.0012002838;-0.004780299
0.011829037;-0.0103352275;-0.016324239
0.020400729;-0.020768182;-0.0068093915
0.016320584;-0.029114544;8.024868E-4
0.009931467;-0.032666635;0.025641989
0.007945173;-0.01675831;0.020513592
0.0063561387;0.020968353;-0.0023391268
0.011334911;0.0073996824;0.0043786988
-0.014369572;0.027794747;0.009752959
-0.020870658;0.009735797;0.0015523671
-0.022946525;-0.007836362;-0.023758106
0.00664278;-0.03439409;-0.019006485
0.0053142235;-0.055640273;-0.002705188
-0.02074862;-0.032012217;-0.03341415
-0.0103488965;-6.0977414E-4;-0.0017313204
0.0073458827;0.04326218;0.017364943
0.015251706;0.062734745;0.020141955
-0.008111135;0.040812794;-0.002636436
0.0060110916;0.04202524;0.010390852
-0.0014411266;0.02424519;-0.004187319
0.009784599;0.006896151;-0.0033498553
0.010952679;-0.006983079;-0.0026798842
-0.0037378569;-0.018086463;0.016606092
0.018884715;-0.03634417;0.007034874
0.013545272;-0.029075336;-0.0131221
-0.0047887824;-0.010760269;-0.004247681
0.0071064737;-0.0086082155;0.009101856
0.011935179;0.008738427;0.013531485
-0.015451857;0.028865742;0.010825188
-0.0045489855;0.029342594;0.0024101501
0.013548312;0.020349074;0.02067812
0.01240115;-0.00247074;-0.033457503
0.0067959195;-0.026976593;-0.008016003
0.014811736;-0.0059562735;0.018587198
0.0118493885;-0.007890019;0.021119758
-0.01708299;-0.021937015;-0.008104194
-0.01835389;0.004325388;0.012266645
-0.009995613;0.03158531;0.003563316
-0.0033089905;0.019018248;0.002850653
-0.0057721925;0.008964598;0.0022805224
-0.018680254;0.007171679;0.014324418
-0.014944203;0.011987343;-0.0010404658
0.022419637;2.148745E-4;0.0054176273
0.02262321;0.028296899;0.004334102
0.013411068;0.02263752;0.009717282
0.0138538545;0.018110016;-0.0047261748
-0.013916916;0.0019880126;-0.01003094
-0.011133533;0.00471541;0.010725249
-0.0026568265;0.025647327;0.021080198
-0.016187962;0.014267863;-0.014385841
-0.022325369;-0.00421071;-0.0115086725
-0.016297795;-0.012743568;-0.015456938
-0.020850737;-0.010194855;-0.0061155506
0.02081941;0.0074691162;0.02010756
0.02759303;0.015350293;0.028586047
0.031449422;0.012280234;-0.008381162
0.017347038;0.0035741876;0.0057950704
0.0076276306;0.00910935;-0.0016139436
-0.011085396;0.0135374805;-0.026291154
-0.022930816;0.010829984;0.010217076
0.028530346;-0.010086013;-0.0043263393
0.013449278;-0.00806881;0.0027889286
0.004509422;-0.012705049;0.002231143
-0.019829962;-0.019539038;-0.0044650855
-0.0018014698;0.028118769;-0.0035720684
0.018871324;0.013120015;0.028392345
0.0025970594;-0.0145039875;0.010213876
-0.021359853;-0.0022281902;-0.010578899
-0.015525382;-0.023657553;-0.008463119
-0.021795306;-0.022051042;-0.019270495
0.0013137555;-0.008265833;-0.0029163964
0.016676005;-0.0034876666;0.035166882
0.021153303;0.019084867;0.009383506
0.0044226428;0.021517893;0.001256805
-0.004274386;0.017214315;-0.005244556
-0.012794509;0.013771452;-0.016695645
-0.016485607;0.007892162;-8.565158E-4
0.0024365145;-0.006186271;-0.0069352128
0.011324212;-0.011199017;-0.01179817
0.010621869;-0.018334214;-0.003188536
-0.0055650044;-0.030292371;-0.002550829
0.0017979963;-0.039858896;-0.002040663
-0.001686603;-0.016262118;-0.03288253
-0.0013492823;0.011990306;0.0049439757
-0.013579426;0.025217244;0.02270518
0.0031989594;0.023298796;0.011914144
-0.0052533327;0.021764036;0.015781315
-0.004202666;0.020536229;0.0063750525
0.0028878672;0.022678984;-0.0011499581
0.0023102937;-6.068132E-4;0.017830033
0.006535735;-0.02548545;0.0017640268
0.005228588;-0.03913836;-0.023588778
-0.01612963;-0.02506069;-0.012621023
0.023033796;-0.013798551;-0.010096818
0.010614537;0.01396116;-0.0018274547
-0.01963337;0.045543928;0.0047880365
-0.017269196;0.027060142;0.010080429
-0.010690357;0.024773113;0.0018143433
0.018010214;0.01981849;0.032701474
0.019095672;0.0064797928;0.0074111796
0.0012140372;-0.019816166;-0.019071056
-0.0052787703;-0.037727933;-0.015256845
4.644838E-4;-0.042682346;-0.005955476
0.003496587;-0.046645876;0.0077356193
-0.01595273;-0.027941702;0.0061884956
-0.023699684;-0.0036033613;-0.007549204
-0.018959748;0.03149231;-0.012289363
0.0051447023;0.040818848;0.015168509
0.027553262;0.04828008;0.0058848076
0.0048551094;0.038624063;0.017207846
0.0070090876;0.01839925;0.0012662769
0.00560727;0.014719401;0.0010130216
0.009173316;0.0055255205;0.0133104175
0.019838654;-0.017454583;0.004398334
0.009620923;-0.023338666;0.003518667
-0.017303262;-0.031170934;0.0028149337
-0.01853011;-0.012436747;0.0022519468
-0.005449088;-0.016199397;-0.010698442
-0.01373427;-0.009834518;-0.008558754
-0.0016124162;0.010882386;0.0056529967
0.004960067;0.02745591;-0.0017276026
0.027405554;0.031339727;0.004867918
0.0047369427;0.031321783;0.028894335
-0.016522946;0.028182425;0.023115467
8.4414345E-4;0.01629594;0.012242374
0.016300315;-0.015088248;-0.0027061007
-0.0041472483;-0.0370706;-0.02091488
-0.0111302985;-0.03590648;-0.022981904
-0.022966739;-0.022475183;-0.018385524
0.006626609;-0.011730147;-0.008458419
0.017801287;-0.0062591173;-0.019266736
-0.01544647;0.019992705;0.009586612
0.0017053238;0.034744166;0.0014192895
0.02011426;0.027795332;0.013635431
0.008278907;0.028486265;0.023408346
-0.012126874;0.0040390124;0.006226676
-0.011263999;-0.02176879;0.004981341
0.012863801;-0.020540033;0.010235073
0.0087285405;-0.038307026;-0.010561942
-0.013329668;-0.0056456206;-0.027199553
-0.005976234;-0.010766496;-0.009259643
-0.0047809873;-0.008613197;-0.0011577142
-0.00851229;0.008734442;0.0053238287
-0.0052473317;0.025737554;0.010509063
4.896345E-4;0.020590043;-0.01659275
0.0050792075;0.025847035;0.0117258
0.018125866;0.0019276276;0.02813064
4.3819286E-4;-0.0328329;0.010004512
3.505543E-4;-0.020016318;-0.016996391
-0.010657056;-0.012888054;-0.007347112
-0.0022756453;-9.3544374E-4;-0.02462769
-0.0018205162;-7.48355E-4;-0.019702151
0.0016685871;0.005651316;0.015488278
0.0013348697;0.004521053;0.012390623
-0.0020571044;0.0036168422;-0.0088375015
-0.018833183;-0.0064815264;-8.2000135E-4
0.022433454;-0.011435221;0.005593999
0.027321763;2.2682323E-4;0.029475199
-0.00939259;0.012681458;0.011080159
-0.012201572;-0.0148548335;-0.022385873
-0.017573757;0.009991134;-0.005408698
-0.001559006;0.023617906;-0.01682696
0.020627795;0.028269326;0.011538433
0.019627236;0.016365461;0.0029807466
7.678891E-5;-0.005657632;0.021134598
-0.02181357;-0.020151105;-0.0018423222
-0.012763355;-0.019245883;-0.0014738578
-8.3568407E-4;2.2829256E-4;-0.019929087
-6.685473E-4;1.8263404E-4;-0.015943268
0.004152662;-0.006103893;-0.012754615
-0.0013653702;0.0013668858;-0.003953692
-0.0104672965;0.026093509;-0.021912953
-0.003686337;0.023999806;-0.005030363
0.02205093;0.0035748456;0.014725709
0.025453245;0.009109876;0.018030567
0.0141125955;-0.0364621;0.014424454
3.5257638E-4;-0.013544679;-9.6043665E-4
-0.024717938;0.007914256;-7.6834933E-4
-0.011961851;-0.0030435945;0.011885321
0.010743019;-0.0024348756;0.0032582565
-0.0023430847;-0.0050729006;-0.016143395
-0.011249468;0.008441679;-0.019164715
0.0019379258;0.013003344;0.009668227
0.0031128407;0.010402675;0.013984581
-6.347275E-4;0.00832214;0.023687666
0.004179718;0.009782712;0.0064501325
0.015843775;0.0015761695;0.005160106
0.01580002;-0.008114064;0.016628085
-0.017047483;-0.015866252;0.0070524677
-0.037075486;-0.012693001;-0.038108025
-0.01247289;-0.0195294;-0.011736421
0.016584188;0.0031264792;0.015610863
0.010142351;0.024376184;0.0062386906
0.01748888;0.010125946;-0.0012590473
0.026491104;0.026850758;-0.0010072379
0.025880383;0.012105606;-8.057903E-4
0.0082043065;0.0034344848;-6.4463227E-4
-0.010624055;-0.006627412;0.030734295
-0.028811743;0.00719807;0.0058374354
-0.021486895;-0.016116545;-0.020330051
-0.029689517;-0.037893236;-0.010014041
-0.031564113;-0.011564588;-0.03301123
-0.02837629;-0.018626671;-0.026408987
-0.007076032;7.2366366E-4;0.0038728109
0.017776674;0.031828932;0.015598249
0.03297134;0.019213146;0.024978599
0.02637707;0.015370516;0.02623288
0.047664158;0.009171412;0.033486303
0.041256327;0.02921213;0.0017890426
0.00800506;0.013994704;-0.017318767
-0.02640845;-0.038804237;-0.020105014
-0.03518926;-0.04354339;-0.02858401
-0.035963908;-0.0067097116;-0.029117208
-0.019396126;-0.0053677694;-0.0045437664
0.0016705983;0.0050807847;0.008864987
-0.012726021;0.019689627;0.013341989
-8.0581714E-4;0.012626702;0.023173591
0.027480347;0.019476362;0.012288873
0.023546778;0.0030810894;0.016081098
-0.0014750784;-0.016285129;3.6487888E-4
-0.0027425627;-0.013028103;-0.024708098
0.0056184498;-0.010422482;-0.019766478
-0.0017552401;-0.014587985;0.009186818
-0.012341692;0.013329611;-0.0051505454
-0.0067483536;0.010663689;0.0021295636
0.003976317;0.01790595;0.0017036508
0.0031810536;0.020574762;0.013862921
0.002544843;-0.008540191;0.017340336
0.019223375;-5.821529E-4;0.007622269
0.023191199;-0.016090723;-1.5218463E-4
-0.01269704;-0.019122578;-0.012621747
-0.024220133;-0.03404806;-0.010097398
-0.008438606;-0.01786345;-0.014327918
-0.022375885;0.00445924;-0.017712334
-0.03352571;0.034817394;0.010830132
0.0028669338;0.055978913;0.021164106
-0.0070814528;0.04790813;0.010681285
0.016209837;0.003951505;0.0022950277
0.02078037;3.6203804E-5;-0.0044139777
0.030686796;-0.009346037;0.027718818
0.019861937;-0.03560183;0.009675054
0.0018270495;-0.050356463;-0.029759957
-0.009475861;-0.04341017;-0.036307964
0.006481812;-0.0034781368;-0.022796372
-0.01981455;0.04096749;5.1290216E-4
-0.02835164;0.05464899;4.1032175E-4
-8.063124E-4;0.056219194;0.019078257
0.00404245;0.029350355;0.015262606
0.01885896;-0.010894716;0.012210085
0.002587168;-0.043090772;0.016018068
0.016132234;-0.05009762;0.012814454
-0.004281712;-0.055703096;-0.020998437
-0.00655037;-0.041437477;-0.01679875
-0.009927796;-0.01127498;-0.019689
-0.017317237;0.044105016;-0.009501199
0.00802121;0.04465901;0.017399041
-0.013895531;0.04197721;0.020169232
-0.0017414253;0.030456768;0.028635386
0.02048186;0.008740414;0.010408308
0.019510487;-0.027382668;-0.010423353
0.0077958903;-0.037531134;-0.008338682
-1.3287774E-5;-0.008149908;-0.031670947
-1.063022E-5;-0.012769926;-3.3675678E-4
-0.007821004;0.011659059;0.0059805945
-0.023444304;0.046827246;0.017284475
-0.010942942;0.043711796;-0.0049224193
-0.011879354;-0.0056555616;0.008562065
-0.0016909833;-0.0045244494;5.9965154E-4
2.0971335E-4;-0.01924456;-0.0057702786
0.03298027;-0.018520648;0.0016337769
0.010759217;-0.008566518;-0.0049429783
-0.014830126;-0.025603214;-0.016454382
0.0037608985;-0.029857572;-0.006913506
-0.003241281;0.032363944;7.1919506E-4
-0.021343024;0.041516155;5.7535607E-4
-0.01551192;0.030087924;0.037960283
0.009465464;-0.0040546614;0.017868228
0.045072373;-0.009493729;0.008044582
0.040745396;-0.048219983;0.006435666
-0.018966183;-0.026075987;0.005148533
-0.029235447;-0.03023579;0.010368826
-0.009325856;-0.021063631;-0.029204939
-0.009023186;-0.016850905;-0.060863953
-0.024406048;-0.004105724;-0.04244116
0.0070376615;-0.0126595795;-0.015202929
0.030630128;0.024247337;-0.005912343
-0.008308397;0.05377287;-0.035979874
-0.039459217;0.043018296;-0.0537839
-0.015942374;0.021914637;0.013222881
0.0638086;-0.0012182909;0.0918283
0.06198438;-0.0040996326;0.035962645
-4.1249543E-4;0.009220294;-0.0024798852
-0.015954996;-0.033248764;-0.008233909
0.040361002;-0.079724014;0.0121628735
0.050257552;-0.03877921;0.0159803
0.017549792;-0.006023368;-0.005965761
-0.046897665;0.0014313059;-0.0047726086
-0.08908063;0.023020044;-0.010068087
-0.080639504;0.027791036;0.01069553
-0.047324106;0.03473283;-0.0039435755
-0.045671783;0.021536263;0.0030951395
-0.025599927;0.00472901;-0.0037738883
-0.0017299419;0.0037832083;0.0032308893
0.023616046;-9.8433404E-5;-0.016165288
0.017330337;-0.0063287467;0.005817769
0.06073927;0.016812002;0.017154215
0.061091416;0.022824602;0.026223373
0.048873134;-0.016115319;-0.0040213023
0.026598506;-0.044142254;-0.04696704
-0.006846195;-0.069688804;-0.018823633
0.002335544;-0.033876043;0.009941094
-0.0012565649;-0.023975834;0.0017028747
-0.030692752;0.015194332;-0.0236377
-0.016741702;0.07153047;0.03108984
6.691388E-4;0.075974375;0.018621871
-0.02446469;0.070154496;0.021147497
-0.046134252;0.0592486;0.016917998
-0.008782401;0.053648878;0.026034398
0.02422408;0.024169102;-0.004172481
0.011566764;-0.021289717;-0.0033379851
0.0076909107;-0.057656772;0.028579611
0.009277728;-0.06800042;-0.0021363103
-0.009765317;-0.051275335;-0.03920905
0.010937747;-0.03477027;-0.03761724
0.005625197;-0.0059412145;-0.011343791
-0.03143734;-0.0016279718;0.009674967
0.004537626;0.008072623;0.013989974
0.008317601;0.003333098;0.004941979
-0.008970919;0.021416478;-0.0022964168
0.0021982645;0.023383183;0.0044128667
0.0033211117;-0.012543454;0.016030293
0.00890689;-6.59763E-4;-0.018425765
0.027438011;-0.019277811;-0.008490613
0.01570041;-0.024797248;-0.01304249
-0.03275217;-0.016712798;-0.016683992
-0.021514239;-0.016495239;-8.471935E-4
0.0077886097;0.002428809;-0.025677755
0.009355888;-0.023056952;-0.008042204
-3.2778992E-4;-0.024695562;0.018566238
-0.008074732;-0.01975645;-0.01639701
0.0060402146;-0.01580516;-0.01936761
-0.0045428285;-0.012644128;-0.015494087
-0.011446763;-0.016365303;-0.01864527
0.01896759;-0.006842242;-0.0024162154
0.03236157;0.035151206;0.0043170275
-0.017860742;0.009370965;0.003453622
-0.028351095;0.0012467721;0.0027628976
0.0070066247;-0.0021275822;-0.016539682
0.0165428;-0.014202066;-0.0069817454
0.01792174;-0.030111652;-0.030585397
0.0033998918;-0.058464322;0.006781683
-0.041030087;-0.08427146;-0.019574653
-0.04063657;-0.07366717;-0.034409724
-0.016884256;-0.033933733;-0.04627778
-0.0025699043;-0.008396986;-0.0057722228
0.0057565765;0.03703241;0.014132222
-8.223874E-5;0.02025093;0.04255578
0.010871709;0.031825744;0.034044623
0.033697367;0.034835596;0.0022356976
0.019145394;0.027868476;0.039288558
0.020003814;0.0066697802;-0.018569153
-0.004309448;-0.013414175;-0.021105323
0.0028024416;-0.06073134;-0.016884258
0.0038044532;-0.06733507;-0.013507406
-0.0063314373;-0.03511806;-0.023305925
0.01055985;-0.034344446;-0.01864474
0.00844788;-0.027475556;-0.014915792
5.0830405E-4;-0.021980446;0.038067367
-0.027718356;-0.020709356;0.011703893
-0.019049685;-0.016567485;-0.040636886
-0.007427248;0.017996011;-0.020009508
-0.021566799;0.04564681;0.0027423932
-0.012565939;0.033392448;0.0021939145
0.011822249;0.029838959;-0.004494868
0.009457799;0.045746166;0.033904105
-0.0049337605;0.030346934;0.027123284
-8.220086E-4;0.024277547;-0.0033013725
0.0040298933;6.720372E-4;0.016108902
0.0016614145;-0.055712372;-0.0058628786
-0.012733368;-0.060194895;-0.010940303
7.508053E-4;-0.057530917;-0.027502242
0.008413144;-0.030399734;0.0029982063
0.022355516;-0.008694787;-0.003851435
0.03663441;0.0055441707;-0.021831147
0.0105575295;0.032560337;0.0012850816
0.017821023;0.022923268;0.026028065
-0.012305681;0.024588615;0.008322452
-0.012969545;0.038420893;0.012907961
-0.0041256356;-0.009888286;0.01657637
-0.0033005087;-0.04541063;0.013261096
-0.008890407;-0.0769535;-0.014391123
-0.032112326;-0.15218781;-0.024012899
-0.07412736;-0.18425024;-0.09421032
-0.04211439;0.0057248063;-0.08786826
0.05693349;0.13270484;0.029705396
0.06585929;0.16866387;0.042514317
0.0026874333;0.1974311;0.09026145
-0.035350055;0.14856988;0.072209165
0.0014074573;0.1032309;0.03901733
0.041750968;0.066959724;0.024963863
0.038088273;0.006692779;0.0012210913
-0.010154382;-0.047770776;0.019726872
-0.0049985056;-0.08509162;0.0032814983
-0.028998805;-0.0868233;-0.022374801
-0.034136545;-0.053833637;-0.055399843
-0.035121735;-0.01494191;-0.031819873
-0.0015348878;0.025546473;0.012044102
0.03627209;0.073562175;0.034635283
-0.0069198282;0.08072474;0.027708225
0.0054016374;0.06457979;0.00966658
0.02150881;0.048538834;0.020233264
0.034394547;0.013831068;-0.008813389
0.024390638;-0.054560147;-8.00711E-4
-0.0070499894;-0.09677312;-0.006890569
-0.03845249;-0.089918494;-0.030512456
-0.008886993;-0.025059795;-0.036909964
0.016327906;0.011202164;-0.029527972
0.016187325;0.037086733;0.032627624
-0.01517514;0.048419386;0.051102098
0.0050473874;0.023110509;0.02213168
0.00403791;0.009113407;0.023955343
-0.031144671;-0.0052092746;0.0066642743
-0.029603237;-0.04479242;-9.185805E-4
-0.01430759;-0.054583937;-0.019484865
-0.03332107;-0.015542149;-0.04058789
-0.021969358;-0.012433719;-0.019970313
-0.025387986;0.011928025;-0.03472625
0.018752111;0.02204242;0.0034689996
0.050939187;0.008258936;0.0402752
0.03606385;0.03785715;9.701597E-4
0.006976081;0.03028572;-0.005473872
0.029018365;0.008603576;0.0018709023
0.023214692;-0.0024921398;0.013996722
0.009196754;-0.033243712;-0.013802622
0.0011074027;-0.04534497;-0.004792098
0.0024484221;-0.061275974;-0.0038336786
-0.024603762;-0.06777078;-0.021816943
-0.01812051;-0.051091623;0.007546446
-0.012933908;-0.018998299;0.0060371566
-0.027534626;0.0066763605;-0.032670274
-0.011090201;0.04596609;-0.0073862197
-0.0026221608;0.05239787;0.0065910243
0.013527271;0.035668295;0.011522819
0.020196818;0.037909638;0.034218255
0.0145949535;0.02720271;0.008624604
0.016363462;0.018637167;0.0068996837
0.013090771;-0.013215266;-0.0069802534
0.0057851165;-0.029322213;0.019415798
-0.014121907;-0.02970777;-0.003217362
0.0043274746;-0.001891216;-0.0025738897
-0.0012255205;-0.0015129729;-0.014559112
0.0037070836;0.011289622;-0.0053972895
-0.012659333;0.0434067;0.0019321685
-0.0070024664;0.04097536;0.020295735
-9.144732E-4;0.023405286;0.003736588
8.3092146E-4;0.02184923;-0.009510729
0.006914737;0.004979383;-0.013858584
0.01646929;0.016483506;-0.004836867
0.014737932;0.019436805;0.0023805064
-0.010084654;-0.040700555;-0.0105955945
-0.014317724;-0.038810443;-0.008476476
-0.003641679;-0.027923355;-5.3118076E-4
0.029899158;0.012036315;-4.249446E-4
0.027044326;0.031504054;-0.0065899557
0.04351046;0.040828243;0.038478035
-0.0026916317;-0.020462407;0.043282427
0.010346695;-0.025744924;0.028375942
0.033277355;-0.07684594;-0.033549245
-0.0015031154;-0.073976755;-0.020589396
-0.05432749;-0.024806403;-0.016471518
-0.046586994;0.023904879;-0.013177214
-0.059144594;0.044123903;0.0019582289
-0.037940677;0.08217412;-0.004683417
-0.01629004;0.0813643;-0.028746733
-0.028657032;0.03384144;0.008252613
-0.013550626;-0.0010518493;-0.02464791
-0.0014655009;-0.03834148;-0.019718327
0.022265099;-0.040048182;0.009225338
0.03343708;-0.047663547;0.0073802704
0.018937163;-0.047505837;0.012154216
0.03233723;-0.04737967;-0.002776627
0.032119785;-0.012903736;0.010278698
0.028820828;-0.019697988;0.014472959
-0.017568339;-0.006383391;-0.019671634
-0.02811717;0.004268287;-0.021987306
-0.005306236;0.0034146297;0.019910155
-0.0026824889;0.015231703;-0.0028218762
0.016604008;0.005935363;-0.0022575008
0.011720707;-0.05150171;0.0044439994
-0.009373434;-0.06307637;-0.0026948005
-0.029373748;-0.047336094;-0.014655841
-6.149798E-5;-0.015993875;7.753276E-4
0.009325801;0.0340799;6.202621E-4
0.015273142;0.05851392;4.962097E-4
0.015343513;0.049936134;-0.012103032
0.01852481;0.024323909;0.0090675745
0.011694849;-0.008665873;0.02600406
0.014043379;-0.028807698;0.0020532475
-0.013765297;-0.051171158;-0.029607402
-0.046949737;-0.05656193;-0.048685923
-0.02662229;-0.02337454;-0.013948738
0.008389668;-0.018699633;-0.01115899
0.016086735;-0.011834706;-0.021427192
-0.010568112;0.018657235;-0.0046417536
-0.02407949;0.027425788;0.021286597
-0.022388592;0.02506563;0.042029276
-7.233736E-4;0.007552504;0.0023734223
0.0119213015;0.009167003;-0.016851263
0.004849541;0.0042086025;-9.810098E-4
0.008567133;0.015866881;0.011715192
0.020916207;0.015818506;0.009372153
0.005795465;-0.0060951957;0.019997723
-0.020363629;0.026373843;0.0034981784
-0.013165902;0.002349075;0.0027985426
-0.0089702215;-0.04499574;-0.010261166
6.363224E-4;-0.05474659;-0.0019589327
-0.0026159422;-0.050047275;-0.020317147
0.0057197465;5.871811E-4;-0.016253717
0.017075798;0.031719744;0.011997026
0.0011606377;0.0722508;0.02834762
0.0040535103;0.06405064;-0.008571903
0.007930308;0.035615508;0.011892478
9.424649E-5;-0.018382592;0.003263982
0.006325397;-0.045956075;-0.009888815
-0.010564682;-0.043014858;-0.020411052
-0.025639245;-0.037536886;-0.016328841
-0.0017613966;-0.00502951;-0.031813074
-0.0029716173;0.033476394;-0.012950459
0.003872706;0.011156114;0.0021396333
0.012473165;0.002674891;0.0017117066
0.009978532;-0.019735087;0.007619365
1.7032555E-4;-0.015788069;0.0060954923
0.011073761;-0.028255455;0.004876394
0.0057340083;-0.028854365;-0.021098886
-0.025100293;-0.0012084917;0.026870891
-0.029455235;0.0052832067;-0.0035032863
-0.018876689;0.013601566;-0.009052629
-0.00572635;0.0077562523;-0.007242103
0.01416892;-0.012544998;-0.024543682
0.008210136;-0.025661;-8.849461E-4
0.0065681087;-0.0580288;-7.079569E-4
0.005254487;-0.037048038;-5.663655E-4
0.024516089;0.014111569;0.024546908
0.024300372;0.023789255;0.032137524
-0.0024347026;0.003406404;0.006960021
-0.034760263;0.024600124;-0.044431984
-0.0106207095;0.010305098;-0.0042955866
-0.013184068;-0.010505921;-0.02218647
-0.013672254;-0.055279735;-0.023999175
-0.0546878;-0.04734879;-0.06294934
-0.0031252427;0.008995968;-3.594723E-4
0.050624806;0.0071967747;0.049712423
0.049874846;0.03388242;0.039769936
0.046149876;0.06460594;0.04431595
9.824006E-4;0.029809749;0.01045276
0.01328592;0.005097799;0.0083622085
0.009066236;0.010328239;-0.0058102333
-0.0021220108;0.0020125913;0.0016018132
0.0061148913;-0.032764927;0.013781451
-0.0013580869;-0.035586942;0.0047751605
-0.01671147;-0.050344553;-0.03992987
-0.027431676;-0.027775643;-0.025693897
-0.03288284;-0.0097205145;0.023194883
-0.0013062725;0.004723589;-0.0064440942
-0.001045018;0.01627887;0.0073447246
0.014788985;0.013023097;0.01837578
-0.022543812;0.029168477;0.020950623
-0.036785048;0.079584785;0.0230105
-0.02786554;0.051167827;0.0059083994
0.013645069;0.0034342604;-0.02652328
0.010916055;-0.034752592;-0.033718623
0.005607844;-0.062177073;-0.0394749
0.020111276;-0.06224166;-0.0065799197
0.01921402;-0.021668326;-0.024013937
0.013808716;0.02016534;-4.611486E-4
0.004796973;0.06613227;0.024631081
-0.0039749215;0.07790582;0.025954865
0.006195063;0.065449655;0.020763893
0.0018310501;0.024234723;0.029111113
-0.01884766;0.010012778;0.0107888905
-0.019765629;0.0017602225;0.008631113
-0.034562502;-0.048591822;-0.00559511
0.005162498;-0.038873456;-0.010726088
0.011942498;-0.009223766;-0.014830871
0.0017414988;0.023870988;0.013135304
-0.006419301;0.05347179;0.016758243
-0.0035729408;0.074027434;0.025906594
2.6664737E-4;0.056096945;0.045725275
-0.0013491821;0.026127556;0.03658022
4.8315432E-4;-0.029097956;0.0042641764
-0.0043009766;-0.060778365;-0.021588659
0.029371718;-0.042372692;-0.04227093
0.037559874;0.019226847;-0.015066742
3.604E-4;0.024756478;-0.005803393
-0.02471168;0.038555183;0.007857285
-0.041644342;0.052719146;0.012535828
-0.027065475;0.035925318;0.035028663
-0.012277381;0.013115253;-0.00947707
0.024553096;-0.033257797;-0.0138316555
0.050892476;-0.070356235;-0.0048153247
0.0063389814;-0.07503499;-0.02260226
-0.021491315;-0.019402992;6.6819217E-4
-0.0062555517;0.028227607;-0.005715446
0.023120558;0.08195709;0.020427642
-0.012753554;0.099940665;0.022592114
-0.046140343;0.09557754;0.0055736913
-0.025974775;0.10146203;-0.008041047
0.007345181;0.031169621;0.012317163
0.0058761444;0.024935698;0.00985373
0.035950914;-0.080051444;0.07038298
0.072510734;-0.07966615;0.062556386
0.10332108;0.017517077;0.0062951096
0.06937562;0.017138662;-0.038713913
-0.012468255;-0.04878907;-0.05597113
-0.0912246;-0.035906255;-0.013526903
-0.12610468;0.040024996;0.032928478
-0.068071246;0.08826999;0.013842782
0.031480502;0.039365996;0.0048242253
0.0626844;0.031492796;0.03510938
0.025147522;0.0033192378;0.07183751
0.0076180175;-0.04734461;0.019970004
-0.014218086;-0.08475069;-0.034023996
-0.012936969;-0.08030055;-0.077219196
-0.002537075;0.00450956;-0.036775358
-0.04265466;0.066107646;0.014329714
-0.045061227;0.04351112;0.01771377
-0.034486484;0.075433895;0.007921017
0.0052233143;0.07597212;0.012586813
0.06355365;0.082652695;0.03506945
0.04771792;0.050497156;0.06555556
0.03817434;0.012272723;0.052444447
0.01647697;-0.015181822;0.02945556
0.0069315755;-0.030895457;-0.0014355531
-0.02101724;-0.024716366;-0.026148442
-0.03868879;-0.0072730924;-0.020918755
0.0034239667;0.034806527;-0.004235003
-0.026948327;0.03409522;-0.0033880025
-0.04030866;0.021026177;0.016039599
-0.07599693;-0.0050540585;-0.024668321
-0.043610044;-9.18247E-4;-0.032234658
0.0088619655;0.030515403;-0.032037728
0.022714572;0.036912322;-0.01938018
0.008796657;0.017029857;-0.028004145
0.007037326;-0.005126114;0.033846684
0.025942361;-0.032225892;0.039577346
0.027003888;-0.050780714;4.11878E-4
-0.004959389;-0.021874571;-0.024670498
0.014782489;-0.0018746563;-0.025986398
0.0055759912;0.011000275;0.0042108814
-0.004914207;0.02755022;0.009618705
-0.003931366;0.037665177;0.0014449642
-0.0015825926;0.05825714;0.013655972
