-1.6765625;-1.2289063;7.55
-1.6615624;-1.0604688;6.10875
-1.5058125;-0.673375;4.6995
-0.18355624;-0.6558875;3.75335
-0.06481375;-0.71611625;3.01518
-0.4502885;-0.3869555;2.437144
-0.6961683;-0.24315815;1.9997152
-0.5475596;-0.17655776;1.5435221
-0.3849227;-0.17249621;1.2223177
-0.16262567;-0.15284072;1.0028542
-0.024631785;-0.08789758;0.8272833
-0.05642418;-0.07656806;0.6805767
-0.07560809;-0.11281695;0.56946135
-0.115955226;-0.1629098;0.43681908
-0.08651418;-0.15142159;0.33070526
-0.019992594;-0.07504353;0.2270642
0.026193425;0.033715177;0.21915136
-0.02904526;0.08087839;0.15657109
-0.032611206;0.10689022;0.13775687
-0.022182716;0.08551217;0.0977055
0.004910077;0.039503485;0.0844144
-0.0077906884;-0.03558471;0.08628152
-0.04060755;-0.11674902;0.081525214
-0.05123604;-0.14105546;0.07772017
-0.0027075824;-0.09018812;0.043426137
0.015021434;-0.033088;-0.0027590897
0.034673396;0.036029603;-0.05845727
0.04492622;0.13819869;-0.07801582
-0.112496525;0.24493395;-0.024912653
-0.08530972;0.053759657;0.08006988
0.15987723;-0.18824227;0.057805903
0.07790178;-0.15059382;0.021244721
-0.070491076;-0.12672506;0.085745774
-0.086080365;-0.15450504;0.08109662
-0.04698929;-0.19626029;-0.016372703
0.011627318;-0.14763322;-0.04434816
0.0053956048;-0.008731583;-0.01672853
0.023066483;0.097702235;-0.06338283
0.022359436;0.13363054;-0.03195626
0.0030437997;0.13581067;-0.019315008
-0.01318996;0.07817979;0.022047995
-0.019926969;0.053168833;0.030138396
0.019995926;0.057378817;0.036610715
0.03943424;0.031059304;0.035538573
0.027641142;0.0076599433;0.022180859
0.031487916;0.011596705;-0.013505314
0.008002831;0.011621114;-0.02330425
-0.008441485;-0.011796859;-0.0123934
-0.022378188;-0.047718737;0.0025852795
-0.05071505;-0.04598749;0.008318224
-0.04369704;-0.05632124;-0.02459542
-0.0013638823;-0.054431994;-0.007176337
0.041096393;-0.056826845;0.019258931
0.032877114;-0.011086476;0.027907144
-0.019010808;0.008318319;0.016075715
-0.036302395;0.014467156;-0.0058894274
0.0014268331;0.034229975;-0.042211544
0.018328967;0.03910273;-0.015019233
-0.0025243268;8.134336E-4;4.846131E-4
-0.068425715;6.5074686E-4;0.0066376906
-0.050053068;0.019270597;0.005310152
-0.0072299554;-0.030677272;-0.008251878
0.009841036;-0.056573067;0.024648497
0.04381033;-0.056977205;-0.005281202
0.029579513;-0.051050514;-0.010474961
0.00413236;-0.04865291;0.004120031
0.028305888;-0.029547328;-0.0029539755
0.014832211;-0.033012863;0.010136819
-0.027196731;-0.022504041;0.014359456
-0.06550738;7.467678E-4;-0.0010124354
-0.038343407;0.058409914;-0.013309948
0.019325273;0.08110293;-0.02314796
0.040460218;0.064882345;-0.024768367
0.041743174;0.036280878;-0.0010646936
0.02011329;0.014180951;0.005398245
0.002809382;0.012907261;0.041818596
-0.013377494;-0.02404919;0.052204877
-0.022420745;-0.052051853;-0.020736098
0.018782154;-0.03382898;-0.016588878
0.068931974;0.0151243135;-0.025771104
0.07389558;0.006630701;-0.014366883
0.019272713;0.02249206;0.001006494
-0.04630058;0.05393115;0.032055195
-0.050321713;0.04158242;0.0068941563
-0.040257372;0.046547186;-7.3467504E-4
-0.0400184;0.0333315;0.01816226
-0.022639718;0.018852698;0.008279808
-0.006393024;0.02523841;-0.018376153
-0.010583169;-0.024340523;-0.014700923
-6.5403536E-4;-0.03275367;-0.024260739
0.014320522;-0.056671686;-0.0131585905
0.0138001675;-0.0570561;0.020723127
0.021977633;-0.019082379;-0.008421498
-0.010542893;-0.018390903;-0.0442372
-0.008434314;-0.017056473;-0.047889758
-0.0067474516;-0.013645178;-0.038311806
0.047727037;-0.003103642;-0.0056494456
0.045994133;-0.006389164;-0.017019557
-0.009298445;-0.027767582;0.042634353
-0.033220004;-0.045651566;0.034107484
-0.059388503;-0.0748025;0.07103599
-0.049073305;-0.1020295;0.05682879
0.015428857;-0.11209235;0.0079630315
0.042811837;-0.13186137;-0.018629575
0.05768697;-0.1070516;-0.02115366
0.018805824;-0.09345379;-0.010672928
-0.01933034;-0.057575528;0.010211658
-0.027183022;-0.024966672;0.008169326
-0.031902667;0.0026829126;0.012785461
0.013540366;0.01152133;0.028978368
0.031926043;-0.004064186;0.023182696
0.045072082;-0.029813848;-2.0384397E-4
0.020432668;-0.031663578;-0.031413075
0.010877384;-0.021424614;-0.04388046
0.014170657;0.01332906;-0.010104368
-0.0097572245;0.018475747;-0.008083494
-0.06639953;0.051499348;-0.025216796
-0.09999462;0.10213698;-0.06392343
-0.0971832;0.15436584;-0.07613875
-0.027746558;0.16177392;-0.048411
0.025459003;0.120044135;-0.0324788
0.0438047;0.08041031;-9.830396E-4
0.0077000116;0.003390745;0.030463569
-0.020402491;-0.07775615;0.061870854
0.016490508;-0.095017426;0.036996685
0.060848657;-0.10023269;0.017097346
0.098678924;-0.07862365;-0.0050721224
0.07659939;-0.06289892;-0.004057698
0.04018576;-0.037037887;-0.009496158
1.173595E-4;-0.0061928094;-0.026346928
-0.032718614;0.013795753;0.0039224587
-0.05429989;0.04150535;0.009387967
-0.07468991;0.025391782;0.06376037
-0.05350193;0.0070321755;0.013508298
-0.014676544;0.013438241;-0.020443361
0.046071265;-0.0064369077;-0.06010469
0.036857013;-0.031712025;-0.06058375
0.01776686;-0.002713371;-0.017217001
-0.0053177625;-0.009983197;0.0112264
-0.01909796;-0.050174057;0.04648112
-0.001997118;-0.099514246;0.055934895
-0.021910194;-0.1389864;0.044747915
-0.012840656;-0.14322037;0.004548333
0.010821226;-0.1130138;-0.046361335
0.04146948;-0.038848534;-0.043339066
0.059738085;-0.013891328;-0.053421255
0.03450922;0.029511938;-0.017737003
-0.023955125;0.0790783;0.004560398
-0.0738516;0.09373139;0.016148318
-0.05595628;0.07732886;0.031668656
-0.010390025;0.06733184;0.037834924
-0.010655769;0.015584222;0.06776794
-0.024930866;-0.012532623;0.03546435
-0.037132192;-0.015494848;-0.015378519
-0.023455754;-0.025677128;-0.024802815
0.064047895;-0.026791703;-0.057342254
0.09967582;-0.04018336;-0.0771238
0.06411565;-0.05949044;-0.02419904
-0.009644977;-0.0608736;0.011890767
-0.028809732;-0.025261382;0.059512615
-0.021485286;0.015728395;0.05386009
0.010155522;0.024301466;0.04308807
-0.019219333;0.04834742;0.003220458
-0.027094215;0.05742794;-0.047423635
-0.011519123;0.03500485;-0.025438907
0.03844095;0.017847631;0.0046488745
0.0080965115;9.968544E-4;0.0162191
-0.028679041;-0.050765015;0.03797528
-0.024505733;-0.06717452;0.017880224
-0.010229587;-0.04670836;-0.023195822
0.04572258;-0.0061166883;-0.037306655
0.061578065;0.0615129;-0.048595324
0.05082495;0.13358532;-0.05137626
-0.0054337885;0.1701495;-0.034851007
-0.0020032807;0.2033071;0.0033691933
0.0062098755;0.15717693;0.027695354
0.011999151;0.041366547;0.059656285
0.00803682;-0.070813015;0.06022503
-0.047476795;-0.10977541;0.029430022
-0.043450184;-0.11282033;0.011044017
-0.017572649;-0.07697501;-0.0036647862
0.033598132;-0.06548626;-0.015431829
0.025316006;-0.06410776;-0.043595463
0.020252803;-0.023942456;-0.00987637
0.024014743;0.001939785;0.023348903
0.0035867947;0.003114328;0.037429124
-0.018224314;-0.012352288;0.042443298
-0.03957945;0.014336919;-0.0035453613
-0.03166356;0.053657036;-0.009086289
-0.03939335;0.08745688;-0.05101903
-0.02213968;0.14105925;-0.053315226
0.023694506;0.09487865;-0.03640218
0.053330604;0.03996542;-0.004121744
0.033289485;0.0015035875;0.034202605
-7.121626E-4;-0.04879713;0.046112083
-0.00369473;-0.08513145;0.030639667
0.002512966;-0.10091766;0.030761734
-0.0034583772;-0.12839039;0.024609387
-0.010579201;-0.0792748;9.375095E-4
-0.0045571113;-0.040763594;-0.011749992
-0.009895689;-0.0021421248;-0.046899993
-0.0055728015;6.3005014E-4;-0.050019994
0.014291759;0.00441029;-0.033765998
0.015339657;-0.006628018;-0.027012797
0.017740475;-0.010771165;0.022139762
0.008723631;-0.0031481814;0.03646181
-0.015677346;0.031856455;0.04791945
-0.028166877;0.06376641;0.05708556
-0.0108147515;0.04788813;0.014418446
0.004629449;0.007060505;-0.025965242
0.015422309;-0.020914096;-0.027022194
0.0045253476;-0.011262527;-0.021617755
0.022370279;-0.04338502;-0.017294204
0.033521224;-0.055801768;-0.0075853635
-0.007558022;-0.023547664;-0.0060682907
-0.029483918;0.025693119;-0.0048546325
-0.023587134;0.020554496;-0.003883706
-0.024338458;0.054724846;0.028143035
-0.019470766;0.054717377;0.047514427
-0.010107863;0.025023902;0.019261543
0.02316371;-0.05654338;-0.028340766
0.04509347;-0.09132845;-0.03517261
0.045449775;-0.08087526;-0.03438809
0.01917232;-0.09516896;-0.033760473
0.017681606;-0.076135166;-0.014508378
0.010239035;-0.024970634;0.0071432977
3.7872756E-4;0.0089297425;0.018214637
0.004209232;0.0758938;-0.0041782893
0.0049298857;0.063058786;0.015407369
-0.026524842;0.030915778;0.018575896
0.005342627;-0.0018298775;-0.003889284
0.0066178516;-0.0374014;-0.028111428
0.01857553;-0.07601487;-0.028739141
0.035954174;-0.06315564;-0.0042413133
0.02329459;-0.012243268;0.0153569495
-0.025895579;0.013642886;0.012285559
-0.026185213;7.580586E-4;0.016078448
1.4558005E-4;-0.012674803;0.012862758
0.029022714;-0.05779609;-0.039709795
0.016968172;-0.06576812;-0.019267835
-0.022362962;-0.04089575;-0.040414266
-0.04523412;-0.0022478492;-0.007331414
-0.041656047;0.02710797;0.012884868
-0.034887336;0.07559263;0.022807894
-0.04744112;0.06594285;0.030746317
-0.042640395;0.04728553;0.055847052
-0.024737317;0.0050159246;0.025927642
-0.012758603;-0.02254976;-0.016757887
0.0108868675;-0.025852308;-0.06965631
0.027459495;-0.053494345;-0.07447505
0.043061346;-0.025607977;-0.05958004
0.06726158;0.004513618;-0.04141403
0.06865301;0.015329645;0.010618776
0.06898491;0.031013716;0.03974502
0.052844178;0.03887347;0.050546017
0.015712842;0.07875503;0.09668681
-0.024148477;0.10128527;0.04609945
-0.03650628;0.12321572;0.03687956
-0.025298774;0.10794757;-0.007996351
8.547299E-4;0.04417056;-0.02514708
-0.004784966;-0.034976054;-0.051367667
-0.0038279728;-0.07016834;-0.06609413
-0.026499879;-0.07957217;-0.034125306
-0.021199903;-0.08865774;-0.021050245
0.006477578;-0.05920744;0.020659804
0.0051820623;-0.024709703;0.010277843
-0.02085435;0.015388488;0.026972275
-0.02840223;0.02715454;0.03407782
-0.043815535;0.029536132;0.039762255
-0.007708677;0.054097656;0.044309806
8.6430815E-4;0.008903124;0.004197844
-0.016496053;-0.01944;-0.034141727
-0.0069468427;-0.06164575;-0.03356338
0.018661276;-0.1008791;-0.045600705
0.03055402;-0.11507828;-0.023980564
0.0017869665;-0.10300013;-4.3445054E-4
-0.032945428;-0.0886501;0.03715244
-0.020887591;-0.04435758;0.04847195
-0.003428823;-0.038611062;0.0012775613
0.02225694;-0.03713885;-0.03647795
0.027180552;-0.02267983;-0.04793236
0.017838193;-0.065800115;-0.03834589
0.024426805;-0.10420259;-0.011926711
0.026572693;-0.081799574;0.027958632
-0.0053043454;-0.09356466;0.028616905
-0.013618477;-0.09203923;0.022893524
-0.010894781;-0.028318882;0.005814819
0.010034176;0.027344896;-0.032848146
-0.00916016;0.060938414;-0.026278516
-0.029984377;0.115156986;-0.039772812
-0.0052375025;0.13821934;-0.019318251
0.020809999;0.11838797;-0.0092046
0.0072729983;0.056429125;-0.0011136801
-0.016837852;0.0123308;0.005359056
-0.031439032;-0.03779161;-0.008212755
-0.005619975;-0.06617079;0.018429795
0.02441027;-0.09981163;0.020993836
0.0039032162;-0.0798493;0.02929507
-0.025783677;-0.08419194;-0.0078139445
-0.0050019417;-0.061103556;-0.025001155
0.032717198;0.012054657;-0.026250925
0.043361258;0.060424976;-0.02100074
0.047970258;0.04443373;-0.04805059
0.013376204;0.013671984;-9.4047334E-4
-0.022111537;0.028906338;0.04299762
-0.015345479;0.04265632;0.040648095
-0.025557633;-0.008062445;0.026268478
-0.022789856;-0.053324956;0.033514783
0.025518116;-0.056722466;-0.0106881745
0.0032269917;-0.054752972;-0.033550538
0.0049253437;-0.051614877;-0.039340433
0.018784026;-0.020979403;-0.037722345
-0.0021602802;-0.023033522;-0.017677877
-0.012665724;-0.0090518175;-0.007892301
-0.02732008;0.014633547;0.02493616
-0.025762314;0.024206838;0.08244893
-0.032328602;0.06233422;0.05345914
-0.06258163;0.090492375;0.017767314
-0.051627804;0.06067515;-0.01703615
-0.014739743;0.01963387;-0.05112892
0.011645705;0.014925847;-0.07840314
0.037441563;-0.025559323;-0.043972507
0.016672002;-0.022009958;-0.016428007
-0.007756149;-0.045732968;0.024357595
-0.013236169;-0.066273876;0.038236074
0.015973564;-0.0827066;0.049338862
0.054966353;-0.07241528;0.02072109
0.030691832;-0.042307224;0.016576871
0.028459715;0.009904222;-0.030488504
0.028236521;0.06573588;-0.0118908025
0.04524547;0.14243245;-0.022012642
0.057290126;0.19753972;0.0073898863
0.007550849;0.20256302;0.005911909
-0.08536557;0.13314417;-0.0015204728
-0.121417455;0.016671583;0.0050336216
-0.07838397;-0.06947523;0.0040268973
0.0021365779;-0.106361434;0.015721519
0.03608426;-0.13665165;0.025077214
0.02886741;-0.10932132;0.020061772
-0.030812321;-0.093707055;0.016049417
-0.08871236;-0.040590644;3.3953376E-4
-0.011594886;0.074558735;-0.037228372
0.12197409;0.21120949;-0.0485327
0.14523552;0.27599883;-0.045076158
0.09743842;0.22470532;0.020189073
0.014669484;0.11804551;0.05990126
-0.07810816;-0.031344842;0.035421006
-0.14295527;-0.16023213;0.0033368054
-0.13155173;-0.2625607;-0.016080556
-0.08336638;-0.32879856;-0.056614444
-0.021380603;-0.33491385;-0.057791557
-0.0061669825;-0.3351186;-0.06498324
0.004441414;-0.27278236;-0.058236595
0.044178132;-0.1947884;-0.021589277
0.033780005;-0.11051821;0.02022858
0.003586504;-0.01185207;-0.015067137
0.020056704;0.11551835;0.0066962903
0.046514113;0.15647717;0.03660703
0.09658629;0.12205674;0.016785625
0.066331536;0.066395395;0.025928501
-0.014122275;0.051553816;0.0207428
-0.06676657;0.04905555;-0.0021557596
-0.044038255;0.04861944;-0.0142246075
-0.0024181046;0.07483305;-0.011379686
0.044159267;0.06924144;0.022146251
0.056421164;0.055393152;0.048967
0.01779318;0.077127025;0.0391736
-0.0045154556;0.06951412;8.8880566E-5
-0.024706114;0.047798794;-0.037428897
-0.01585864;0.025739037;-0.048693117
0.013875587;0.029966228;-0.038954493
-6.182806E-4;0.023972983;0.0063364054
-0.021588374;0.005115886;0.036319125
-0.0282082;0.007217709;0.0603053
0.00790219;-0.027038332;0.03574424
0.025071753;-0.10756817;0.009845392
0.023963653;-0.13292953;0.007876313
0.0074521713;-0.07353113;-0.01869895
-0.008882013;-0.024449902;-0.052459158
7.068897E-4;0.030440079;-0.035717327
-0.009590738;0.096227065;0.002676138
-0.03423509;0.1058879;-0.0041090897
-0.052388072;0.06830407;-0.0032872718
-0.04503546;0.014018256;-0.027629817
-0.015715867;-0.0075353947;-0.015853854
0.014771057;-0.08884081;0.006066917
9.809552E-5;-0.12107265;0.017353533
-0.0077340235;-0.12654562;0.013882827
-0.0038434688;-0.13248649;-0.0013937386
0.011768975;-0.0856767;-0.013614991
0.03285268;-0.010728858;-0.0046419925
0.041125894;0.052354414;0.021286406
0.035244465;0.10750853;0.048279125
0.024289323;0.112569325;0.0198733
0.03271271;0.11193046;0.022148639
0.039451417;0.09813812;0.023968913
0.022186132;0.10351049;0.012925129
-0.0017823436;0.07343339;-0.020909896
-0.050644625;0.020465467;-0.004227917
-0.06317195;0.008559873;0.0028676663
2.4369004E-4;-0.0072146016;-0.010205867
0.025194952;-0.01670918;0.029335307
-0.010312788;-0.035242345;0.023468245
-0.03715648;-0.020381376;0.012524596
-0.055506434;-0.0397426;-0.008730323
-0.053780146;-0.07085658;-0.013234259
0.0015071318;-0.023872765;-0.010587406
0.047299456;0.015276789;-0.027219925
0.044089563;0.02472143;-0.02802594
0.010271652;0.030714644;-0.016170753
-0.033970177;0.035509214;-0.012936601
-0.013894893;0.026844872;-0.010349281
-0.018928414;0.035538398;0.010470575
-0.02373648;0.06593072;-0.01037354
-0.006489185;0.054307073;0.0042011677
-0.0067538484;0.039539408;-0.009139066
0.028971922;0.041787777;-0.0135612525
0.03411504;0.016242722;-0.010849002
-0.0031767203;-0.0026308221;0.028820798
0.014646124;0.017426591;0.04180664
0.010154399;0.0037850237;0.02719531
-0.016876481;-0.03603448;0.028006248
-0.029907435;-0.049140085;0.003654999
-0.04736345;-0.048687067;-0.0033260009
-0.04570326;-0.043637153;-0.0089108
-0.017812606;-0.039597224;-0.03212864
0.022468666;-0.016052779;-0.05070291
0.03125618;0.024657777;-0.02181233
0.011723695;0.05488247;0.007550136
0.035941456;0.085312225;0.04354011
0.06937817;0.099499784;0.05983209
0.09378378;0.14053732;0.054115668
0.075027026;0.15305486;0.043292537
0.04049037;0.13963139;0.0033840286
0.026923547;0.09217386;0.015207223
-0.0018986629;0.0065515884;-0.019084223
-0.010893931;-0.10335248;-0.034017377
-0.0063713943;-0.15924448;-0.033463903
-0.047284614;-0.20708309;-0.033021122
-0.093296446;-0.22972897;-0.032666896
-0.12619965;-0.20253317;-0.04488352
-0.09002222;-0.14171404;-0.023406815
-0.05014278;-0.06805873;-0.012475451
-0.013551723;-0.0013219859;0.021269638
-0.0014663782;0.06612991;-0.02048429
0.023045648;0.07321643;0.0023625689
0.049686518;0.033573143;0.014390055
0.035842963;0.008108514;0.0052620443
-0.0041381284;0.0064868117;-0.014540365
-0.023623003;-0.0026230507;-0.017882291
-0.0079609025;-0.0052234405;-0.0018058334
0.0014437782;-0.024491252;-0.0076946667
-0.0027512275;-0.033655502;9.426661E-5
-0.008450982;-0.061299402;-0.04367459
-0.0067607854;-0.04903952;-0.03493967
0.015685122;-0.054856617;-0.021701736
0.016454346;-0.014197794;-0.0048613884
0.05378848;0.018329265;0.021110889
0.048499532;-0.007211588;-0.0018612886
0.027080875;-0.02295677;0.011010969
0.04900845;-0.044927917;-0.0036912246
0.02748801;-0.079692334;0.01579702
-0.012384592;-0.102816366;0.056387614
-0.040376425;-0.09944059;0.038860094
-0.022926139;-0.042052474;0.024838075
-0.030059662;0.0038580203;-0.0051295403
-0.048266478;0.010898916;-0.06660363
-0.019863183;0.016531633;-0.065782905
-0.015890546;0.055412807;-0.046376325
0.013850063;0.09589274;3.989402E-4
-0.02173245;0.045464195;0.044069152
-0.05332346;0.009808857;0.06650532
-0.008283768;-0.0030904145;0.040704258
0.035560485;-0.018097332;-0.017436594
0.078448385;-0.012915365;-0.020199275
0.062758714;-0.0040822923;-0.01615942
0.0017694687;0.017046666;-0.012927536
-1.4692503E-4;0.012074833;0.02090797
-0.01574254;2.848664E-4;0.035476375
-0.019625282;-0.016959608;0.0033811014
0.005393524;-0.027630186;-0.0035451187
0.02150232;-0.017416649;-0.034086093
0.022670606;-0.024870818;0.010231124
-0.020144766;-0.043334156;-0.010565101
-0.044240814;0.005957676;-0.008452081
-0.03226765;0.061016142;-0.0067616645
-0.0062828697;0.08162541;0.013340669
0.029348705;0.09030033;-0.014327466
0.028947713;0.084740266;-0.011461972
0.01534567;0.06310471;0.022080421
0.0013390365;0.008296269;0.017664338
0.0026337293;-0.06836298;0.02663147
0.011481984;-0.10625289;-0.003694824
-1.8941333E-4;-0.08031481;0.003294141
-0.011870281;-0.03456435;-0.009864687
-0.0071524745;0.011411021;-0.02664175
-0.01900323;0.043503817;-0.0338134
0.020734916;0.081678055;-0.00830072
0.0033066832;0.052842442;-0.012890575
-0.018448403;0.026648954;0.014687539
-0.024133723;0.008819164;0.011750031
-0.015400728;-0.02106967;0.021900024
0.019710667;-0.024668235;0.03002002
0.040768534;-0.03379709;0.005266016
0.044333577;-0.05203767;-0.002037187
0.040935613;-0.058817636;0.01087025
0.03509224;-0.011116609;0.027446201
0.028073791;4.8171263E-4;0.02820696
0.024021532;0.02851037;0.016315568
-0.0057827733;0.072808295;5.524545E-4
-0.036657467;0.081684135;0.0066919634
-0.014482225;0.055972308;-0.013396429
-0.03658578;0.0010278476;-0.023217143
-0.036299873;-0.039802723;1.7628538E-4
-0.05794615;-0.05996718;-0.024858972
-0.05885692;-0.07297374;-0.026137177
-0.051773034;-0.074003994;-0.014659742
-0.035168428;-0.059203196;-0.036727794
-0.009384743;-0.014550056;-0.010632235
0.005773456;0.021172455;-0.008505788
-0.0016312354;0.08256296;-0.04430463
0.040882513;0.15823787;-0.041693706
0.065518506;0.1094028;0.0041450365
0.064133555;2.2237677E-5;-0.00918397
0.043494347;-0.08904471;0.023902824
-0.0034857732;-0.13686077;0.050372258
0.02377388;-0.16417612;0.03404781
0.057300355;-0.11415339;0.039738245
0.053652786;-0.053822715;0.013040597
0.025734728;0.0038168295;-0.014567523
-0.013787218;0.063990965;-0.04290402
-0.049311023;0.01681777;-0.028073214
-0.09335507;-0.088108286;-0.022458572
-0.10749655;-0.14236163;-0.024216857
-0.109434746;-0.1748268;-0.031873487
-0.0766103;-0.18517394;-0.03174879
-0.026913237;-0.16220166;-0.006649031
-0.0012180893;-0.06726132;9.3077525E-4
0.0052755284;0.021190941;0.019494621
0.025314173;0.124765255;0.021845696
0.024157587;0.16231221;0.029976556
0.05526357;0.19547476;0.030231245
0.07311711;0.1923173;0.030434996
0.029587435;0.13666634;0.011847997
-0.005236302;0.09214558;-0.0342716
-0.015126541;0.03465396;-0.021167282
-0.019132484;0.0011606702;0.020566175
-0.0067122364;-0.017821465;0.02895294
-0.0053697894;-0.06269467;0.023162352
-0.017577082;-0.08921824;0.012279881
-0.0046866653;-0.05887459;-0.027676094
0.0064069177;0.054462828;-0.07214087
-0.0011244657;0.20841402;-0.1077127
-0.0063683228;0.24329372;-0.11742016
0.027717842;0.15244746;-0.075186126
0.052643023;0.052426726;0.0023510973
0.04758317;-0.0018086204;0.08313088
0.041972786;-0.046759397;0.1415047
7.6572807E-4;-0.10615752;0.14445376
0.016237583;-0.23023851;0.08431301
0.06455257;-0.34981582;-0.0075495923
0.0821108;-0.41579014;-0.087289676
0.111782394;-0.4466946;-0.11358174
0.076144665;-0.45891818;-0.047115393
-0.003928019;-0.39838454;-0.012692313
-0.003142415;-0.31870764;-0.010153851
-0.09860768;-0.22371611;-0.00812308
-0.23201114;-0.018035393;-0.025248464
-0.24498391;0.17463419;-0.05769877
-0.09911213;0.24908234;-0.077409014
0.020710293;0.18989088;-0.030677214
0.058755733;0.1316002;-0.03079177
0.011067088;0.06778016;3.6658323E-4
-0.08645883;-0.01452587;0.050293267
-0.10041706;-0.053808197;0.040234614
0.005603849;-0.033671558;0.0071876906
0.081045575;-0.011312245;0.018250152
0.11483646;0.012825204;0.027100122
0.08015042;0.08369766;-0.015819902
0.0031828366;0.08258313;-0.050155923
0.014265019;0.048879005;-0.027624737
0.036412016;0.037540704;0.01540021
0.017410863;0.0019075627;0.056070168
-0.01497756;-0.07972395;0.094856136
-0.029169548;-0.15284166;0.07588491
-0.0061481385;-0.24571083;0.029457927
-0.01663726;-0.27781865;-0.02643366
-0.013309808;-0.08162993;-0.05864693
-0.014554097;0.18625855;-0.09066754
-0.060080778;0.49900684;-0.19128403
-0.060564622;0.7312367;-0.20302723
0.015610802;0.74592686;-0.01867178
0.113269895;0.6404915;0.12881258
0.049990915;0.47098696;0.19680005
-0.06078852;0.31741455;0.26994005
-0.13925582;0.24768165;0.25970203
-0.089529656;0.24033283;0.22026163
-0.05912372;0.25007877;0.032459304
-0.17229898;0.25553176;-0.12403256
-0.09252668;0.35520667;-0.14922604
0.19550991;0.38416532;-0.08188084
0.35562667;0.19405101;-0.021754669
0.2884076;-0.053352945;-0.011153735
0.05260107;-0.35674486;-0.008922988
-0.09620039;-0.4728959;0.08036161
-0.061335314;-0.4408167;0.17053929
0.048588;-0.37609085;0.19893143
0.1060579;-0.4133727;0.14664514
0.07312757;-0.44007316;0.017316116
0.012408305;-0.36455852;-0.104897104
-0.041635856;-0.15102182;-0.14016768
-0.06612118;0.043245044;-0.16213416
-0.070084445;0.10647104;-0.09220732
-0.091223806;0.14923933;-0.030015856
-0.10579155;0.13501646;0.0072373156
-0.12369574;0.109575674;0.037039854
-0.16926908;0.08219179;-0.0016181179
-0.19322777;0.05794093;-0.070044495
-0.07333222;0.009633994;-0.062285595
0.101490475;-0.040730305;-0.037328478
0.18666112;-0.07164674;0.001387219
0.16651641;-0.033879895;0.057359774
0.08868188;-0.0067914166;0.12088782
0.027195498;0.041441865;0.121710256
0.010037649;0.089403495;0.072368205
0.017405119;0.062147796;-0.035855435
0.038924094;0.007530736;-0.10993435
0.056139275;-0.056475412;-0.09419748
0.06991142;-0.09830533;-0.050357983
0.023116637;-0.15051927;-0.0027863865
-0.05181919;-0.1829154;0.04777089
-0.08208035;-0.20726983;0.063216716
-0.09066428;-0.17050336;0.06307337
-0.041281424;-0.09734019;0.031708695
-0.012712641;-0.03412215;-0.068383045
0.0054548876;0.05082728;-0.10470644
0.05827016;0.17816183;-0.096265145
0.13645987;0.27690446;-0.058262117
0.12635541;0.3191798;0.015890306
-0.044228178;0.2530001;0.056462243
-0.16194504;0.11255633;0.051419795
-0.17174353;-0.037298683;0.047385838
-0.056144826;-0.16421394;4.0866915E-4
0.07305289;-0.25949615;0.0065769353
0.11000481;-0.18103443;-0.013488452
0.082535096;-0.08389004;0.007959238
-0.005065671;-0.07023703;0.006367391
-0.070458785;-0.026502127;-0.019906087
-0.026679529;0.0881733;-0.0096748695
0.032562625;0.18928865;-0.020239895
0.04714385;0.1436184;-0.028691916
0.0049025808;0.005519729;-0.010453533
-0.035140436;-0.06902172;0.016637173
-0.06873735;-0.11927988;0.025809739
-0.03467738;-0.15792389;0.02064779
-0.004304403;-0.20290162;-0.008481767
-0.006568522;-0.2279463;-0.050535414
-0.042754818;-0.16516954;-0.09667833
-0.054516353;-0.06182313;-0.08359267
-0.012363084;-0.010396003;-0.04812413
0.04245328;0.026058197;-9.993055E-4
0.06443138;0.103659056;0.036700554
0.03826385;0.20167725;0.066860445
0.03295483;0.2754043;0.09098835
0.016988864;0.27579218;0.060290683
0.016716091;0.208915;0.023232548
0.021185374;0.1061945;0.006086038
0.04741705;-0.0025443998;0.01111883
0.01918364;-0.10203552;-0.0036049357
-0.01746559;-0.22694091;-0.02163395
-0.015534971;-0.24717773;-0.02980716
-0.012427976;-0.20867969;-0.017595727
-0.019317381;-0.12944375;-0.02032658
-0.042797655;-0.0988675;-0.0037612654
-0.079550624;-0.0931565;0.009490987
-0.1230155;-0.0401502;-0.01115721
-0.073412396;-0.00868266;-0.046425767
0.008457581;-0.0131961275;-0.049640615
0.055984814;-0.010556902;-0.064712495
0.06978785;0.05874198;-0.008019993
0.05192403;0.09386858;0.056084007
0.012632975;0.07665737;0.057367206
0.01791888;0.020700892;0.08339376
0.026053853;-0.060001787;0.09796501
-0.0025944167;-0.10268893;0.07212201
2.6821654E-4;-0.088401146;0.026447607
0.018964574;-0.036345914;-0.028841915
0.040171657;0.041235767;-0.029323531
0.009481077;0.15642612;-0.054708824
0.0075848615;0.12514089;-0.04376706
-0.04705711;0.2719877;-0.022513648
-0.10014569;0.40509018;7.390815E-4
-0.07699155;0.40219712;-0.043158736
-0.03346824;0.31628895;-0.05327699
-0.015837092;0.23974992;-0.04262159
-0.012669674;0.20742494;-0.015347272
0.03986426;0.17687745;0.043972183
0.09673516;0.07431446;0.10392775
0.11566938;-0.07414218;0.1706422
0.0487855;-0.13587625;0.15526375
0.008559651;-0.15479475;0.06796101
-0.008777279;-0.1785233;-0.0018811953
0.0140719265;-0.19906864;-0.07025496
-0.013742459;-0.22019242;-0.08120397
-0.056306466;-0.17459142;-0.07121317
-0.068482675;-0.14592314;-0.05072054
-0.03291114;-0.13705102;-0.00932643
0.03070234;-0.10807831;-0.013711144
0.030030621;-0.03646265;0.0077810846
-0.027538003;0.0067673805;0.0124748675
-0.0892179;0.036663905;-0.021270106
-0.14949933;0.035581123;-0.06701609
-0.10866196;0.048777398;-0.06611287
-0.046304565;0.07105317;-0.015390295
0.044206347;0.13418628;0.0064377645
0.093958825;0.21828653;0.05515021
0.16266707;0.20666048;0.06287017
0.1996649;0.13095337;0.044046134
0.15973192;0.028200202;0.022736909
0.041066784;-0.063377336;0.030689526
-0.07574032;-0.11867062;0.018301621
-0.13715476;-0.1105615;-0.016608702
-0.0737863;-0.1368867;-0.044536963
0.026908455;-0.10950936;-0.06062957
0.031683013;-0.017294986;-0.029753655
-0.012934838;0.06663276;0.013697076
-0.054097872;0.09939996;0.06095766
-0.041715797;0.10451997;0.11751613
-0.022435138;0.07189722;0.044012904
-0.04451061;-0.07138847;-0.08978968
-0.05592099;-0.19304828;-0.11558174
0.019325709;-0.17162612;-0.14871539
0.07874182;-0.1779259;-0.043972313
0.052055955;-0.17202821;0.064822145
-0.057573985;-0.07512257;0.09560772
-0.11480919;0.055526942;0.08273617
-0.041847352;0.09129655;0.05993894
0.080584615;0.09881849;-0.0020488482
0.15274894;0.1290548;-0.039139077
0.118292905;0.13761884;-0.031311262
0.015728075;0.081970066;0.0062009897
-0.05226129;0.044482306;0.011210792
-0.051184032;0.042617094;0.015218633
-0.040947225;-0.008093826;0.0059249066
-0.0022890305;-0.06506881;-0.020260075
-0.0057374747;-0.077055044;-0.03495806
-0.0077149794;-0.05539404;-0.021716448
-0.018671984;-0.05681523;0.013876841
-0.064937584;-0.045452185;0.011101473
-0.04570007;-0.012924247;-0.03486882
-0.022497555;-0.016589398;0.015854944
-0.0023730446;0.03204098;-0.037316047
0.084820315;0.07797653;-0.036102835
0.148325;0.10456873;0.0023677307
0.1670975;0.12584248;0.014394185
0.0758655;0.014736486;0.05526535
-0.008057599;-0.15149206;0.06921228
-0.014258579;-0.21963115;0.024119822
-0.024688113;-0.21320492;-0.030704143
-0.06428174;-0.24400143;-0.024563314
-0.062362894;-0.27957615;0.017849348
-0.032702815;-0.19397342;-0.01697052
-0.011318501;-0.019241234;-0.019826416
-0.03014855;0.061169513;-0.028361132
-0.04286884;0.10831061;-0.016438907
-0.026482573;0.15071099;-0.0069011254
-0.03212356;0.2252563;0.0069791
-0.013198847;0.21848628;-0.00691672
0.022253422;0.17478903;0.019466624
0.05217774;0.10936247;0.021823298
0.06127344;0.021864977;0.02370864
0.071675;-0.05282052;2.1691142E-4
0.10734;-0.120381415;1.7352913E-4
0.08977825;-0.14005513;0.018888824
0.048385102;-0.08548161;0.008861058
0.002770581;-0.0027602846;-0.024161153
-0.053252283;0.08529177;-0.03182892
-0.027758079;0.10963967;0.030786863
-0.008925213;0.10724299;0.012129489
-0.02432767;0.03579439;0.0034535916
-0.030399635;-0.02292699;-0.015987126
0.006149041;-0.06834159;0.012210298
-0.008362017;-0.104673274;0.01601824
-0.030127114;-0.12123862;-0.030935409
-0.020195441;-0.1469909;-0.055998325
-0.0450626;-0.12853022;-0.051048663
-0.054800082;-0.085636675;-0.03458893
-0.042277567;-0.032571837;-0.015171143
-0.026009552;-0.010432471;-0.018386915
-0.005182642;-0.0067834766;0.004040468
0.030228887;-0.011676781;0.009482374
0.02418311;-0.006216425;0.0138358995
0.028721487;0.00752686;0.011068719
0.03078969;0.04820899;0.0026049758
0.015256752;0.07137969;0.014583981
0.027049152;0.10085375;0.0116671845
0.009920571;0.099433005;0.034333747
-0.014719793;0.0545464;0.052467
-0.042244583;-0.004800379;-0.020526402
-0.04317067;-0.0772778;-0.04767112
-0.025161535;-0.105572246;-0.038136896
-0.014660478;-0.11570779;-0.024259517
-0.011728382;-0.09100374;-0.019407613
-0.010945206;-0.05874049;-0.009276091
0.0045250854;-0.015742391;-0.007420873
0.022370068;0.024906088;-0.030936697
0.041333556;0.10429987;-0.012249359
0.033066843;0.1115649;0.027700514
0.034265976;0.111126915;0.04716041
0.01960028;0.09046403;0.04397833
0.019586474;0.053621225;0.016432663
0.011762929;0.035084482;0.01314613
0.018785343;-0.007869915;0.023016904
0.009559525;0.0030790681;0.018413523
-0.0025086303;0.021213254;0.020980818
-0.0020069042;-2.1689641E-4;0.016784655
-0.012543024;-0.011111017;-0.030322276
-0.01628442;-0.041701313;-0.02425782
-0.010683785;-0.09273605;-0.025656257
-0.046828277;-0.16012634;-0.008025005
-0.056212623;-0.15466358;-0.037670005
-0.0605951;-0.13466837;-0.036386
-0.012538578;-0.103047185;-0.010358803
1.2538735E-4;-0.03868775;0.010462957
-0.02255594;0.0393623;0.0021203663
-0.013357252;0.10648984;-0.010803707
0.026032949;0.12737937;0.0038570345
0.045826357;0.1237785;0.009335628
0.04447359;0.1068353;0.019968502
0.04651637;0.07921824;0.0472248
0.034088094;0.05868709;0.056529842
0.030395476;0.029762173;0.032723874
-0.013964869;-0.0043152617;-0.017570902
-0.028359395;-0.009702209;-0.020306721
-0.043781266;0.017238233;-0.022495378
-0.03502501;-2.7191403E-4;-0.0054963017
-0.03192626;-0.03303003;-0.016897041
-0.019291008;-0.056111526;-0.013517633
0.022848444;-0.10895172;-0.023314107
0.035466254;-0.09966137;0.0063487147
0.028373003;-0.040666603;0.005078972
0.022698402;0.026841719;0.016563177
0.010346223;0.09022337;-0.011749458
-0.014379272;0.1206162;-0.028149566
-0.011503418;0.09649296;-0.022519654
-0.007640234;0.07250687;0.0069842776
0.013419063;0.023630494;0.024337422
-0.00488975;-0.015470604;0.03196994
0.02499445;-0.040501483;-0.01192405
0.00827681;-0.023026187;-0.02203924
-0.006659802;0.03157905;-0.011381392
-0.0037653416;0.08932574;-0.034105115
0.020425227;0.08317934;0.01646591
0.03352768;0.026699724;0.031922728
0.017447146;-0.03801522;0.05678818
-0.005573534;-0.08666217;0.020430546
-0.008365077;-0.11307974;0.022594437
-0.078567065;-0.12483879;-0.013174451
-0.21910365;-0.09362104;-0.05428956
-0.33153293;-0.092084326;-0.07468165
-0.25585133;-0.17054246;-0.14099532
0.015631432;-0.21299647;-0.13779625
0.28438014;-0.16414717;-0.022737004
0.40172288;-0.06413024;0.0693104
0.31903455;-0.024741692;0.111698315
0.19429013;0.050519146;0.17060865
0.10543211;0.15291531;0.13648692
0.040595684;0.26295725;0.10293954
0.0629453;0.32520956;0.02610163
0.09098124;0.34298015;-0.066618696
0.05715999;0.27047786;-0.078294955
-0.15505326;0.18747604;-0.006385965
-0.3818551;0.065605834;-0.011358772
-0.40548408;-0.065484084;-0.015337017
-0.27126226;-0.20863727;-0.043519612
-0.031072315;-0.2887848;-0.041065693
0.122017145;-0.31384036;-0.032852553
0.16714497;-0.2510723;-0.026282042
0.16027847;-0.15867032;0.041474365
0.09541028;-0.07224876;0.039429493
-0.030703027;0.05313849;0.012793594
-0.15268742;0.16282329;0.0039848755
-0.17214994;0.19119613;-0.0343121
0.007592551;0.16467565;-0.00869968
0.20529279;0.14658427;0.030540256
0.27907798;0.123517424;0.061932206
0.16779363;0.07381394;0.062045764
0.010016159;0.0074886493;0.024636611
-0.08183082;-0.03463408;-0.01779071
-0.061558407;-0.060519766;-0.02673257
0.010128274;-0.034353312;-0.040136054
0.019040119;-0.007170149;-0.025858844
-0.061330404;-0.04792362;-0.0019370753
-0.10843933;-0.10083889;0.00470034
-0.10393896;-0.12598361;-0.033739727
-0.09096367;-0.14297439;-0.020741783
-0.014958434;-0.13000451;-0.016593426
0.030220753;-0.06806611;-0.01327474
0.046832852;-0.01851539;-0.0043697925
0.03981003;0.022687688;-0.003495834
0.067785524;0.06190015;0.022203332
0.06750967;0.09327012;0.042762667
0.056351487;0.1105536;0.034210134
0.05289369;0.11188038;0.021118106
0.011064951;0.13716055;0.029394485
-0.05755429;0.13629094;0.004765588
-0.10776218;0.1113765;0.0038124705
-0.14089724;0.048476204;-0.034450024
-0.1220928;-0.008094038;-0.058810018
-0.08048674;-0.09241273;-0.028298015
-0.03470189;-0.16611768;-0.05388841
-0.038699012;-0.24226914;-0.06186073
-0.038771708;-0.2610028;-0.024488583
-0.015392368;-0.21505225;-0.007090867
0.012686106;-0.1032918;-0.030672694
0.038273886;0.025179056;-0.030788155
0.027494108;0.14045575;0.0066194762
0.038401537;0.22564584;0.05529558
0.0150962295;0.25473544;0.069236465
0.012076983;0.15613209;0.030389171
0.09403659;0.058499422;0.011811337
0.13304177;0.020237038;0.02194907
0.098620914;0.03493963;0.0050592558
0.036709234;0.043576706;0.016547404
-0.022195114;0.056736365;0.038237926
-0.016193591;0.04851409;0.05559034
-0.009048623;0.012248773;0.038222272
5.736016E-4;-0.023013482;-0.006922183
-0.02844737;-0.098098285;-0.030537747
-0.048539147;-0.13941613;-0.043180197
-0.051331315;-0.15372041;-0.05329416
-0.036377553;-0.11047632;-0.017635327
-0.06972704;-0.043068558;-0.007858261
-0.11828163;0.024920154;-3.6608744E-5
-0.06337531;0.04806112;-0.025029287
0.024299754;0.029073898;0.0049765706
0.077252306;-0.015803382;0.016481256
0.07664559;-0.075142704;0.006935005
0.046472725;-0.092926666;0.005548004
0.03717818;-0.097778834;0.023188403
0.052398793;-0.031348065;-1.992774E-4
0.053637784;0.06398405;0.018590579
0.036660228;0.13243724;0.021122463
-0.0027030676;0.16766854;0.01689797
-0.038881205;0.13960359;-0.005231624
-0.063917466;0.060120367;-0.010435299
-0.03707147;-0.034716208;-0.027098238
-0.0070009264;-0.12933546;-0.021678591
-0.018881992;-0.15971838;-0.017342873
-0.027605593;-0.1340247;-0.013874299
-0.028334474;-0.09003226;-0.004849439
-0.014855079;-0.072025806;-0.016379552
0.024053436;-0.015433146;-0.006853641
0.055180248;0.050153483;0.013267088
0.0753942;0.079185285;-0.0018863302
0.050159108;0.063348226;0.0047409358
0.030752288;0.053803585;0.0037927488
0.01288308;0.030542867;0.0217842
0.010306464;0.041621793;0.017427359
-0.022223579;0.056734934;0.007691887
-0.025591362;0.03132545;0.01865351
-0.0071918406;0.014122859;0.039922807
-0.040128473;0.025360787;0.031938247
-0.046165276;0.0062261294;-0.011949403
-0.040057223;-0.08876909;-0.065809526
0.0124854725;-0.13351528;-0.065147616
0.04045713;-0.05212472;-0.08336809
0.032365702;0.019237723;-0.035444476
-0.025669938;0.021640178;0.02789442
-0.03459845;0.0032496424;0.022315536
-0.04017876;-0.016150286;0.04910243
-0.0055805086;-0.05042023;0.020531943
0.043191843;-0.077836186;-0.033574447
0.06892847;-0.12008145;0.004390443
0.04576778;-0.113252655;0.0035123548
0.032707974;-0.042164627;0.015309884
0.010541379;-0.0071692006;-0.006502093
-0.022035647;0.02551464;0.013548326
-0.013722267;0.10009921;-0.0016613395
-0.009415314;0.13007937;0.017420929
-0.010657251;0.044688497;0.0076867426
0.0274117;-0.022061704;-0.012600605
0.01255436;-0.023899363;-0.028830485
-0.024331512;-0.02068199;-0.016814388
-0.00227771;-0.04310809;-0.00720151
0.011459082;-0.079798974;0.037988793
-0.008020234;-0.11071418;0.055391032
-0.03141619;-0.049508844;0.0068128267
0.00142955;0.015080425;-0.044549737
-0.00432511;0.05581434;-0.06688979
-0.007366338;0.05246397;-0.03476183
0.00973193;0.04040868;0.015940534
-0.025026957;0.0135769425;0.019002426
0.019822186;0.013986554;0.033951942
0.051014;0.014314243;0.020911554
0.059561197;0.047388893;-0.014520757
0.06874271;0.047286116;-0.042866606
-4.7458307E-4;0.03939139;-0.015543285
-0.040223416;0.029950613;0.03131537
-0.042334985;-0.007289509;0.0438023
