-0.007760334;-0.017081175;0.020940095
0.008635483;-0.00741494;0.010502076
-9.0411364E-4;-0.018431952;0.008401661
-0.02884829;0.016504439;-0.0057786712
-0.0043286327;0.025703551;0.007877063
0.023099594;0.02056284;0.01255165
0.022385925;0.016450273;0.0037913204
0.02025249;-0.014964782;0.0030330562
0.004483242;-0.021346826;0.014926445
-0.021413406;-0.01707746;-0.019308845
-0.024943225;-0.010536969;0.0033029248
-4.233301E-4;9.454253E-4;-0.00360766
-0.0042449143;0.0038813401;0.003363872
-0.016677182;-0.0031449278;0.008941097
0.003845755;0.022484059;0.013402878
-0.004735896;0.021112246;-0.0017776976
0.017305033;0.032514796;-0.013922158
0.021656526;0.026011838;0.013862274
-0.006112279;-0.00419053;0.004839819
-0.015827322;-0.015852423;-0.027378146
-0.022818109;-0.02518194;0.0030974841
0.006745513;0.0017294487;-0.022522014
-0.009447339;-0.0079914415;-0.0055176103
-0.017714122;-0.003268153;0.020585911
-0.0024525472;-0.008864522;0.0039687296
0.009756712;0.005408382;0.0031749837
0.02108662;0.026201706;0.0025399867
0.026244296;0.027211364;0.008281989
0.020995436;0.009269091;0.012875591
0.007421349;0.013665274;0.004050473
-0.0112504205;-0.026567781;-0.028009621
-0.0050940863;-0.018129226;0.0025923029
-0.007981519;-0.02700338;0.0020738423
0.020177284;-0.024727704;-0.017090926
0.0028605778;-0.019782163;-0.007422741
-0.022711538;-0.0033257306;0.012811807
-0.01973173;-0.0026605844;0.0039994456
-0.010316635;0.010371532;0.028199557
0.0073716925;0.023922225;0.016309645
-0.0034776458;0.028512781;-0.0057022837
0.015967883;0.0040602246;0.007938173
0.020586807;-0.012376821;-0.012399462
0.0031881954;-0.022401456;-0.0036695693
-0.0052619437;-0.002296165;-0.0029356554
0.009071695;0.013788068;-0.021098524
-0.011492644;-0.0077195456;-0.010628819
-0.013100365;-0.0061756363;0.0039969445
-0.0050115422;0.007559491;-0.009302445
-0.004009234;0.0060475925;-0.0074419556
-0.020394888;0.039213073;0.0127964355
0.0024340905;0.04074546;0.0039871484
0.037103523;0.010721368;0.028189719
0.023432817;0.008577094;0.010051775
0.014840004;0.0037366753;0.02054142
-0.0068779965;-0.02513566;-0.008566864
-0.021127397;-0.03573353;-6.034912E-4
-0.012995668;-0.028586822;-0.012982793
0.014603466;-0.03536946;-0.016636234
-0.010973478;-1.7056629E-4;-0.013308988
0.013877468;0.002988547;-0.00439719
0.0056332243;0.0023908375;-0.009767752
-0.02049342;0.00816267;-0.0015642015
-0.0015509863;0.012780136;0.017498638
0.006571711;0.013349108;0.02024891
0.0036948686;-0.004945713;0.016199129
0.009987145;-0.0039565703;-0.005790697
0.011895966;0.0030847436;-0.0046325577
-0.0014207272;-0.003782205;0.015043954
-0.011292832;0.003224236;-0.0067148367
-0.016065516;-0.0036706112;-0.01787187
-0.016758662;-0.01856149;-0.008047496
-0.01731318;-0.002349191;-0.0064379964
-0.020100543;0.007495647;0.0010996028
0.0034508149;0.005996518;0.007129682
0.0105731515;-0.026452785;-0.013046254
0.008458521;-0.011787228;-0.010437003
0.0106730675;-5.4782966E-5;-0.0020996027
7.259538E-4;0.024956174;-0.007929682
-0.018950487;0.03246494;0.018656254
0.0043708603;0.0040969513;0.008675003
-0.0058783116;0.015777562;6.9000275E-4
-0.012515149;-0.0092529515;0.006802002
0.01655038;-0.001152361;-0.025808398
0.021052804;-0.016546888;0.010603282
0.024654744;-0.019487511;-0.004017375
0.019723795;-0.015590009;-0.0157139
-0.018595964;0.018777993;-0.01257112
-0.030501772;-6.0260564E-4;0.008693104
-0.028307667;0.0057679154;7.0448325E-4
-0.0054586334;-0.0016356676;5.635866E-4
0.007351843;-0.004433534;-0.02454913
0.019162724;0.005828173;0.0053606955
0.016892679;-0.004712462;0.010538557
0.010389144;-0.0068949694;-0.004069155
-0.032313686;-0.033640977;-0.015755324
-0.025850948;-0.008162781;-1.04259154E-4
4.1299156E-4;0.021594776;0.018666593
-0.0012321067;-0.0014741794;0.0086832745
0.037295565;0.0050706565;6.9661933E-4
0.0048364517;-0.002193475;-0.0056927046
0.0077754115;-0.02050478;0.0079458365
0.013251579;-0.032028824;-0.012393331
0.0106012635;-0.01937306;-0.022414664
-0.00870649;-0.015498447;-0.024181731
-0.038996443;-0.006148758;-5.9538544E-4
-0.020259652;-0.017419007;-0.012976308
-0.027145222;0.007939795;-0.0041310466
-0.016247429;0.009476836;-0.0033048373
0.023720808;0.0075814687;0.01610613
0.047101647;0.012315175;0.025384905
0.036118817;0.02547714;-0.010942076
0.019520054;0.014131712;0.009996339
-0.0015714573;0.00818037;0.00799707
-0.0012571658;0.0065442957;-0.012352344
-0.012724482;-0.016639564;0.0026181254
-0.0062733362;-0.0039366507;-0.0104054995
-0.018299919;0.015600679;-0.0020743997
-0.030264935;-0.009394457;0.01084048
0.002350552;-0.035640564;0.008672385
-0.009057058;-0.016012453;-0.0055620926
0.017754354;0.0028150382;-0.0106996745
0.015765982;0.0053770305;0.016440261
-0.0045747138;0.0011766244;0.0069022086
0.0041527287;9.412996E-4;-0.0069782333
-5.840669E-4;0.01325304;-0.0118325865
0.0050014965;0.019977432;-0.015716068
0.013376197;-0.0058930544;-7.285538E-5
-0.0041427924;-0.029714443;-0.018808285
-0.022845484;-0.048771556;-0.008796628
-0.015932636;-0.017142244;-0.025787301
-0.0033711097;-0.010588795;0.0043701585
-0.012071888;-0.011596036;0.0034961267
0.00752999;-0.006151829;0.021546902
0.019305242;0.0138285365;-0.0077624787
0.0021629436;0.01106283;4.0016897E-5
0.0095428545;-0.0067747366;3.2013515E-5
0.0013842839;-0.002294789;2.5610814E-5
0.0034511772;0.02003917;-0.0062295115
-0.0034890582;-0.008968665;0.0012663909
-0.009822496;-0.025924932;0.0010131127
0.0093295025;-0.014489946;-0.03668951
0.009026102;0.029033044;0.008148392
-0.0076228683;0.045101434;0.0065187137
0.0032767053;0.007956148;0.005214971
0.0065276143;0.0032399183;0.029171977
0.0067845914;-0.0067830654;0.0045875814
0.0015214231;8.235477E-4;-0.002579935
-0.0042516114;6.5883814E-4;0.004186052
-0.0018387892;-0.00884793;-0.0029011583
0.010247719;-0.0039533437;0.010179074
-0.001176825;0.003087325;0.0018932587
-0.03766021;0.00871986;-0.017235393
-0.04184692;-0.0023991119;0.0049616857
-0.015508784;-0.03004429;-0.014780652
-0.0014695276;-0.017785432;-0.005574521
0.023824379;-0.0048533455;-0.023209617
0.06359075;0.0054923235;1.8230641E-4
0.029778851;0.013768859;-0.006104155
-0.0035206685;-0.0014849128;0.020116676
-0.013754034;0.00818707;0.022343341
-0.018815728;0.012799656;-8.7532727E-4
-0.0041150823;0.013364725;-7.0026185E-4
6.141842E-4;0.0013167798;-5.6020945E-4
0.004397597;-0.017696576;-0.0129481675
-0.004294422;-0.007907261;0.020891465
-0.0010917877;-0.025075808;0.016713172
0.01631407;-0.010685647;8.705382E-4
0.009145006;0.038326483;-0.0055535696
-0.0059652454;0.043161187;0.0018071445
0.004602804;0.01577895;0.020195715
0.009150993;-0.006126841;0.0036565724
-0.0075229555;0.0013485271;0.002925258
-0.0060183643;0.013578822;-0.010159793
-0.008720942;-0.017261943;-0.008127835
-0.005414253;-0.0013095541;-0.0127522675
-0.0019876526;0.0052023567;-0.0039518145
0.003878628;-0.027088115;0.0030885485
0.010915402;-0.021670492;-0.016279161
-0.0068926783;0.0107886065;-0.01927333
7.3585747E-4;0.033630885;0.003331337
0.023244936;0.017529707;0.02141507
0.013127198;0.0077737668;0.023382057
0.001126759;-0.012530987;0.0062056445
0.0024639072;-0.022524789;0.0049645156
-0.028497625;0.0038551686;-0.021028388
-0.0212356;0.0030841348;-0.01057271
-0.0037072294;-0.010032692;-0.002208168
-6.220336E-4;0.007598846;0.016983466
0.0034086232;-1.7092298E-4;0.0010867724
0.008195649;0.0061132615;8.6941797E-4
-0.014537231;0.014265609;0.006945534
-0.005379785;0.008287488;-0.013193573
0.002727422;3.7998994E-4;0.008195142
-0.0048493124;-0.018446008;-0.0059438865
0.0031518;0.0071181934;-0.004755109
-0.01622856;0.0025695548;0.0024459127
0.009673402;0.014555644;0.02695673
-0.0016362783;0.011644515;-0.003434616
0.017440977;0.015565612;0.022252308
0.010827782;0.00932749;0.0053018457
8.497255E-4;0.0074619916;0.010491476
0.0022422804;-0.0127804065;0.027143182
0.013512574;0.0022756746;-0.0032854548
-0.01575244;-0.0075544603;0.003621636
-0.012601952;-0.018543568;-0.015852692
-0.017894061;-0.017959854;-0.018932153
0.01068475;0.0075071165;-0.0026457224
0.008547801;0.006005693;-0.002116578
-0.01034926;0.0048045544;-0.014193262
-0.014529408;0.0038436435;0.01364539
-0.009279776;0.006199915;-0.007833688
-0.005861321;0.011209932;-1.6950296E-5
0.035935942;0.0027179455;-0.00626356
0.022498755;0.0052993563;0.019989152
-0.0030947463;-0.002010515;-0.009008679
-0.013413297;-0.007858412;-9.5694285E-4
-0.022449387;-3.6729518E-5;0.011734446
-0.01014701;-0.006279384;0.0031375566
-0.010461358;-0.011273507;-0.0099899545
-0.009931587;-0.012143806;-0.014241964
-1.3276919E-4;-0.025340045;-0.011393571
0.013175035;-0.010897036;-0.015364856
0.0011650277;-0.008717628;0.012708114
0.0024945221;-0.006974103;0.041416492
0.0137143675;0.019420717;0.020633193
0.020346494;0.037411574;0.022756554
0.012370945;0.04867926;-5.447563E-4
-0.016665744;0.0045684073;-0.012935805
-0.019582596;-0.002595274;-0.010348644
0.011677674;-0.008326219;-0.0020289153
0.010904639;-0.025410976;-0.020373132
-0.0029950386;-0.00470378;-0.010048506
-0.01958353;-0.006888024;-0.0017888045
-0.007854325;0.0069895806;0.023568956
0.01324779;0.027466664;0.012605165
0.021535732;0.031348333;-0.002415868
0.025041087;0.015703665;-0.0019326943
-0.010435881;0.0031879323;-0.020296156
-0.021629956;0.0056753457;0.0025130757
-0.002460214;-0.011084723;0.01451046
0.0019380787;-0.021367779;-8.916316E-4
0.024987962;-0.004594223;-0.006963305
0.01608412;-0.013050378;-0.005570644
0.0105235465;0.0051846975;-0.0044565154
0.012325087;0.013522758;-0.009815212
-0.0010774303;0.029568207;0.02964783
-0.025861945;0.026779564;0.004968264
-0.037877057;0.015173652;-0.008525388
-0.024832895;-0.015986077;-5.70311E-4
-0.021428816;-0.037788864;-4.5624876E-4
0.0070756976;-0.04585609;-0.025364999
0.022848058;-0.03668487;0.004708001
0.036247198;0.0050271023;0.0037664007
-0.0022522428;0.019646682;0.01551312
-0.026801795;0.040717345;0.018660497
-0.021441435;0.032573875;0.014928397
-0.024184398;0.041684102;0.011942717
0.0126837315;0.005222281;0.015804173
0.041396987;0.0041778246;0.0063933395
0.029211339;0.0033422597;-0.0011353286
0.01946282;0.012048808;-0.013408263
-0.0016172436;-0.024735954;-0.01697661
-0.0052000447;-0.051038764;-0.0010812882
-0.019785035;-0.02833101;0.011634969
-0.03301553;0.0023351917;-0.0031920245
1.50077E-4;-0.0012568467;-0.00880362
0.010276312;0.017744523;-7.928957E-4
-0.0019352008;0.017320618;-0.013134317
0.01251434;0.013856495;-0.004257453
0.0021989716;0.0017101956;0.009094037
-0.0021470727;-0.014256843;0.01352523
0.020938592;-0.005155475;-0.007929816
0.015188374;0.0021256201;-0.0063438527
-0.005036801;-0.017049504;-0.017575081
-1.23191E-4;-0.013639603;-0.0015600658
-0.015723553;0.0047133174;0.011251947
-0.008672592;-0.002479346;0.021501558
-0.028031824;-0.026983477;-0.0077987537
-0.01695671;-0.037211783;-0.024989003
0.020809634;-0.020394426;-0.0074912026
0.032272708;-0.01631554;-0.005992962
-0.003088085;-0.009927432;-0.02354437
-0.017314218;0.0045580543;-0.0063354955
-0.013851374;-0.008853557;0.0074316035
-0.0056123496;0.0054171546;-0.006554717
0.02597887;0.019958723;0.0010062263
0.023126846;0.031591978;8.04981E-4
0.029438976;0.028398583;-0.005606015
-0.020198818;8.438666E-4;0.03926519
-0.017721554;-0.0055749067;0.0064121503
0.004572756;-0.0044599255;-0.0011202798
0.015376955;0.00580706;-8.962238E-4
0.009957814;0.010895648;-0.013216979
-0.009221249;-0.006908482;0.008176417
-0.028470749;-0.011776785;0.0127911335
-0.020432848;-0.015671428;-0.008517093
8.412206E-4;-3.714268E-5;0.011936326
-0.0047957734;0.024970286;-0.00920094
0.0016321312;0.026226228;-0.0011107518
0.013024455;0.005355983;0.017861398
0.019794565;-0.005090214;0.0017891189
-0.020883098;0.02092783;-0.011068705
-0.006550229;0.016742263;0.009895036
0.005697317;0.03526881;0.020416029
-0.014192146;0.0032150485;0.0038328231
0.011302533;-0.006802961;-0.021933742
0.011385776;-0.017942369;-0.036296993
-0.008078879;-0.0018538951;0.014712405
-0.004900603;-0.0014831162;0.018019924
-0.0039204825;0.0050635072;0.02066594
0.019519864;0.035300806;0.010282751
0.014053391;0.043865643;0.0144762015
0.019055214;0.0100925155;0.01783096
0.0019629204;0.011199012;0.0017647689
-0.021867163;-0.00666579;-0.023588184
-0.01905623;-0.002207632;-0.018870547
-0.013682485;-0.008016106;-0.015096438
0.008585262;-0.0064128847;-0.012077151
-0.02203804;-0.008255308;0.00908828
-0.021536682;-3.5424606E-4;0.013520624
0.005426904;0.012216603;0.004566499
0.037154023;0.025398282;0.009903199
0.02816072;0.020318625;-0.0045774407
0.022528576;-0.011870099;-0.0036619527
0.00239786;-0.01262108;-0.002929562
-0.019175462;-0.019471863;0.00390635
-0.01299662;-0.01870249;-0.0031249197
-0.0072722957;-0.0055869925;-0.008749936
-0.041755337;0.017405406;-0.019499948
-0.03574802;-0.007950676;-0.009349959
0.019839084;-0.01573554;0.005020033
0.04243377;-0.006338432;0.0040160264
0.037853263;0.0011792543;0.021962821
0.013095112;0.013443403;0.023820257
-0.01843016;0.007629723;0.012806205
-0.009275379;0.018603778;-0.008505035
0.002735947;-0.0069919773;0.018195972
-0.0040612426;-0.024343582;-0.016693223
-0.035280243;-0.035099864;-0.032104578
-0.034474194;-0.021829892;-0.013183663
-2.3560612E-4;-0.020588914;0.0019530699
0.024030264;-8.461312E-4;0.0015624559
0.004380462;-6.769049E-4;-0.0050000353
0.01678562;0.021333477;0.008499972
0.009522246;0.013941781;-0.011950023
0.009961546;0.0049034245;0.0029399819
0.018906737;-0.0023272603;0.0148519855
0.02293789;0.013763192;-0.0068684113
-0.017587189;0.0141355535;-0.005494729
-0.024226;0.023808442;0.020604217
-0.0021933005;-0.005953246;0.0039833733
0.013870359;-0.0047625965;-0.009313301
0.016565038;0.0024399227;-0.001200641
-2.9219811E-5;-0.019923061;-0.013460513
-0.007835876;-0.02218845;0.0017315897
-0.017206201;-0.01150076;0.0076352716
-0.01610871;-0.015450608;0.0123582175
-0.010543219;1.3951387E-4;-0.008863426
0.027502926;0.0032366111;0.011659259
0.02043984;-0.016160712;0.015577408
0.0140081225;0.005821431;0.012461926
-0.0075435024;0.029657144;0.009969541
-0.027128551;0.017475717;0.0017256326
-0.01623409;0.013980573;0.013880506
-0.006737273;0.011184459;-0.013895595
0.026641432;0.0058225663;0.020133523
0.034594394;-0.0047169467;0.009856819
0.002675516;-0.013148557;-0.023364544
-9.845871E-4;-0.026143845;-0.024941636
-0.02422517;-0.011540077;-0.019953309
-0.032661386;0.022017939;-0.0034626469
-0.018316608;0.008239351;-0.009020117
-0.018559536;3.414807E-4;0.017783906
0.0023398704;-0.018476816;-0.0045228754
3.093964E-4;-0.030406453;-0.0286183
0.022903766;-0.030575162;0.01460536
0.031604264;-0.011960129;-0.019565713
0.01590841;-0.012693103;-0.02190257
0.008820479;-0.013279483;-0.030022055
0.001587633;-0.013748586;-0.017767645
-0.048729893;-0.02037387;0.017035885
-0.046796415;0.0055759046;0.013628707
-0.021812132;0.020085724;0.004652966
0.013019045;4.4357905E-4;-0.0025276272
0.011977736;-0.009020137;0.016727898
0.026769688;-0.01971611;0.007132319
0.019853251;-0.025147887;-0.031794146
0.0158826;-0.02011831;-0.019185316
0.01661233;-0.012969648;-0.002848253
-0.0038976355;0.0021242816;-0.021028602
-0.022649359;0.0141994255;-0.004322882
-0.011869486;0.03323454;0.015291695
-0.01340184;0.0109626325;-2.6664438E-4
0.010372278;0.024395106;0.0060366844
0.021579072;-0.0054839156;0.011079348
-0.013205492;0.011237868;-0.009886522
0.019904356;-0.0097597055;-0.0016592175
0.019829735;-0.023432765;0.011172626
0.008051288;-0.0031212117;-0.0035618993
-0.02246522;0.0037530307;0.009650481
-0.036722176;-0.0032475756;-0.011029615
-0.01453399;0.0036519396;-0.008823693
0.0016540576;-0.0127034485;0.005441046
0.009135746;-0.022662759;-0.014397163
0.009652347;-0.008755207;-0.0052677304
0.0038156274;-0.016379166;-0.0042141844
-0.010228748;0.0056466674;0.015378652
0.0066607515;0.020142334;0.018552922
0.022516102;0.012988867;0.008592337
0.02426288;0.007266094;0.01937387
0.017066555;0.033937875;0.021749096
-0.009003006;0.0271503;0.017399278
-0.005639905;0.00922024;-0.0048305783
-0.0084181735;-0.001998808;0.008635537
-0.01767204;0.0015259536;-0.02434157
-0.018043881;-0.008154237;-0.019473257
-0.020685105;-0.01277339;-0.009328605
-0.008735584;-0.013343711;0.011287116
0.0062927827;-0.0075499695;0.009029693
0.037846725;0.0033350245;-0.0052762455
0.03183988;0.0026680196;-0.0042209965
0.018440655;0.0021344156;0.015373203
-0.016497476;0.0017075326;0.024798563
-0.013197981;0.010741026;0.00733885
-4.0213476E-4;0.02109282;-0.0066289203
-0.008134208;0.026249256;-0.011553136
-0.015882365;0.030374406;-0.015492509
-0.008799643;0.0024245242;-0.012394007
0.023429036;-0.02618538;-0.016165206
0.018743228;-0.033448305;-0.012932165
-0.010005417;-0.0017586435;0.0146542685
-0.017379334;0.0017180851;0.011723415
-0.002965967;-0.0017505318;0.0031287316
-0.006279024;-0.0045254254;-0.0037470146
-0.0050232187;-0.0036203405;-0.0029976116
-0.004018575;0.006478728;-0.008648089
0.00459764;0.014557982;0.0118315285
-0.005696888;-0.028978614;-0.015534777
0.0071612396;-0.010682891;-0.0061778217
-5.210084E-4;0.013328687;-0.0049422574
0.005833193;0.0012879495;0.002296194
0.008572805;0.01665536;0.014336955
0.025608243;0.013324288;0.030219564
0.029861595;0.01065943;0.017925652
0.014514276;-8.4745587E-4;0.008090521
-0.009482329;0.008697036;-0.012277583
-0.036492113;-0.027417371;-0.0035720665
-0.02919369;-0.021933898;0.003392347
-0.0038237025;-0.0019221179;-0.016036123
0.004753538;0.0047123055;-0.006578898
-0.0024471697;0.0068948446;0.019736882
-0.0035202357;0.011765876;-0.009210494
0.0065588113;-0.0062122997;0.005131604
0.010715799;-0.014344839;-0.0021447167
-0.015646111;-0.0052258717;-0.0017157734
0.008576862;-0.0010556973;-0.0076226187
-0.007201011;-0.007094558;-0.031098096
0.011426691;-0.0056756465;1.2152406E-4
-0.005702397;0.004834483;0.012597219
-0.017843168;0.019492587;0.028827775
-0.010368284;0.012469069;0.010562221
0.015924122;0.019350255;0.020949775
0.018989298;0.018605204;0.010509821
-0.0019960615;-0.010115837;-0.016592143
-0.01722185;-0.026842669;0.0054762852
0.011222521;-0.021474136;-0.020618971
-0.0027407336;-0.023429308;-0.028995177
-0.028755087;-0.0124934465;-0.016946143
-0.03628532;0.0025052426;-0.0010569135
-0.029028255;0.0051291944;0.005404469
0.016621146;0.004103355;0.004323575
0.055484418;0.022032684;0.02220886
0.054543782;0.027001148;0.0052670883
0.025666276;-0.0065240823;-0.02078633
-0.0060294787;0.016655734;-0.022879064
-0.048573583;8.245875E-4;-0.03080325
-0.03885887;-0.02434033;0.0253574
-0.016243342;-0.031972263;0.0015359195
0.023724075;-0.0068278112;0.0074787354
0.015073011;0.03203775;0.012232988
-0.0035665918;0.0600052;-0.008963609
-0.009884523;0.03237916;0.011579113
-0.014157618;-0.0084716715;0.00926329
0.009767655;-0.009902338;-0.017589368
0.003907874;0.0014531303;0.0046785055
0.01328255;0.0011625042;0.009992804
0.020001039;9.3000336E-4;0.0017442437
-0.0011866685;0.0069940025;0.013895395
-0.004855585;0.030595202;0.017366316
-0.015603218;0.04322616;0.013893053
-0.010138825;0.01895593;0.023614442
0.016107691;-0.025460256;0.018891554
0.009761153;-0.023493206;0.002613243
0.0054651718;-0.003169564;-0.022909405
-0.0073466124;-0.01816065;-0.024577525
-0.02072104;-0.0114035215;-0.02591202
-0.022826832;-0.0028728168;0.0042703846
-0.008105216;0.0039517465;0.009666308
0.0067970776;0.015661398;0.007733046
0.034343913;0.009404118;-6.3563224E-5
0.00794388;0.007523294;-5.0850576E-5
0.0047926037;0.0060186354;-4.068046E-5
0.001490333;0.014189908;0.012467456
-0.012088983;0.014476927;0.016223965
-0.025296187;0.014706541;0.019229172
0.008669301;-7.3476695E-4;-0.0033666627
-0.00400206;-0.009962814;-0.0089433305
-0.011014148;-0.023595251;-0.032154664
0.004469932;-0.0251262;0.0117762685
-0.0018928045;-0.0013509606;0.003171015
0.018798256;0.0020442316;-0.016213188
-0.005273895;0.0016353852;0.02452945
-0.014375366;0.010683308;0.0071235597
-0.005250293;0.0022966466;0.011948848
0.009081015;0.014337317;0.0033090783
-0.0083601875;-0.0041551464;-0.0036027376
0.0144056;-0.003324117;0.00961781
0.0076182303;-0.0057842936;-0.004805752
-0.025936665;-0.0015024348;-0.016344601
-0.009811833;-0.013701948;-0.013075681
-0.013318216;-0.0140865585;-0.004210545
0.014345427;-0.023769246;-0.003368436
0.022413842;-0.028390396;-0.0026947488
0.0046498235;0.005412682;-0.008405799
-0.0072176415;0.010580146;-0.0067246393
-0.0018678631;0.008464117;8.702886E-4
-0.0054005403;0.009896293;-0.0118037695
-0.010570432;0.0047920346;0.009306985
-0.0022063458;0.0069586276;0.0011955878
-0.013483827;0.005566902;-0.01154353
0.0024941887;-0.014296479;-0.002984824
0.030901602;-0.0083121825;-0.014887859
0.04347128;-0.019149747;-0.018160287
0.017589524;-0.024694797;0.010471771
-7.721303E-4;-0.0072558373;0.0021274162
9.447957E-4;0.02232033;0.001701933
-0.029712914;0.049106263;0.026361546
-0.0026765808;0.03928501;0.027339237
-0.011516265;0.0033030089;0.02187139
-0.019369261;-0.022357592;-0.020002889
-0.01315166;-0.024136074;-0.01600231
-0.0011463275;-0.02243386;-0.019051848
0.021739189;-0.027322087;-0.008991479
0.01582885;-0.03748267;-0.013443183
0.0071943305;-0.033111136;0.0017454536
0.009661715;0.004761091;0.013896363
-0.023520628;0.028808873;-0.0013829097
-0.024285253;0.029297099;0.005143672
-0.0139594525;0.03906268;0.004114938
-0.008823812;0.006250143;-0.0029580498
0.0046597007;-0.0012498857;-0.00861644
0.03419651;-0.02599991;-6.4315187E-4
0.027357208;-0.023924926;0.0057354784
-0.0015517334;-0.016014941;-0.0016616172
-0.0028038868;-0.012811953;0.004920706
-0.02333686;-0.010249563;-0.002313435
-0.022575738;0.0011753499;0.004399252
-0.01024809;0.01969028;-0.008980598
-0.006635972;0.012627224;-0.007184479
0.011878722;-0.014898221;0.006752417
0.022784228;-0.005668577;0.0054019336
0.029946132;0.023590138;0.029321548
0.0067694057;0.02199711;0.0047072377
-0.007865725;0.017597688;-0.00873421
-0.01957383;-0.001546849;-0.006987368
-0.039096564;-0.007487479;6.601056E-4
-0.0062772515;-0.015364983;5.2808446E-4
0.022321949;-0.006041987;-0.0058275326
0.04207631;-0.007958589;-0.017162027
0.0375673;-0.0063668713;0.01752038
0.0019288379;0.010531503;-0.010983696
-0.03126943;0.008425202;0.009963043
-0.021109294;0.016115163;-0.017029567
-0.005168685;0.031642128;0.0051263473
0.010708802;0.009688703;0.010351078
0.014035791;-0.0047490373;0.008280862
0.015134883;-0.0037992296;-0.018375311
0.016014157;-0.012414384;0.004049752
0.0049988255;-0.019306507;0.009489802
-0.009282189;0.012679795;0.013841841
-0.026175752;-0.0023561644;-0.007676527
-0.0459406;-0.0050099315;-0.049891222
-0.01565873;-0.016507946;-0.008662977
-0.037526984;-0.013206356;0.011819618
-0.018302837;-0.019940086;0.028205695
0.029107729;0.0027979321;-0.014935444
0.038911182;0.0053633456;0.0068016443
0.027222697;0.010540676;0.017941315
0.023340657;0.011557541;0.014353053
-0.009452474;0.021746034;0.011482442
-0.015374479;0.017396826;-0.009564047
0.0103566665;-0.001707539;-0.0076512373
-0.008902167;-0.010741031;0.00637901
-0.012590484;-0.017967826;-0.0011467917
-0.0022598866;-0.03312426;-0.013417433
0.005223341;-0.032749407;-0.029483946
0.0041786726;-0.013699526;-0.017337156
-0.009938312;-0.007834621;-0.013869726
-0.00795065;-0.006267697;-0.011095781
0.01317073;0.016860843;0.016123375
0.008192834;0.010363674;0.0191487
-0.0043832324;0.023915939;0.0028189602
-0.003506586;0.02850775;-0.016494831
0.02922598;0.013431201;0.011804135
0.031193284;-0.02363004;-0.015556692
-0.0016078721;-0.03765403;-0.031195354
-0.045817547;-0.026998226;-0.024956282
-0.05384154;0.00340142;0.023784973
-0.012604481;-0.012903864;0.012777979
0.055541415;-0.007198091;0.016472382
0.05615188;0.009866527;0.0069279065
0.013671506;0.02039322;-7.0767483E-4
-0.023437794;0.019439578;-5.661399E-4
-0.022656485;0.018676661;-4.529119E-4
-0.011875189;0.0055663297;-0.0066123297
-0.007937651;0.016953064;9.6013636E-4
-0.011818871;0.0041874507;0.013268109
-0.007892597;0.0033499608;0.010614487
0.0030609227;-0.012945032;0.03974159
0.027448738;-0.007231025;0.0067932718
0.02977149;-0.00265982;-0.025815383
0.019910943;-0.011502856;0.004347694
-0.016102497;-0.0029522849;0.0034781552
-0.026944498;-0.005486828;-0.009717476
-0.017649347;-0.013764462;-0.0015239806
-0.003963228;0.0014884302;0.0050308155
-0.0055143326;0.016815744;-0.008475347
0.004963534;9.5259526E-4;-0.006780278
-0.006966673;-0.014862924;-0.017924223
-0.029010838;-0.0150153395;-0.020589378
-0.01695867;-0.0026372713;-0.003971502
0.009089313;-0.002109817;0.021822799
0.011177701;0.0045621465;0.011208238
0.03550466;0.013024718;-0.00978341
0.03230998;0.026044773;-0.014076727
0.018035483;0.027085818;0.019988619
-0.021509115;0.009168656;0.009740895
-0.02736354;0.0073349243;0.014042716
-0.021890832;-0.009757061;-0.020015828
0.0020185837;-0.010930649;-0.028512662
0.022708617;-0.0024945189;0.008439871
0.022073144;-0.017620616;0.019251896
0.002033515;0.014028508;-0.003348483
-0.003841938;0.017472805;0.034821212
0.0023951996;0.042103246;0.009106971
-0.0035525903;0.030557595;0.0010355767
0.0049704276;0.021321077;-0.005421539
7.009216E-5;0.013931861;0.0081627695
5.6073728E-5;0.0017704892;0.019030215
-0.02104889;-0.0110836085;-0.009775828
0.008160887;-0.027616886;-0.026570663
0.01355996;-0.02209351;0.0037434702
-0.003995782;0.013575193;0.0029947762
-0.007102876;0.0014851539;-0.003854179
-0.0072448007;-0.008186877;0.015666656
-0.01360834;-0.0065495013;3.3325403E-5
-0.0093241725;-0.0021146012;-0.0062233396
0.008165662;-0.011066681;-0.011228671
0.010438779;-0.011978345;0.022267062
-0.0018052263;-0.015832676;-9.363499E-4
0.015743319;-0.009541141;0.01175092
0.011032155;-0.013882913;0.003150736
-0.009924276;-0.00798133;0.008770589
-0.01575192;0.015489936;-0.02423353
0.008492214;0.024891948;-0.013136823
0.004450021;0.03866356;0.0019905416
-3.462334E-4;0.015305847;-0.010907567
0.009879263;-0.009630322;0.0037739465
0.007903411;-0.026454257;0.015519157
7.272851E-5;-0.021163406;-8.4674204E-5
-0.0038480673;-0.013805725;-0.02506774
-0.014015954;-0.02354458;-0.0013041915
-0.021369014;0.003039336;0.005206647
9.228959E-5;-0.0069435313;0.0104153175
0.028980082;-0.008679825;0.008332254
0.021621566;0.00868114;-0.012084197
1.09752276E-4;0.025694912;0.0028326425
-0.010068448;0.0049309297;-0.003983886
-0.0018047586;8.197437E-4;0.0030628913
-0.009256307;-0.005594205;-0.0037996871
4.0745453E-4;0.008024636;-0.00928975
-0.007486536;1.6970877E-4;0.0050682
-0.013801729;-0.015489233;-0.0021954398
-0.011041383;-0.012391387;-0.014256352
-0.0010206066;-0.0036631091;0.0073449183
0.0085585145;-0.009180487;-0.031624064
0.010753062;0.0051556104;-0.019049251
0.0070399493;0.010374488;0.0160106
-0.0060867905;0.017674591;0.025308479
5.993176E-4;0.020389672;0.013996783
-0.022176797;0.016311739;0.0049474263
-0.012272687;0.01304939;0.003957941
0.015181851;-0.0051854877;0.0031663529
0.031676732;-0.01664839;-0.0037169177
0.026903884;-0.025818713;-0.009223534
-0.011289393;-0.00815497;-0.0011288273
-0.010594014;-2.7397578E-4;-0.019653061
0.012618539;-0.01271918;-0.01572245
0.010094831;-0.0101753445;-7.79596E-5
-0.013017885;0.0012347244;0.012437632
-0.03932056;-0.0021372205;0.009950106
-0.022081446;-0.007959777;0.020460084
0.005772343;-0.0063678212;0.0038680676
0.016336624;0.004280743;0.0030944543
0.024006799;-0.012200406;0.014975564
0.01139294;-0.012885325;0.02448045
-0.0041668983;0.0021917406;8.3436054E-4
-9.897687E-4;0.029878393;-0.024332512
-0.003135565;0.036402714;-0.013216009
-0.002508452;0.013497171;0.0019271926
-0.0035692616;-0.0048272633;-0.010958246
-0.0067616594;0.0023881895;0.0037334033
-0.010878078;0.0019105516;-0.009513278
0.015516288;-0.0047215587;-0.007610622
0.02803803;-0.016277246;-0.018588498
-0.010382076;-0.009896797;0.016379202
-0.01924316;0.007707562;0.019353362
-0.0060195285;0.02179105;0.00923269
0.012371877;0.01743284;0.019886151
0.015366252;0.017071271;0.015908921
0.010730501;0.029282017;0.006477137
-0.017978098;-0.004699386;0.02393171
0.002805021;-0.02250951;0.012895368
0.0155252665;-0.018007606;-0.020933706
7.014634E-4;-0.017531086;-0.010496965
-0.029907579;-0.0077748685;-0.014647571
-0.039551064;0.009405105;0.0070319427
-0.0277346;0.0075240843;0.024375554
0.01218732;0.009144267;-0.017999556
0.021468606;-0.008309586;-0.014399646
0.005456134;-0.02539767;-0.0052697165
-0.008916343;0.0046818648;-0.016715772
0.008491926;-0.0056295083;-8.7261846E-4
0.02163729;0.011121393;0.024301905
0.023559833;0.040147115;-0.0118084755
0.005566616;0.022742692;-0.0031967806
-0.028359206;0.015069153;0.022442576
-0.043781117;0.0120553225;-7.959396E-4
-0.016274892;0.012769259;0.0056132483
0.011980086;0.0070904065;-0.008009401
-0.005259681;-0.009952675;-0.03765752
-0.012020245;-0.02046214;-0.017626017
0.013040054;-0.053869713;-0.0016008135
0.037775792;-0.03684577;0.017469348
0.039595634;0.004898384;0.0077254795
0.033239007;0.044543706;-6.961651E-5
-0.011690044;0.073134966;0.012444307
-0.043727037;0.039757974;0.016205445
-0.028731627;0.009931378;4.6435636E-4
-3.2905248E-4;-0.017054897;0.006621485
-0.005731992;-0.029268919;-0.007202812
-0.039741844;-0.017165134;0.012987751
-0.021637226;-0.0074821073;-0.0083598
-0.01730978;-0.005985686;-0.0066878395
-0.013847824;-0.0079135485;-0.017850272
-0.0032657592;0.04054416;0.029469782
0.045043644;0.04181033;0.029825825
0.06494117;0.03969826;0.036360662
0.06679668;0.04738361;0.05408853
0.0135935955;0.05665689;0.030770823
0.004624876;0.06095051;0.0058666584
-0.022862598;0.014385409;-0.007806673
-0.01829008;-0.04474167;-0.006245339
-0.016194563;-0.07641834;-0.03624627
-0.030143151;-0.09550967;-0.04149702
-0.02098952;-0.07328273;-0.020697614
-0.0050728666;-0.04300119;-0.02280809
0.017035456;0.009349048;-0.011996472
3.4711545E-4;0.05435424;-0.009597178
0.009652692;0.07473339;0.036072258
0.011628404;0.056661714;0.041357808
0.028833972;0.05782937;0.020586245
0.03634843;0.027513497;0.022718996
0.0040787426;0.0095107965;0.011925196
-0.044393256;-0.03301636;-0.034209844
-0.041764606;-0.06078809;-0.058617875
-0.0138804335;-0.06113047;-0.021894298
0.015458153;-0.070779376;-0.0050154394
0.012366522;-0.040998504;0.014737649
0.002080718;0.029701198;-7.0988125E-4
0.007914575;0.05813596;0.018182095
-0.0014808405;0.08400877;0.020795677
-0.0066534225;0.07970701;0.02288654
-0.023291487;0.023140611;0.012059232
-0.01238319;-0.006487511;-0.0028526138
-0.013812803;-0.04581501;0.010217909
0.017856007;-0.06165201;-0.004325673
0.027566057;-0.06494661;-0.015960539
0.0025215952;-0.048832286;-0.0065184305
-0.0034514738;-0.020315828;0.0010352555
0.010520071;-6.276622E-4;-0.0054217954
6.0355675E-4;0.01824787;-0.0043374365
-0.0065484047;0.052098297;-0.009719949
-0.026332473;0.07292864;0.01722404
-0.0140347285;0.02709291;0.0012792326
0.008303467;-0.006450672;0.026023386
0.021486523;-0.005160538;-0.004181291
0.006251719;-0.01975343;-0.028345034
-0.002811125;-0.018927744;-0.010176026
0.01103235;-0.024517195;0.010609179
0.02054463;-0.028988756;0.0022373432
0.008623204;-0.023191005;0.014289875
0.008461063;0.018947195;-0.0010681004
-0.008074899;0.021407757;-8.544803E-4
-0.02208492;-0.0016237946;-0.013183584
-0.025480436;-0.007549036;-0.03554687
-8.530985E-4;0.015835771;-0.015937494
0.007130021;-0.009206383;-0.006499995
0.022891518;-0.032365106;0.0010500039
0.023781963;-0.016517084;8.4000314E-4
0.022931822;-0.013213668;6.720025E-4
0.0011579567;-0.013695935;-0.011962398
-0.016261134;-0.007831748;0.0029300817
-0.018477658;-0.009390398;0.021094065
-0.009313377;-0.0137623185;0.0106252525
-0.009013201;-0.007884854;0.0022502018
-0.015023061;0.006192116;0.008050161
-0.015924698;0.014328693;-0.006059871
0.004447741;0.014587955;-0.023597896
0.026214443;-8.296365E-4;-0.018878317
0.017065303;-0.01941371;0.009897346
3.7099345E-4;-0.0061559672;0.0016678768
-0.005171955;0.0013252262;0.013834301
0.0036749358;0.013560181;0.004817441
0.012314948;0.017098146;-0.008646047
-0.009679291;-0.0019464842;-0.013166837
-0.009305933;-0.0078071873;0.01446653
-0.030100996;-0.00624575;0.017823223
-0.005330797;0.0106284;-0.016991422
-0.0019208876;0.02725272;-0.0073431367
0.01330704;0.012427176;0.025375491
0.041114382;0.013066741;0.026550392
0.007891506;0.0042033927;-0.003759686
0.021938205;-0.0028872858;-0.021757748
0.008175564;-0.02730983;-0.004906199
-0.01845955;0.012527137;0.0023250408
-0.01633014;0.01002171;0.008110032
-0.013064112;0.0111423675;-0.006011974
-0.018263789;0.015163894;-0.0048095793
-0.05523603;0.009006116;0.008652337
-0.011376325;-0.017795108;0.013171869
0.03074269;-0.014236086;0.0042874953
0.04021915;0.004236131;-0.015320004
0.03061282;-0.009111095;-0.018506004
0.020584008;-0.019788876;-0.014804802
-0.014782794;-0.0033311008;-0.005593842
-0.021201236;0.019210119;0.008024926
0.0025702617;-0.0065069045;0.0064199413
-0.0041937907;0.016669476;0.017635953
-0.020542532;0.02271058;0.0078587625
-0.012527776;0.005668465;-0.01246299
-6.472208E-4;-0.03609023;-0.016220393
0.019013474;-0.038247183;-0.025476314
0.03239828;-0.046222746;-0.007881051
0.024356123;-0.0463532;0.018695159
0.011672398;-0.018332558;0.014956128
-0.027380832;9.5895404E-4;-0.013035098
-0.027373414;0.013267163;-0.0041780784
-0.016429981;0.03248873;0.021657538
-0.018612735;0.041615985;0.0048260298
0.010109811;0.0051677874;-0.014889176
0.02683785;-0.01149077;-0.018161342
0.02772028;-0.027942616;-0.020779073
0.010457474;-0.04735409;-0.016623259
-0.012727771;-0.031633273;-0.0132986065
-0.039088465;0.009068381;-0.016888885
-0.031270772;0.0041297046;0.0052388916
-0.021110369;0.012678764;0.022941113
0.0135804545;0.03826801;0.01835289
0.006958114;0.039989408;0.027182313
0.02900399;0.006991527;0.00299585
0.031015692;0.011843221;0.01489668
0.0052813045;0.0032245773;-5.8265595E-4
-0.011399956;-0.025545338;-0.025466125
-0.027869966;-0.03918627;-0.0078729
-0.027764723;-0.025099017;0.0062016803
0.013725722;-0.023204213;0.017461345
0.013324328;0.0033116294;-0.017280925
0.0028469623;0.005774304;-0.0138247395
-0.02115993;0.0108694425;0.013940209
-0.018490445;0.011820555;0.011152167
-0.0069798552;0.021956444;-0.0035782668
0.020978617;0.020690154;-0.009112613
0.022251643;0.019677123;-0.007290091
0.006863814;0.009491699;4.1792743E-4
-7.5894874E-4;0.01071836;0.025334341
-6.07159E-4;-0.016425313;0.014017474
-0.011423227;-0.02251525;-0.0012860212
-0.0021073318;-0.0117622;-0.007278817
-0.0032483654;-0.01565976;-0.024573054
-0.022129942;0.003097192;-0.007158443
-0.009891454;0.0024777537;0.0067732455
0.015524337;0.0019822028;0.011668596
0.01945072;0.020335762;0.015584878
0.006185576;0.0068936097;-0.006282098
-0.013801539;0.021139888;-0.005025679
0.0077087684;-0.01746309;0.008479457
0.027260765;-0.0045954715;-0.030716434
0.010089862;-0.0036763775;-0.012073147
-0.016146861;-0.002941102;-0.003408518
-0.04416749;-0.0054778815;-0.0027268142
-1.7774077E-4;-0.0012573053;-0.0021814515
0.009232807;-0.022880845;-0.007995161
0.012854996;-0.012054675;0.006103871
0.008721497;0.01848126;0.011133097
0.012445947;0.008535008;-0.0035935226
0.017769258;0.0037030063;0.009625182
0.0064029065;0.009212405;0.0014501456
0.009028575;0.007369924;0.013660116
-0.02168339;-0.0034790607;-0.0015719068
-0.029065462;-0.027783249;-0.020007525
-0.009189869;-0.0472266;-0.02225602
0.005929354;-0.031531278;-0.011554817
0.0063059833;-0.022100024;0.009506147
-0.008236463;-0.0051800185;-0.004895082
0.01841083;-0.010394015;-0.016416065
0.020197414;0.004184788;-6.328528E-4
-0.008842069;0.01897283;-0.0067562824
0.014020095;0.015178264;0.007094974
0.015122326;0.012142612;0.0056759794
-0.014464639;-0.0090359105;0.0045407834
-0.0076654614;0.008396272;-0.015117373
0.0149613805;0.003592017;-0.0183439
2.503546E-4;-2.5138634E-4;0.0040748813
0.0056690336;-0.02207611;-0.015490095
-0.004839773;-0.04578589;-0.012392076
-0.013246818;-0.03037871;-0.009913661
0.0026837953;0.010072032;-0.007930929
0.015428286;-0.0013173743;-9.474294E-5
-9.3862106E-4;-0.0166789;0.006174206
-0.025750896;-8.431195E-4;0.0049393647
-0.022163218;0.021200504;0.010201491
0.004925676;0.020085404;0.014411193
0.019565541;0.016068323;0.011528955
0.0133086825;-0.0058953417;0.009223164
0.0012719461;-0.026591273;-0.011371469
-0.002888693;-0.03377302;0.0034028247
-0.0023109545;-0.027018415;0.0027222598
-0.022942513;-0.002864732;-0.016572192
-0.022260262;0.016458215;-0.007007754
-0.019370709;0.025666572;0.006893797
-0.002215317;0.036158256;0.011765038
0.017758997;0.028926605;0.03441203
0.027488448;0.020016285;0.015029624
0.025897007;0.012888027;-0.012976301
-3.761438E-4;-0.011564578;0.0021189593
-0.008113415;0.015748337;-0.023304833
0.006790518;9.867018E-5;1.0613402E-4
0.0038699144;-0.006171064;0.0063349074
-8.103185E-4;-0.008061851;-0.013682074
-0.033460755;0.009175519;0.0078043407
-0.017393604;0.016715415;0.0062434725
-6.3363306E-4;0.025872333;0.011244778
0.0018368436;0.042572867;-0.0035041776
0.024125725;0.030933293;0.003446658
0.0060193297;-0.006503366;-0.022242673
-0.006903286;-0.027077693;0.019705862
-0.003178879;-0.021662153;0.003264689
0.024019398;-0.0048297234;0.008861751
0.0020280175;0.011761221;0.0070894007
-0.023377586;0.003158977;-0.013078479
-0.029639568;0.0025271818;-0.016712783
-0.010430405;-0.0073532546;0.005379773
0.022124426;-0.0152576035;0.0043038186
0.01926204;0.009668917;0.022193056
0.013847132;0.032735135;0.011504444
0.0071714562;0.032438107;0.0029535552
0.013549665;0.0040754853;0.002362844
0.003027232;-0.021739611;0.014390275
-0.034296963;-0.0017666892;-0.00723778
-0.019625071;-0.01703835;-0.012040224
0.007737443;-0.03238068;-0.022132179
0.024939954;-0.044654544;-0.011455744
0.014483213;-0.045098636;-0.034164596
-0.009507179;-0.0017039088;-0.008581676
0.0072380067;0.026761873;0.03063466
-0.005147095;0.052659497;0.030757727
-0.010367676;0.0233776;-0.0066438178
-0.01376289;-4.792102E-5;-0.011565055
0.021802187;0.006211663;0.0032479565
0.0229105;-0.013780669;-0.016151635
0.02067215;-0.051649537;0.012078692
-0.03189978;-0.03194463;-0.015337046
-0.017707324;-5.557028E-4;2.3036299E-4
-0.01572836;0.024555437;-0.012315709
-0.011020187;8.9435023E-4;-0.016102567
-0.0010036499;-0.030534519;-0.006632054
-0.0047091697;-0.033802617;0.0071943565
0.025138915;-0.033292092;-0.0067445147
0.03729863;-0.020383675;-0.017895611
0.022026405;-6.819393E-4;-0.02681649
-0.008941376;0.024454448;-0.0027031915
-0.0384031;0.01956356;0.010337447
-0.01509748;0.021900848;0.020769957
0.009015765;0.0050206776;-0.008384034
-0.0021623876;-0.008483458;-0.0067072273
-0.0056361603;0.011963233;-0.011615782
-0.006852678;-0.009179413;0.009457375
-0.010950892;0.0020314695;0.0013158997
0.004520536;-0.0046248245;0.0073027196
