0.05166951;0.12174409;0.014575601
0.028835606;0.109895274;-0.0133395195
0.035568483;0.10354122;-0.0028591154
0.03470479;0.09064547;-0.017521666
0.02151383;0.08345388;-0.004642334
-0.0077889357;0.038638104;-0.003713867
-0.04373115;0.023097983;0.012263281
-0.028734919;0.015353386;-0.00933
-0.047987934;0.02322021;-0.035979625
-0.007140348;0.049826168;-0.038549326
0.013037722;0.042985935;-0.042167585
0.016680177;0.015638746;-0.010687193
0.013344142;-0.0062390026;0.014497121
-0.026824687;-0.0424912;0.0018320715
-0.040209748;-0.07149296;0.020606283
-0.0446678;-0.07438187;0.0012506507
-0.03573424;-0.097005494;-0.010718229
-0.028587392;-0.065104395;-7.620835E-4
0.0021300868;-0.067708515;0.014624708
-0.01704593;-0.054166812;3.7164157E-4
-0.038636744;-0.026145952;0.017484814
-0.043409396;-0.03654176;0.029222226
0.0027724835;-0.03392091;0.01400278
0.039717987;0.008800773;-0.0044227755
0.07552439;0.017978119;0.01208678
0.07916951;-0.009055005;-0.011424326
0.06333561;-0.008806504;-0.013045711
0.025668487;-0.027357703;-0.058483444
0.02053479;0.0031138374;-0.067880504
0.016427832;0.04780357;-0.063679405
0.013142265;0.052305356;-0.07008415
-0.0082361875;0.041844286;-0.050207943
0.01841105;0.013162928;-0.02493198
0.03347884;0.0152178425;-0.01799246
0.033033073;0.018424274;-0.016347092
0.038926456;0.02098942;-0.0130776735
0.006141166;0.019916534;0.006725361
-0.013837067;-0.023129271;0.0073334137
0.0076803463;-0.029440917;-0.009367644
0.012394277;-0.029802734;-7.224015E-5
-0.0025845785;-0.0050921873;-0.0059171673
-0.0020676628;6.1375025E-4;0.012844391
-0.014154131;-0.0229465;0.027463013
-0.036323305;-0.0511697;0.031345412
-0.041558642;-0.06749826;0.019607577
-0.026996914;-0.047748607;0.046154812
-0.03409753;-0.039761387;0.0158301
-0.0022780253;-0.02868411;0.00485158
0.02942758;-0.05107229;0.01755314
0.023542063;-0.07367033;0.017948762
0.01883365;-0.030811263;0.010452759
0.027566921;-0.0152740115;0.048596583
-0.0029464634;0.004968291;0.08301789
-0.03985717;0.010224633;0.085164316
-0.031885736;0.009742206;0.0626627
-0.05675859;0.006231265;0.06106766
-0.039156873;0.022172512;0.03557288
-0.025075497;0.03492551;0.022989552
-0.0075603975;0.052940406;-0.021842733
0.031451683;0.081414826;-0.026849186
0.012661345;0.02763186;-0.0023387242
-0.039870925;-0.02164451;-0.024917854
-0.01939674;0.006121891;-0.037121784
0.021982608;0.028335012;-0.033603676
0.011336087;0.05235551;-0.059304815
0.03406887;0.05282191;-0.082209475
0.052255094;0.061007526;-0.07318946
0.048054077;0.05974352;-0.054645315
0.032193262;0.06341982;-0.0726225
0.03200461;0.061673354;-0.031144878
0.031853687;0.050901182;-0.051869027
0.01923295;0.040720947;-0.039542098
0.00913636;0.045076758;-0.054680552
0.007309088;0.040748905;-0.04765069
0.04334727;0.040411625;-0.032261178
0.034677815;0.0573293;-0.023855818
-0.022257747;0.04273844;0.0059153456
0.0134438025;0.0013782517;0.044966653
0.017005041;-0.022334898;0.03206707
0.013604034;-0.02880542;0.048700534
0.035883226;-0.024606835;0.031147925
-0.008793418;-0.018122967;0.040152717
-0.08203474;0.038626626;-0.0022528276
-0.10937779;0.0309013;0.021244613
-0.04375223;-0.07215396;0.036136314
-0.010001784;-0.096785665;0.036330927
-0.033001427;-0.07899103;0.023595992
-0.07015114;-0.05225533;0.03801742
-0.056120913;-0.052741762;0.04174206
-0.03239673;-0.05625591;-0.0029344773
-0.032167386;-0.05750473;-0.019535081
-0.025733909;-0.06944128;-0.02148744
-0.026837125;-0.038365524;-0.024611827
-0.002719701;-0.0135049205;0.024060538
-0.0021757607;-0.010803936;0.01924843
-0.014240609;-0.07114315;-0.00921063
-0.036392488;-0.050664518;0.00786587
-0.02286399;-0.092094116;0.048480198
-0.043291193;-0.122112796;0.04620603
-0.009632953;-0.07425273;-0.0013164243
0.017293638;-0.012527187;0.0028531107
0.05133491;0.04935325;-0.014905011
0.05981793;0.0504201;-0.0041115093
0.06035434;0.04189858;0.008038918
0.048283473;0.041331366;0.019712385
0.032376777;0.03150259;0.017723031
0.044651423;0.025202073;0.010272176
0.04197114;0.03109916;-0.032016635
0.03982691;0.038941827;-0.027175808
0.03186153;0.020215962;-0.044787522
0.025489222;0.025547769;-0.045595642
0.026641378;0.031375714;-0.03452339
0.008813103;0.020413073;-0.02761871
-0.017949518;0.010080458;-0.0010012186
-0.033109613;-0.004435634;-0.0027541
-0.0077376915;-0.042611007;-0.02720328
0.012559847;-0.051276304;-0.040903248
0.022547878;-0.019146044;-0.015535099
-0.025711698;-0.012191836;-0.00852183
-0.07681936;-0.058190968;0.010370037
-0.073955484;-0.080927774;0.031342905
-0.04041439;-0.07099222;-0.024535052
-0.0073315115;-0.091168776;-0.012206166
-0.012115209;-0.08856002;-0.026952432
0.0153078325;-0.08803552;-0.038749445
0.012246266;-0.09855341;-0.034905806
0.016047012;-0.07259273;-0.02597152
0.03783761;-0.022136685;-0.020777216
0.03652009;0.03697815;-0.014668648
0.03546607;0.10145752;0.0034994564
0.034622855;0.13272852;0.023893315
0.040198285;0.14368281;-0.023072848
0.05090863;0.12275875;-0.03173953
0.040726904;0.1435195;-0.015625998
0.007581522;0.1210656;0.017967952
-0.03143478;0.117164984;0.024139987
-0.06889783;0.09685698;0.02478074
-0.06136826;0.08529809;0.0045902166
-0.04909461;0.06198847;-0.015468452
-0.033025686;0.087090775;-0.0065153865
-0.0014205495;0.08998512;-0.024352934
0.0051135602;0.039175596;-0.03862297
-0.0021591517;-0.0014720226;-0.013710878
-0.02672732;-0.027740119;0.0101250475
-0.058881857;-0.044067096;0.038568787
-0.047105487;-0.030566176;0.06523003
-0.04393439;-0.02914044;0.07132465
-0.02889751;-0.010812352;0.03049722
-0.035618007;0.005412618;0.045491524
-0.022244407;0.023080094;0.034440096
-0.011545526;-0.022160925;-0.0013541736
0.02826358;-0.09897874;0.035244785
0.041360863;-0.11199549;0.014914579
0.051838692;-0.0911589;0.027166039
0.047720954;-0.038552113;0.025639081
0.050676763;4.083083E-4;-0.0025356107
0.0092914095;0.012826647;-0.0039816136
0.019933129;0.027448818;-0.020372791
0.0346965;0.021959053;-0.019813858
0.034007203;0.012879743;-0.029522961
0.027205762;0.0071787946;-0.031040244
0.03426461;-0.016131964;-0.036550947
0.014911687;-0.012905572;-0.042522006
0.00567935;0.0037380427;-0.045736354
0.02329348;0.018615434;-0.020964084
-0.018865217;0.032079846;-0.04763064
-0.015092173;0.006913878;-0.055292014
-0.0120737385;-0.024156397;-0.028999235
-0.0034089906;-0.019325119;-0.027105639
0.009772807;-0.017022595;-0.019731386
0.020318246;-0.015180576;-0.056019485
0.010004597;-0.03714446;-0.046378087
0.014253678;-0.037528068;-0.046868093
0.023902941;-0.020647455;-0.022260102
-0.012127646;0.025669536;-0.01780808
-0.028452117;0.05959813;-0.016199589
-0.07276169;0.067991;-0.009053421
-0.13945936;0.051267803;-0.0033364873
-0.117817484;0.036326744;-0.0139973145
-0.081753984;0.033748895;-0.019010352
-0.03415319;0.020749114;-0.04020828
0.0039274483;0.010349292;0.013927124
0.046891958;-0.0073455665;0.0052823247
0.15001357;0.059748545;-0.00514914
0.20126085;0.08998634;0.060724437
0.17975868;0.01886407;0.09857955
0.13130695;-0.017721243;0.09800427
0.055045556;-0.056364495;0.11668466
-0.030963555;-0.10602909;0.07616023
-0.099770844;-0.12701078;0.06639694
-0.13606668;-0.13442113;0.045695674
-0.15260334;-0.101286896;0.023275288
-0.15958267;-0.070092015;-0.004426645
-0.15891613;-0.048261113;0.005833684
-0.15213291;-0.027671391;-8.0180273E-4
-0.14045633;0.013800387;-0.021735191
-0.099865064;0.04385281;0.009174346
-0.06739205;0.0132072475;-8.239799E-5
-0.06016364;-0.034746703;0.011262206
-0.016880913;-0.065297365;-3.652347E-4
-0.0010047295;-0.07098789;-0.031151563
0.0054462166;-0.05366531;-0.057343125
0.029356973;-0.049182247;-0.07478075
0.035985578;-0.0018457993;-0.09224647
0.035038464;0.05789836;-0.12379718
0.05928077;0.09006869;-0.10099087
0.09117462;0.08767995;-0.072980195
0.110439695;0.09826896;-0.06619666
0.13835175;0.094240166;-0.066238575
0.1606814;0.08789214;-0.064318985
0.18479513;0.08281371;-0.06512706
0.1665861;0.061563466;-0.09780478
0.10826888;0.06643827;-0.122384444
0.005365103;0.06408812;-0.12466537
-0.08320792;0.065332994;-0.07688073
-0.09781633;0.092891395;-0.053692088
0.021746933;0.124313116;-0.06014117
0.09864755;0.10726299;-0.00240981
0.09766804;0.10924789;0.04025965
0.04688443;0.076460816;0.070488974
7.5436205E-6;-0.0075813476;0.08725055
6.0348966E-6;-0.09981508;0.10808169
0.025004828;-0.13141456;0.105605975
0.020003863;-0.10513165;0.084484786
0.016003089;-0.11223032;0.0906347
-0.012197528;-0.13353425;0.09516401
-0.04100802;-0.17713991;0.068709336
-0.05155642;-0.16671193;0.078014344
-0.041245133;-0.13961954;0.1081146
-0.051746108;-0.15388313;0.15172605
-0.097646885;-0.17779401;0.13856834
-0.1281175;-0.1687977;0.09757342
-0.146244;-0.15535067;0.085480615
-0.15449521;-0.11178053;0.035962615
-0.14859617;-0.042549424;-0.013417407
-0.118876934;0.019085461;-0.02987455
-0.08885155;0.10276837;-0.02389964
-0.021081237;0.16971469;-0.059354085
0.07688501;0.17483425;-0.06857702
0.14275801;0.1461174;-0.04900224
0.1892064;0.11845642;0.035407584
0.25136513;0.03382764;0.07441982
0.2698421;-0.018250389;0.1071921
0.25337368;-0.055225313;0.118566185
0.22769894;-0.11605525;0.0753217
0.17590916;-0.1459692;0.026272982
0.103227325;-0.20896286;0.021018386
-0.0049181404;-0.25154528;0.045330334
-0.091434516;-0.21842372;0.016733017
-0.1418976;-0.20755148;-0.013176086
-0.21976809;-0.16604118;-0.039056495
-0.28206447;-0.08752045;-0.0734327
-0.30690157;0.02373364;-0.10288678
-0.32677126;0.09086191;-0.11668442
-0.298917;0.10550203;-0.1316288
-0.2891336;0.09221412;-0.17639679
-0.26880687;0.1362713;-0.17939867
-0.2212955;0.21682954;-0.18922207
-0.12703641;0.28596362;-0.19161202
-0.045379125;0.34752092;-0.19157088
0.0261967;0.38270423;-0.18958482
0.09595736;0.39991337;-0.19014442
0.16426589;0.3824307;-0.1405921
0.2189127;0.35750705;-0.07595024
0.25013018;0.27819315;-0.07033051
0.27510414;0.24755453;-0.054506592
0.3013333;0.21991862;-0.026222462
0.27231663;0.17437239;0.0057798433
0.21160331;0.13949792;0.048569188
0.17553265;0.07409833;0.08104285
0.14667612;0.004591165;0.13006866
0.1110909;-0.07132707;0.12514867
0.020122718;-0.10081165;0.10168144
-0.027651826;-0.13064933;0.114157654
-0.08462146;-0.22014447;0.13546674
-0.13019717;-0.28080305;0.12360777
-0.15415773;-0.28401744;0.110214345
-0.14832619;-0.25065145;0.10340585
-0.13741095;-0.21614617;0.10967781
-0.10992876;-0.18541694;0.08578912
-0.08169301;-0.17020854;0.12214692
-0.040354405;-0.16585433;0.08638941
-0.038533524;-0.17799596;0.055830278
-0.04332682;-0.20645928;0.0848986
-0.028411455;-0.19172992;0.060106378
0.008520835;-0.16275893;0.038710102
0.056816667;-0.10676965;0.004014957
0.07670333;-0.06041572;-0.01592866
0.06761267;-0.049895074;0.008350822
0.07909013;-0.07429106;-0.0011318419
0.07577211;-0.07193285;0.0049539013
0.048117686;-0.04660878;0.01724437
0.05099415;-0.037287023;0.006373622
0.022045318;-0.03920462;0.018380148
0.011386255;-0.036051195;-0.025530256
-0.015890995;-0.025715956;-0.0012835806
0.006037203;0.030989734;-0.014308115
-0.007670237;0.07322929;-0.028633991
0.00636381;0.08045843;-0.0022040682
0.0050910483;0.058116745;-0.01699763
0.016572839;0.0683684;-0.021019978
0.007008271;0.06563222;-0.032440983
0.0118566165;0.032193273;-0.050562162
0.0032352933;0.039817117;-0.042402852
-0.009911765;0.044353694;-0.058922283
-0.014179412;0.062045455;-0.0529972
0.03865647;0.080886364;-0.051772762
0.049675178;0.06627159;-0.03751196
0.02099014;0.053017274;-0.022587692
0.016792113;0.04710132;-0.008304529
9.336902E-4;0.036118556;0.008590752
0.013246953;0.038269844;-0.016174274
0.016847562;0.035303377;-0.009033169
0.013478049;0.0438677;0.002148465
0.0045324396;0.01009416;-0.022890603
-0.027624048;0.020575328;-0.0030781075
-0.05959924;-0.010102238;-0.013790611
-0.053929392;-0.01589429;-0.0016574888
-0.07439351;-0.012715432;-0.022419741
-0.09076481;-0.022672346;-0.029263917
-0.05386185;0.0037371235;-0.0062236344
-0.036839478;0.015489698;-0.008885157
-0.010721583;0.02020426;0.010079375
0.016422734;0.027100908;0.008063499
0.013138187;-0.0017567743;0.019732049
0.02301055;1.5708063E-4;0.0044575147
-0.0065915603;1.256645E-4;-0.004246488
-0.030273248;0.014163031;0.015743434
-0.042968597;-0.0074195745;0.026266623
-0.05937488;-0.0043731597;0.026482048
-0.0599999;0.013688972;0.021185638
-0.029249923;0.017201178;0.03257351
-0.010899938;0.024698442;0.014340059
0.02253005;0.004133754;0.030612672
0.01802404;-0.042005498;0.017068263
0.02691923;-0.017979398;0.024982736
0.040285386;-0.009696018;0.012564313
0.0072283084;0.0063056857;-0.020807924
0.018282646;0.006607048;-0.022505715
0.014626117;0.009973139;-0.035192072
-0.013299106;0.04704101;-0.037528656
-0.023139285;0.06732031;-0.051116675
-0.043511428;0.061668746;-0.06589334
-0.034809142;0.032147497;-0.081620924
-0.052847315;0.019467998;-0.08795299
-0.04227785;0.0358869;-0.07036239
-0.015072281;0.025584519;-0.052774288
0.056692176;0.031405114;-0.05159443
0.10160374;0.05793659;-0.020181794
0.11878299;0.033849273;-0.01028606
0.120026395;0.03801692;0.0050524017
0.096021116;0.030413534;0.0040419213
0.083066896;0.002455828;0.039561663
0.08520351;-0.041785337;0.06602433
0.08066281;-0.05999077;0.05867884
0.05828025;-0.072992615;0.075849324
0.002874199;-0.11933159;0.08528883
-0.041450642;-0.14546527;0.07799669
-0.07066051;-0.14449722;0.0491161
-0.09402841;-0.13903527;0.04866788
-0.112722725;-0.13466573;0.04479368
-0.121428184;-0.12335758;0.056928694
-0.10964254;-0.14243606;0.03577733
-0.106464036;-0.16551135;0.045809366
-0.08517123;-0.15272158;0.02727249
-0.074386984;-0.12530227;0.008146118
-0.022009587;-0.06430431;-0.020045605
0.013642331;-0.0030059484;-0.054317735
0.035913866;-0.011779759;-0.060641687
0.041231092;-4.8807033E-5;-0.0258571
0.026734874;0.039023455;-0.024201306
0.052637897;0.065593764;-0.048267294
0.05461032;0.05872501;-0.06361383
0.06868826;0.07823001;-0.045031693
0.054950602;0.09227151;-0.037978478
0.025210483;0.08162971;-0.047570284
0.038918387;0.11686626;-0.065009356
0.037384707;0.13568051;-0.06528873
0.023657767;0.12885691;-0.04246536
0.012676214;0.12652303;-0.024597289
0.0038909712;0.11528092;-0.029052831
-0.009387223;0.10316224;-0.009961015
-0.020009778;0.09346729;0.0033593134
0.0027421773;0.07164883;-0.016453175
0.008443742;0.06513157;0.011837461
5.049934E-4;0.030230252;9.496849E-5
-0.018346006;0.022621702;0.026638474
0.010323196;0.019659862;0.023263905
0.027008556;0.023540389;-0.011857626
0.0028568453;0.032894813;-0.007532976
0.0022854763;0.02631585;0.03225487
-0.010671619;0.021052679;0.03713202
-0.0022872952;0.0074671432;0.050799366
-0.014329836;-0.017463785;0.030873869
0.02603613;0.020403972;0.011417844
0.008328904;0.0069481772;0.013040526
0.012913124;-0.06475396;0.01433867
-0.014669501;-0.10180317;0.0017053114
-0.055485602;-0.081442535;0.020504873
-0.04438848;-0.06515402;0.020310149
-0.041760784;-0.04118572;0.008435619
-0.027158627;-0.032948576;0.0051859957
-0.021726903;-0.040421363;-0.01889808
-0.017381521;-0.008899589;-0.0037903378
-0.013905217;-0.0071196714;8.739797E-4
0.0013758262;-0.05569574;0.008511684
0.03235066;-0.09143159;0.033371847
0.019630529;-0.08720777;0.011463103
0.009454423;-0.08851622;-0.002157643
0.0013135384;-0.059875473;-0.0017261143
-0.0051991693;-0.04321288;0.025181608
0.0020906646;-0.029882804;0.008817161
0.0016725317;-0.023906242;0.02424123
-0.0049119745;-0.017562494;0.032674234
0.008570421;-0.010924995;0.030045636
0.0068563363;-0.004052496;0.018177135
0.005485069;0.020195503;-0.008505167
0.010638055;0.042718902;-0.022038508
0.0022604442;0.031050121;-0.034818307
-0.023191644;0.0076525975;-0.020042146
-0.012303316;0.043622077;-0.017986841
0.015157348;0.058335163;-0.020248849
-3.741221E-4;0.04041813;-0.025574079
-0.006549298;0.041709505;-0.0052248877
0.007260562;0.048992604;-0.019414285
0.02455845;0.040756583;-0.029203303
0.02589676;0.060730267;-0.032737643
0.033217408;0.050146714;-0.024236988
0.026573926;0.03542987;-0.019389592
0.0025091409;0.033031397;-0.027230423
-0.022992687;0.001425117;-0.0045968383
-0.03714415;0.0073900935;0.011947529
-0.017215319;0.009037075;0.0076048984
-0.020022256;-0.00683284;-0.011103582
-0.009767804;0.0085962275;-0.003414115
-0.0015642438;0.020939482;-0.010153167
0.017498605;0.024564086;0.018439967
0.032748885;-0.01941123;0.018658223
0.013699107;-0.021778986;0.018832829
-0.0015407143;-0.028360687;0.045535013
-0.0074825715;-0.050813552;0.05361551
-0.018486056;-0.02346334;0.016329909
-0.014788846;0.009354328;0.0072045517
6.689234E-4;-0.0018915378;0.01748239
-0.01821486;-0.01088823;0.004220288
-0.02707189;-0.008710585;-0.007951895
-0.040407512;0.0055315327;0.0010603593
-0.03857601;0.027862726;0.014520163
-0.037110806;-0.002709819;0.01161613
-0.029688645;-0.005292855;0.02843353
0.0012490834;-0.016734283;0.024309324
0.019749267;-0.010262428;0.0022599585
0.022049414;0.023040058;-0.015379533
0.01138953;0.026244547;-0.0064442516
0.021611625;0.038183138;-0.014921026
0.0172893;0.02273401;-0.013499321
0.03883144;-0.0036877922;-0.018611956
0.012315152;-0.026387734;-0.0016083154
0.0036021215;-0.035172686;-0.022380402
0.0028816971;-0.02188815;-0.012044947
0.027305357;-0.01594802;1.296675E-4
0.009344286;0.0028665843;-0.011615016
0.0012254289;0.016355768;-0.036245137
0.013480343;-0.002540386;-0.032511733
0.017034274;-0.020782309;-0.014681263
0.032377418;-0.015063347;-0.02502626
0.019651936;0.0035743222;-0.016114758
-0.021778451;-0.009640542;0.0062488182
-0.011172761;-0.015524934;-8.603204E-4
-0.02143821;-0.026482446;-0.008500757
-0.04215057;-0.013373458;0.010386895
-0.027470455;0.009613734;-0.018252984
0.009273637;0.007690987;-0.0071805124
-0.01758109;-0.01415971;-0.017072534
-0.014064873;-0.016015269;-0.0058455276
0.0012481022;0.010625285;0.0316517
9.984818E-4;0.019437728;0.025321363
0.007048785;0.026487682;0.03353834
0.0056390283;8.7764615E-4;0.03269005
0.0045112227;0.027264617;0.018339537
0.022358978;0.048374195;0.012718505
-8.628175E-4;0.060574356;7.9980394E-4
-6.9025403E-4;0.031271983;0.010014843
-0.006802203;-0.006232413;0.017777499
-0.011691762;-0.01279843;0.0064095
-0.04685341;0.0069487556;0.0012213497
-0.018732728;0.014934004;0.014648954
0.016263818;-0.013052796;0.025000414
0.013011054;-0.010442237;0.020000331
0.010408843;-0.0130412895;-0.0011872351
-0.0041729254;0.006754468;-9.4978814E-4
-0.00958834;0.047591075;-0.0046660807
0.0048293276;0.03026036;-0.0017797394
0.010113462;-0.010166712;-0.016658166
-0.0044092303;-0.03313337;-0.017232783
-0.022277385;-0.018694196;-0.030973727
-0.024071908;-0.021205356;-0.0036852313
0.005742474;-0.020089285;-0.01662006
0.023343978;-0.023883928;-0.020717923
-0.012574816;-0.014419642;-0.014621213
-0.016309854;0.004089286;-0.009743846
0.011952117;0.004833929;-0.0042794514
0.009561694;0.002304643;-0.0069391862
0.007649355;0.017468715;-0.0172701
-0.006380516;-0.009462529;-0.007956704
0.0136455875;-0.024757523;-0.016130988
0.00466647;0.0020689818;-0.0050922907
0.0037331758;0.021967685;0.015066792
0.01548654;0.012886648;0.015959684
0.018639233;0.005621819;-0.0024666279
0.008661386;0.013872455;0.005448573
-0.011820891;0.007972964;0.019593233
-0.021956712;0.01887837;0.027393337
-0.0050653704;0.008852697;-0.0011322057
-0.016552296;0.013332157;-9.057646E-4
-0.006991837;-0.0143342735;0.009041013
-0.03684347;-0.005217419;0.027935935
-0.041974775;-0.0057364353;0.0032081236
-0.02107982;-0.0045891483;0.020144625
0.008136144;0.0072661815;0.010256324
0.031508915;0.004250445;-0.00898244
0.018957132;0.004962856;-0.0032797025
0.008915706;-7.172151E-4;-0.006530012
0.007132564;0.010363728;-0.0052240095
0.01820605;0.009853482;-0.023319833
0.020814842;-0.010867214;-0.007327741
0.004151873;-0.024318771;0.007419057
-0.015428501;-0.008517517;-0.0014866294
1.5719871E-4;9.984863E-4;-0.022283053
1.2575896E-4;-0.011701211;-0.019779569
0.012600607;0.017201532;-0.01777678
0.041330487;0.029386224;-0.018127674
0.020564388;0.01569648;-0.006689639
0.022701511;-0.001505316;-0.020586086
0.011911209;-0.012141753;0.008140506
-0.009221033;0.009036598;0.00299678
-0.032376826;0.004104278;-0.009321326
-0.025901461;0.011095922;-0.0074570607
-0.02072117;0.022939239;0.0018468513
-0.035326935;0.018351391;0.003430606
-0.009511548;0.030306112;-0.01092739
-0.0138592385;0.03049489;0.016258087
-0.004837391;-6.0408807E-4;0.02628772
0.014880087;-0.01923327;0.028842676
-5.959301E-4;-0.013824116;0.042214766
0.012023256;-0.007934293;0.05486556
0.040868606;-0.0016599345;0.0306112
0.026444884;-0.0013279476;0.028004585
0.014905907;0.008312642;-0.019393208
0.011924726;-0.0027248864;-0.019420816
-0.0029602195;0.005632591;0.0036039727
-0.027368175;0.0045060725;-0.014304322
0.0031054595;-0.0057701417;0.0018377925
-0.022515632;-0.018678613;-0.004389141
-0.005512506;-0.03056789;-0.007026938
0.014339996;-0.022891812;0.005706575
-0.0010280038;-0.01831345;-0.01262224
-0.013322403;-0.00840076;-0.035097793
-0.035657924;-0.019220607;0.018015517
0.002723662;-0.015376487;0.004646788
0.02717893;-0.007613689;-0.01737632
0.015493143;-0.024840951;-0.05960418
-0.025105486;-0.08549776;-0.02307397
-0.032584388;-0.02933571;-0.033693552
0.011432489;0.06246893;-0.04804859
0.034145992;0.06560015;-0.009532622
0.014816794;0.039980117;0.009561402
-0.006896565;0.019484093;0.0017897467
-0.011767252;-0.006287725;-0.0024744526
0.015586198;-0.0097176805;0.024973562
0.012468958;-0.021836644;0.0027913502
0.016225167;-0.042469315;0.019420581
0.012980133;-0.0027254522;0.011630214
0.035384107;0.024382139;-0.009836454
0.040807284;0.05700571;-0.011775413
0.026395828;0.083104566;0.055814046
-0.0038833374;0.044608656;0.0044168606
-0.028106669;-0.017438076;-0.03474776
-0.034985337;-0.042075463;-0.037173208
-0.027988268;-0.021160368;-0.035597943
-0.016140616;0.031509206;0.003943521
-0.069162495;0.053332362;0.030107941
-0.061579995;-0.007334109;0.03150823
-0.030513994;-0.09024229;0.03497221
-0.011911196;-0.02063133;0.024071516
0.034221042;0.038182437;0.025116589
-0.0038731655;0.066483445;0.0029057704
0.0031514678;0.04381176;-0.0054878835
-0.028728826;-0.0071380925;-0.034859058
-0.010483061;-0.032272976;-0.043512244
0.010363552;0.008556621;-0.032856673
0.04579084;0.008407797;-0.033707213
0.04913267;0.005163737;-0.015637645
-0.010693862;0.04006849;0.04100551
-0.09605509;-0.030445209;0.032804407
-0.058094073;-0.21185617;-0.14016272
0.034774743;-0.053859934;-0.09689581
0.021569794;0.23503706;0.07951461
0.011005836;0.24740465;0.012049185
0.040054668;-0.014576286;-0.034501277
0.013293735;-0.18041103;-0.008460396
-0.026865013;-0.14745383;0.03346606
-0.03399201;-0.03671306;0.026772846
-0.014693608;0.033129554;0.011652652
-0.005504886;0.023378642;0.0038533716
-0.010653909;0.042140413;-0.0027766777
0.022726873;0.021212332;-0.042455718
0.030681498;-0.012717635;-0.08005832
0.018295199;-0.019549107;-0.08318728
-0.010363841;0.042173214;-0.06264358
0.016708927;0.010301071;-0.057536736
0.025867142;-0.012071643;0.00943936
0.033193715;-0.048719816;0.0075514885
-0.023445029;-0.048350852;0.0021349408
-0.012506023;-0.012118181;0.0056142025
0.0024951813;0.019992955;5.851121E-4
0.020746145;0.008181864;-0.01281316
0.010346916;0.020607991;-0.018063027
-0.010472467;0.005548893;-0.025778547
-0.027127974;-0.043998387;-0.011247838
-0.015452379;-0.0070737083;-0.03946702
-0.031111903;0.06309103;-0.039386116
-0.031139523;0.052035328;-0.012368268
8.8381945E-5;0.03225326;-0.019269614
7.070556E-5;0.03205261;0.024818683
-0.012443435;0.011579587;0.019854946
-0.06620475;-0.04386133;0.046352707
-0.0592138;-0.052276563;0.004660291
-0.003621039;-0.05588375;0.0037282328
0.022103168;-0.024394501;0.018216962
0.011432535;7.9689914E-4;0.012620444
0.015396028;0.027200019;-0.018809894
-1.8317757E-4;0.024885016;-0.01856354
0.031103458;0.06209551;-0.032428958
0.024882765;0.04967641;-0.025943166
0.0011562131;0.06942863;0.0120579675
0.01967497;0.024292903;0.013552624
0.028239977;0.017871821;-8.766511E-4
0.02259198;0.040859956;-0.0026544458
0.0055735847;0.040500466;0.043970194
-0.014291132;0.008962872;0.09455115
0.007317094;-0.025642201;0.04321905
0.0058536753;-0.022076262;0.038090862
-0.014067059;-0.00828601;0.028910192
-0.030003648;-0.008191307;0.021175029
-0.017752917;-0.037803046;0.0052212724
-0.0017023345;-0.061492436;-0.016916731
0.029888133;-0.03200645;-0.022908386
0.030160505;-0.017792659;8.1391644E-4
-0.019621596;-0.026734127;0.025651133
-0.009447277;-0.030762302;0.029895907
0.011192179;-0.0027348415;0.0297761
0.015203743;0.025937127;0.069524005
0.0059129945;0.012937201;0.057572328
0.0047303955;-0.008400239;0.015589113
-0.0024656835;-0.03328269;-0.029716209
0.029277453;-0.05006365;-0.06400734
0.06717196;-0.04630092;-0.08011212
0.06623757;-0.019853238;-0.062136576
0.046740055;0.01692991;-0.051662385
-1.0795516E-4;0.032293927;-0.056564283
-0.018836364;0.055522643;0.018029824
-0.021319091;0.038168114;0.046845734
-0.017055273;-0.024153009;0.03396096
-0.026144218;-0.078697406;0.004121895
0.010334625;-0.07702043;0.020485016
0.0082677;0.011821159;0.008575513
-0.00588584;0.08133193;0.043188535
-0.029708672;0.12131554;0.017363328
-0.04251694;0.072052434;-0.018531213
-0.05901355;-0.0048580533;0.00236253
-0.01596084;-0.11638644;0.011655649
0.012231328;-0.18685916;0.02651202
0.016035063;-0.10729982;0.017303366
-0.01842195;0.06728514;0.046264566
-0.05223756;0.18195312;0.09443353
-0.035540048;0.140875;0.047031198
-0.015932038;-0.0013625076;-0.008468792
0.012254369;-0.079215005;0.018224968
0.009803495;-0.053997006;0.031767473
-0.017157204;0.016177395;0.029320229
-0.019975763;0.023879416;0.040643685
-0.0034806104;-0.027771467;0.08993682
0.04721551;0.0027828268;0.058668207
0.05652241;0.09753876;0.012168941
0.05146793;0.14209351;0.030828902
0.028674342;0.057424806;-0.015571253
0.010439473;-0.013435154;0.016449248
-0.02914842;-0.009185623;0.061206274
-0.048318736;4.6400135E-4;-0.09869123
-0.01990499;0.005058701;-0.14770299
0.021576008;0.05248446;-0.060740512
0.054760806;0.17636257;-0.0067955353
0.018808646;0.17234005;-0.051139552
0.0025469163;0.014434544;-0.07177102
-0.004212467;-0.07282736;-0.07069807
-0.0033699735;-0.03794939;-0.052652203
0.009804022;-0.027234513;-0.009699886
-0.010906783;-0.062412612;0.02505259
-0.0024754265;-0.07961759;-0.022145428
-0.0019803413;-0.15275657;-0.021622593
-0.014084273;-0.12533025;-0.0153449485
0.013732581;-0.023701705;-0.014229083
0.0109860655;0.040413637;0.024944859
0.008788852;0.060455907;0.027768387
0.013281082;0.051489726;0.03158971
-0.008125135;0.033379283;0.011990517
-0.037750106;0.029828425;-1.7321114E-4
-0.030200087;0.01605024;0.02095518
-0.017910069;-0.019972308;0.016764145
0.016921945;-0.055040345;-0.019010559
0.007287556;-0.026844777;-0.024974072
-0.012919955;0.06446168;0.008926992
-0.041585963;0.10625684;-0.0026240312
-0.052018773;0.06625547;0.0018070249
-0.041615017;0.03269188;-0.01183563
-0.039542012;0.044903502;0.003812746
-0.03163361;0.039047804;-0.010231053
-0.025306888;0.059363242;0.014862033
-0.02649551;0.074053094;0.042358376
-0.039946407;0.043617476;0.047558576
-0.031957127;-0.02291852;0.041562486
-5.6570163E-4;-0.079272315;0.046921864
-4.525613E-4;-0.0056053526;0.029724991
-0.006612049;0.006453218;0.04292062
0.01971036;0.016100075;0.024961494
0.02201829;0.019130059;0.012156695
0.01136463;-0.026883453;-0.02269652
0.027841704;-0.04494426;-0.056438465
0.009773363;-0.04064291;-0.05686952
0.007818691;-0.023139328;-0.07987062
0.056254953;-0.023198962;-0.06780274
0.04500396;0.0017533302;-0.05228907
0.01725317;0.020152664;-0.020737506
-0.017447464;0.05049713;-0.0033087549
-0.013957972;0.037272707;-0.025693879
0.007583623;-0.029556835;-0.09907073
0.031066898;-0.089270465;-0.1325769
0.024853518;-0.043291375;-0.11192089
0.032382816;0.0559919;-0.07039609
0.038406253;0.05573102;-0.023699682
0.030725002;-0.005415184;0.021274628
-0.06292;-0.040269647;0.05334783
-0.075336;-0.06502822;0.08291264
-0.0602688;-0.052022573;0.09679886
-0.02946504;-0.01661806;0.060251586
0.0014279685;0.025768053;0.06148252
0.019892374;0.028426941;0.03395164
-0.0028361;0.0024290537;0.017786313
0.00398112;-0.035556756;0.0353228
0.040684897;-0.026882906;0.0032582404
0.0137979165;0.017556176;0.0119815925
-0.0014616667;0.03748244;0.030679023
-0.0011693334;0.058110952;0.013215094
0.030314533;0.06367626;-0.0046622995
0.011751627;0.02125351;-0.00763609
-0.0030986986;0.0076278076;-0.0041557467
-0.014978959;0.017039746;-0.011137097
-0.011983167;0.016756797;-0.031956553
-0.028336534;0.0055929376;-0.027518367
-0.010169227;0.01228685;-0.023577195
0.029364618;-0.02142052;-0.0075336304
0.035991695;-0.034323916;-0.01579253
0.047543354;-0.058709133;0.0010378517
5.3468463E-4;-0.053217307;0.031299032
-0.0058222525;-0.012886345;0.1074611
0.020342197;-0.005621576;0.109015755
0.03502376;0.006440239;0.14072824
0.028019007;0.0051521915;0.11258259
-0.008834794;0.09787175;0.09787857
-0.019567836;0.0767349;-0.017400272
-0.015654268;-0.10423708;-0.06001397
0.056226585;-0.29276466;-0.1609018
0.06998127;-0.28889924;-0.19571362
0.024735015;-0.037369385;-0.12043809
-0.02396199;0.14197949;-0.07916297
-0.0066695907;0.1338961;-0.046142876
0.013414327;0.09617937;-0.08457055
0.041981462;0.037881;-0.10203144
0.01483517;0.0084298;-0.077914216
-0.0068818643;0.05518134;-0.012526684
7.445085E-4;0.019145072;0.007166152
-0.024404394;-0.028433943;0.007686047
-0.050773516;-0.019622155;0.025289463
-0.05311881;-0.009447723;0.085465945
-0.05499505;0.011191822;0.16993526
-0.03774604;-0.0019840428;0.1531357
-0.011446832;0.006225266;0.11078981
-0.040407464;0.029980212;0.0847256
-0.051075973;0.02554667;0.05059298
-0.034610778;0.031374834;0.04242751
-0.027688622;0.04853737;0.03198888
-0.040900897;0.07164239;0.062309857
-0.03272072;0.07293892;0.055316634
-0.032426573;0.08022613;0.007925183
-0.02594126;0.084493406;-0.02061298
-0.008253008;0.030094724;-0.039146632
0.030897593;0.0053257803;-0.019989181
0.049718075;0.030823125;-0.03903822
0.03977446;0.005908499;-0.07341807
0.025569567;-0.0452732;-0.056781337
0.020455655;-0.06278106;-0.07042507
0.010114524;-0.058037348;-0.05985568
0.008091619;-0.06986738;-0.017415794
0.037723295;-0.073081404;0.0032548648
0.023928637;-0.050652623;0.023697643
0.050392907;-0.031147098;0.070911236
0.009064327;-0.035855178;0.13876024
-0.005248538;-0.05368414;0.095773816
0.00830117;-0.11013482;0.021150304
0.012890936;-0.17092036;-0.071361005
0.04781275;-0.13361128;-0.087557554
0.0632502;-0.10376403;-0.09504604
0.05060016;-0.04863622;-0.10259934
0.027980126;0.045466024;-0.12036072
0.022384102;0.11762282;-0.17304638
-0.01959272;0.13941075;-0.1804293
-0.009424175;0.120903604;-0.15977313
-0.00753934;0.042035382;-0.11434194
2.1852808E-4;0.022690807;-0.072332926
-0.024825178;0.038465146;-0.0043507153
-0.03861014;0.038584616;0.050035052
-0.043388113;-0.016007306;0.07830929
-0.04096049;-0.014368346;0.11069431
-0.039018393;-0.011494677;0.11160232
-0.068714716;0.009554259;0.13693811
-0.054971773;0.017018408;0.15564424
-0.062727414;0.012052226;0.13974977
-0.050181933;-0.0012957194;0.14070606
-0.065145545;0.0020884245;0.12975235
-0.058366437;0.00948324;0.130755
-0.03419315;-0.0017884084;0.079604
-0.01485452;-0.034243226;0.015636327
6.16384E-4;0.011667918;-0.03319406
-0.012006893;0.062459335;-0.044133376
-0.0033555143;0.05621747;-0.06382232
0.022315588;0.062161475;-0.07605786
0.04910247;0.080979176;-0.09522129
0.05178198;0.050720844;-0.07617703
0.05392558;-0.018798325;-0.11289475
0.061890464;-0.01816366;-0.12840174
0.055762373;-0.009843428;-0.114244826
0.0633599;-0.018812243;-0.08182555
0.04443792;-0.038487293;-0.094171375
0.016800335;-0.046414834;-0.06186054
0.019690268;-0.054319367;-0.047535308
0.040752213;-0.07158049;-0.017129807
0.045101773;-0.057264395;0.009343029
0.017331418;-0.066124015;0.020755673
0.020115133;-0.065399215;0.009182664
-0.002657893;-0.024194371;0.04172113
-0.020876314;0.0072070034;0.05642378
-0.004201052;0.027640603;0.0697484
-0.01586084;-0.009137518;0.080798715
-0.025188673;-0.027622513;0.08573273
-0.03265094;-2.2301135E-4;0.14905493
-0.04487075;0.004509091;0.22080645
-0.0608966;0.023919772;0.1477389
-0.05496728;0.084760815;0.0896755
-0.037723824;0.061558656;0.031506024
0.0010709405;-0.038253076;-0.05917018
0.032106753;-0.061852463;-0.09342989
0.013185402;0.014580531;-0.10716579
-0.008201678;0.06478942;-0.09901388
-0.012811343;0.05183154;-0.09444548
0.008500926;0.013340232;-0.07946263
0.03805074;0.032547187;-0.05224198
0.030440593;0.047912747;-0.06484046
0.030602474;0.0367677;-0.032731745
0.02448198;0.016914159;-0.02813852
0.025835583;0.013531327;-0.0014170662
0.008168466;0.024887562;-0.002696153
-0.005965227;0.0027225495;0.016983703
0.0014778187;-0.04938446;0.05538384
0.001182255;-0.081695065;0.050166443
-0.024054196;-0.09973106;0.01708628
-0.012993357;-0.09384734;0.0273409
-0.0041446853;-0.020390375;0.025388345
0.009184252;0.0383752;0.014841925
0.0198474;0.07601266;0.0079672905
-0.027872078;0.03893513;0.0024675825
-0.016047664;-1.018976E-4;0.013692816
-0.03783813;-0.04070652;-7.644972E-4
-0.030270504;-0.024752714;0.0032946523
-0.017966403;0.0051978286;0.029588846
-0.033123124;0.027595762;0.017811703
-0.0014984983;0.04082661;-0.006844388
0.005051201;0.04516129;-0.02656926
0.004040961;0.02206653;-0.044302285
0.003232769;-0.0073467754;-0.018254327
0.021336215;-0.03243992;-0.012650336
0.017068973;-0.036889438;0.0109734805
0.013655177;-0.015449049;0.016591284
-0.007825858;-0.006109239;0.0035074027
0.012489313;0.009175109;-0.0011003278
0.041241452;0.008902587;0.022166613
0.020493161;8.720695E-4;-0.0014073348
0.01639453;0.035072654;-0.010500868
-0.011884377;0.034308124;-0.0029319443
-0.028257502;-0.0069285003;0.020701319
-0.016356;-0.0289803;-0.01586082
-0.0318348;-0.040371742;0.0025457195
-0.019217841;-0.04792239;0.0039897007
-0.0028742726;-0.039900415;-0.0026676145
-0.0022994182;-0.031920332;-0.0021340917
0.016910465;0.0088387355;-0.005613523
-0.0052216277;0.021133488;0.005274806
-0.004177302;0.038781792;0.042501096
-0.0033418417;0.016962932;0.06837588
0.009826527;-0.023929654;0.047278825
0.02036122;-0.047268722;-0.021551939
0.0100389775;-0.042502478;-0.04224155
0.008031182;-0.005876983;-0.035746366
-0.006075055;0.062485915;-0.017268969
0.0013899562;0.06248873;-0.0040495493
0.007361965;0.009365985;-0.0051927646
-0.006610428;-0.019069713;-0.015482336
0.03846166;-0.02306827;-0.03738587
0.030769326;0.039357886;-0.03576807
0.024615461;0.059611306;-0.037989456
0.013442368;0.036751546;-0.017110314
0.017003896;0.016901236;0.007405498
-0.011396884;-0.00991651;6.502336E-5
-0.009117507;0.018629292;0.0039582686
-0.013544005;0.024278434;0.00511974
-0.017085204;-0.033702254;-0.015044833
-0.013668164;-0.0925868;-0.008129616
-0.017184531;-0.03813194;0.006777557
-0.013747625;0.050744448;0.02065642
-0.0172481;0.046845555;0.028243886
-0.02629848;0.020288946;0.02806386
-0.027288783;-0.0056438437;0.04549796
-0.046831027;-0.032640073;0.021163994
-0.04371482;-0.01517456;0.034118697
-0.016221857;0.0019228521;0.01596683
0.0057725143;-0.031274218;-0.01027341
0.01711801;-0.020331874;-0.016031228
0.026194409;0.021234501;-0.016731232
0.014705528;0.0435501;-0.009478736
0.011764422;0.05359008;2.2951141E-4
0.040661536;-0.0024404358;0.0040898593
0.02002923;-0.04570235;-0.012353113
-0.002726616;-0.005311879;-0.00988249
0.016568707;0.027000496;-0.005952867
0.0070049656;0.021600397;0.0010970813
0.0056039724;-0.007719682;-0.033497334
0.016983178;0.0047617545;-0.013516618
0.0073365425;0.036621902;-0.024094544
0.018369233;-0.022264978;-0.057556886
0.008445387;-0.061561983;-0.04213926
0.00675631;-0.041437086;-0.018477032
-0.0070949523;-0.008149669;-0.00892225
-0.024425961;-0.0018322347;-0.0036221752
-7.907694E-4;0.04384671;-0.0064133652
-0.0068826154;0.03038987;-0.0016150672
-0.018006092;0.025874395;0.0065204464
0.004345126;-0.013675483;0.001310107
-0.0027738991;-0.045315385;-0.0048112893
-0.014719119;-0.048752308;0.019197844
-0.043025296;-0.023376847;0.02903015
-0.028170235;0.010986022;0.03650537
-0.016286189;0.027538817;0.025298046
-0.0067789513;0.039218552;0.018285312
-0.017923161;0.039187342;-6.061256E-4
-0.014338529;0.023537375;0.0073275995
-0.005220823;0.0047673997;-0.0039035454
-0.0041766586;-0.018061081;0.012111539
0.009158674;-0.020698864;0.028829856
0.0010769386;0.0021909086;-0.009357991
-0.005388449;0.028315227;-0.037955143
0.026939241;0.042964682;-0.030364113
0.05905139;0.057809245;0.015552459
0.040991113;0.049372397;0.03353572
-0.023457108;-0.005814583;0.055734824
-0.050015688;-0.09527667;0.046540983
-0.02751255;-0.12309633;0.020045288
0.01548996;-0.121914566;-0.035916895
0.006141968;-0.095969155;-0.011546016
-0.0013364254;0.032599676;0.046622563
0.01768086;0.08389224;0.04667305
0.03289469;0.026488794;0.0029634398
0.0075657503;-0.0069339653;-0.0359105
-1.9739984E-4;0.003827828;-0.051775273
0.03109208;0.038999762;-0.012513969
0.031123664;0.05463731;-0.013917425
0.043648932;0.020272348;-0.03222769
0.022419145;0.006842878;-0.05859465
0.011685316;-0.0023381973;-0.05234447
-0.0031517472;-0.0128080575;-0.030547453
0.0037286023;6.910537E-4;-0.0072504617
0.015482882;0.022427842;-0.013222245
-1.1369456E-4;0.013254775;-0.0051090457
0.0061590443;-0.03939618;-0.017368486
0.011177235;-0.081516944;-0.0041291644
0.015191789;-0.040213555;0.008024794
-0.0065965694;0.017829156;0.044701084
-0.011527255;0.031450823;0.041620243
-0.0029718042;0.00797316;0.025483694
-0.008627444;-0.017058972;0.024293205
-0.031901956;-0.007397178;0.036622066
