-2.8982118E-4;-0.01932486;0.018342176
0.0021118931;-0.0029598875;0.008423741
0.0055957646;-0.00861791;0.012988992
0.0021328616;-6.443281E-4;-0.014608806
-0.0037624608;0.008859538;-0.030437045
8.962814E-4;0.02583763;0.006900364
-0.011001725;-0.010579896;0.030520292
-0.01427013;-0.020963917;0.005666233
0.015146396;0.017603867;0.0045329863
0.021492116;0.045333095;-0.008873611
0.023443693;0.036266476;0.005401111
0.0015674548;0.01651318;0.0043208892
-0.015933536;-0.021164456;0.015956711
-0.003371829;-0.016931565;0.012765369
-0.0120724635;-0.007295252;-0.021037705
-0.0065329704;-0.0058362014;0.0019198362
-0.008351376;0.0047060386;0.007785869
-0.014493601;-0.014985169;-2.1304857E-5
-0.02487613;-0.024488134;-1.7043887E-5
0.0027553453;0.014784492;-0.012513635
-0.005608224;0.030577593;0.014989092
0.007232171;0.021337075;0.011991274
0.040160738;0.0076946598;0.022093019
0.026659839;-0.009469273;-0.019825585
-0.009922128;0.014299583;0.015389532
0.007687297;0.036439665;-1.8837437E-4
6.810878E-4;0.016651733;-0.012650699
-0.01664263;8.213861E-4;-0.0038705596
-0.013314104;-0.008717891;-0.009346448
-0.03174503;-0.031974312;-0.0012271581
0.0011664736;-0.019329451;0.0052682734
-6.2932115E-4;0.01891144;-0.03328538
0.035434045;0.018254152;0.010871695
0.036159735;0.017728321;0.002447356
0.011740288;0.0016826572;0.014457885
-0.0038890198;0.0044711255;0.005316308
-0.007017466;4.519006E-4;-0.008246954
-0.014988973;-0.00901348;-0.012847563
-0.015897429;-0.0072107837;-0.00402805
-0.008811693;0.0036063732;-0.00947244
0.003888146;-0.012739901;-0.0013279523
0.028110517;-0.01644192;-0.0073123616
0.0037384133;-0.010028537;0.0066501107
0.0029907308;0.0013521704;-0.019679911
-0.0054199155;-0.020793263;-0.009493929
-0.012148432;0.005240389;-0.0013451434
-0.030812496;0.01669231;0.0051738853
-0.009024996;0.01647885;0.010389108
-0.015032497;0.016308079;-0.0041887136
0.0067240023;-0.0025785367;-0.0033509708
0.017097952;-0.02706283;-0.008930776
0.015240861;-0.037275262;0.0053553786
0.027817689;-0.023570212;0.010534303
0.024597902;-1.06168605E-4;0.0021774424
-0.005321679;0.0061650653;0.0017419539
-0.019882344;-0.0013179479;0.007643563
-0.029187124;0.008320642;0.01236485
-0.0155372;0.019156514;-0.0026081195
0.00475774;0.015325211;0.010413504
0.013181192;0.009135169;-0.0041691964
0.014451204;0.0010581348;0.021664644
0.002185963;-0.005403492;0.017331714
0.00878002;0.011302207;0.007615371
-0.011725984;0.021541765;-0.006407703
0.006244213;0.026608411;0.0011238377
0.027651621;0.03691173;-0.0053509297
0.031496298;0.029529383;-0.0042807437
0.017384537;-0.001376493;0.002825405
-0.018123621;-0.010476194;0.014760324
-0.018405147;0.016619045;0.011808259
-0.035817865;0.022670235;0.015696608
-0.020841794;0.015011189;0.012557286
-0.0057359347;0.03388395;0.02254583
-0.002244998;0.01773216;0.011786663
-2.3349833E-4;0.0016857284;0.00942933
0.020906951;-0.008026417;0.007543464
0.003444311;-0.0126711335;-0.0064652287
0.019942949;-0.025761908;0.0010778172
0.004235609;-0.014359525;-0.0053877463
-0.013799013;-0.0021126205;0.001939803
6.795398E-4;0.035809904;-0.004698158
0.002887382;0.025522923;0.008741474
0.023403656;0.020418338;0.025743179
0.0030979244;-0.0024153295;0.008094544
-0.00924041;-0.020682264;-0.012274365
-0.024579829;-0.01967081;-0.022319492
-0.021226363;-0.03761165;-0.017855594
0.01505016;-0.01758932;-0.008034475
0.026102629;-0.032821454;-0.00642758
0.0318196;-0.041882165;-0.005142064
-0.0011068182;-0.0022557313;-0.010363651
-0.014166704;0.032570414;0.004209079
-0.009770864;0.022931332;0.015867263
-0.017191691;-4.0493443E-4;-0.012306189
-0.012190852;-3.2394752E-4;-0.009844951
4.0356783E-4;0.005990842;-0.014125961
0.0073541044;-0.020207327;0.007449231
0.0027582834;-0.016165862;0.018459385
0.0022066268;-0.003557689;-0.010232492
0.018952802;0.006528849;-0.008185994
0.032349743;-0.03540192;0.005951205
0.006348543;-0.025196537;-0.001489036
-0.008202416;-0.026407229;-0.03244123
-0.033124432;-0.0023757834;-0.013452983
-0.039780796;-0.0050256266;-0.029512387
-0.009168386;-0.0321455;0.007640091
0.01922779;-0.0382164;0.012362072
0.0044447323;-0.008698121;-0.0026103419
0.005118286;0.008666503;-0.0083382735
0.0056571285;0.016308203;-4.2061877E-4
0.014681953;0.009921562;-3.3649502E-4
0.0015893125;-0.0014377503;0.018480804
-0.00810355;0.0019747997;-0.010215357
-0.01195159;-0.017170161;-0.020672286
0.020907478;-0.023111127;-0.004037828
-0.008274018;-0.012238903;-0.009480263
-3.692141E-4;-0.04416612;-0.00758421
-0.0065453714;-0.013457898;-0.012317368
-0.020080047;0.011108682;0.008896106
0.010498462;0.046386946;0.032116886
-0.01113248;0.049609557;0.031943507
0.0012502659;0.027187645;0.013054806
-0.012281037;0.0030001162;-0.020806156
-0.01607483;-0.003849907;-0.004144924
0.004327636;-0.018704927;0.0029340608
0.011274609;-0.014963941;-0.02265275
0.0012071872;-0.018221153;-0.011872201
0.004872;0.004173078;0.009252239
-0.0039149;0.043963462;0.0011517913
-7.881702E-4;0.01642077;0.013421433
-0.012349286;6.3661597E-4;-0.008012854
0.012776821;-0.021365708;-0.018910283
0.021940207;-0.026467565;0.0036217738
0.013645915;-0.0024240527;0.002897419
-0.0039270176;0.0074357577;0.0023179352
-0.009391614;0.0059486064;0.0018543481
0.0026429587;-0.010866115;0.0077334787
0.028676867;-0.002442892;0.037436783
0.024503993;0.032420687;0.023699427
-0.006959305;0.03531155;0.02520954
-0.028223693;0.01887424;-0.0048323674
-0.038203955;-0.0067756088;-0.028865894
-0.013375664;-0.042920485;-0.035592716
0.008830719;-0.049961388;-0.022224171
0.007064575;-0.039969113;-0.017779337
0.01268291;-0.03510029;-0.00172347
0.003115078;-0.0062052314;-0.001378776
-0.0053204377;0.041910816;0.030146979
-0.00425635;0.06165365;0.030367583
0.01143867;0.04619792;0.018044068
0.013057186;0.015083337;0.0081852535
0.010445748;0.0058166697;-0.018451797
-0.0197684;-0.014096664;-0.014761438
-0.03378347;-0.055027332;-0.02430915
-0.028589277;-0.040896866;-0.0131973205
0.009941079;-0.010842492;0.014442144
0.039984114;0.044451006;0.030303715
0.02495604;0.051185805;0.011742972
-0.0011289177;0.050323643;0.0093943775
-0.016528133;0.034008916;-0.004984498
-0.034316257;0.014707132;-0.016487598
-0.025890505;-0.013234294;-0.013190079
0.008193845;-0.048087437;0.0019479371
0.0049925763;-0.04784495;-0.02344165
0.001650311;-0.028900959;-0.02500332
0.0130389985;-0.019995768;-0.013752656
0.027618699;0.0027533865;0.007747875
0.03146996;0.03032771;0.0249483
0.027519718;0.052387167;0.03245864
0.004828274;0.020034734;0.03221691
-0.028949881;0.028527787;0.01327353
-0.034878656;0.0071972297;-0.0018811763
-0.023996674;-0.034867216;-0.026504941
-0.02310359;-0.04664377;-0.046203952
-0.010670371;-0.062315017;-0.061963163
0.007088703;-0.049852014;0.01917947
0.016608462;-0.04925661;0.021593576
0.03438052;0.0012197106;-0.007725139
0.025941916;0.06035077;-0.0061801113
0.012941033;0.048280615;0.02005591
-0.014647174;0.041749492;0.022294728
-0.003905239;0.014649593;-9.14217E-4
-0.008592941;-0.0039053252;-7.3137356E-4
-0.013124353;-0.03437426;0.0056649013
0.0012192676;-0.027499408;-0.014218079
-0.016212085;-0.037624527;-0.017624464
-0.024688419;-0.03634962;-0.03284957
0.009155515;-0.035329696;-0.0012796565
0.030761912;-0.028263757;0.011476275
0.008984529;0.002388994;-0.022068981
-0.0123436265;0.011286195;-0.023905184
0.001843849;-3.4604387E-4;0.024625853
-0.0024311708;0.030973164;0.03845068
0.030867564;0.034153532;0.0120105455
0.019225301;0.021072825;-0.015391563
-0.02290101;0.0012332604;0.012686749
-0.04722706;-0.0021383916;-0.0023506007
-0.015125396;-0.014210713;-0.01438048
0.012899683;-0.04574357;-0.017754385
0.043132246;-0.036594857;-0.026703507
0.017318297;-0.016775886;0.003637194
0.013854638;0.017829292;0.027909756
0.00873996;0.039263435;0.022327805
-0.004726782;0.037660748;0.030362243
0.0040310747;0.0332536;0.018039795
-0.011618891;-0.014022122;-0.016818164
-0.026482612;-0.026842698;-0.013454531
-0.02118609;-0.005849158;-0.010763625
-0.006011372;-0.0109293265;-0.0023609002
0.024097152;-0.024368461;0.00436128
0.030996472;-0.03824477;-0.034010977
-0.0041090725;-0.014970815;-0.020958781
-0.011099758;-0.0026016522;-0.004267025
-0.012786056;-0.0020813218;0.009086381
-0.0063225953;0.0014599427;-0.011480896
-0.005058076;0.0011679541;0.0033152835
-0.018890211;0.010309364;-0.0035977734
-0.032299668;-0.0011275094;-0.021628218
-0.012558485;-0.0040270076;0.0014474251
0.0047969623;0.009278394;-0.03009206
0.024931319;-0.008202285;9.2635205E-4
0.035570055;-0.028436828;0.0132410815
0.036268543;-0.010249462;0.004342865
-0.0022351644;0.01680043;0.0034742923
-0.0033506316;0.016565343;0.0027794337
-0.0026805052;0.0070022754;0.002223547
-0.0021444042;-0.01314818;0.0017788376
-0.011090524;-0.0073935436;0.0014230701
-0.012778669;-0.034039836;-0.005111544
-0.002410435;-0.024106868;0.008410765
0.011352902;-0.013035495;-0.018271388
0.0012698217;0.0051966044;0.0041328897
-0.016171644;0.026032284;0.028306311
-0.024656065;0.042700827;0.01014505
-0.0025373513;0.049785662;-0.01063396
0.01906387;0.01795353;-0.0022571685
0.005876095;-0.010637176;-0.0018057348
0.020325877;-0.04600974;-0.007694588
6.357009E-4;-0.043057792;9.432975E-5
0.0020710607;-0.018821234;0.0063254638
-0.013186902;5.680124E-4;-0.01993963
-0.002737021;-0.00579559;-0.003451703
-0.008439617;0.023488527;0.0034886375
-0.0028454436;0.04379082;0.01529091
-0.013213855;0.016282657;-0.006517272
0.012085166;-0.0150988735;0.013536182
0.013574383;-0.018329099;-0.001671054
0.008515757;-0.014663279;0.0111631565
0.002906355;-0.011730623;-0.0035694747
-0.0047061658;0.012490502;-0.04660558
-0.0061086826;-0.015007599;-0.037284464
-0.006449446;-0.030756079;0.007672429
-0.022347057;-0.018354863;0.031137943
0.018059855;-0.01780889;-0.0063396455
0.030072883;-0.017372113;-0.0050717164
-0.0025041932;-0.01702269;0.002192627
-0.021534605;0.0020068479;-0.0169959
-0.014883934;0.023480479;-0.026096718
-0.0087821465;0.0062843827;0.004122625
-0.0031194675;-0.013722494;0.0095481
0.010785676;-0.010977995;0.01388848
0.012534791;-0.0056573963;0.023610784
0.010027832;-0.007650917;0.006388627
0.019741016;-0.012370734;-0.013639098
-0.006863437;0.0057284134;-0.004661279
0.0077905003;0.0077077304;0.002520977
0.0038886503;0.021791184;-0.010483218
0.0015484202;0.029932948;0.016613426
-0.014386264;0.011446358;0.0070407405
0.01974099;-2.1791356E-4;-0.006867408
-0.0021759588;0.006075669;7.560738E-4
-0.004865767;-0.0045144646;0.013104859
-7.6761364E-4;-4.8657175E-4;0.016733887
0.011104659;0.015235743;0.00713711
0.0034149773;0.030938594;-0.013040313
-0.012893018;0.031000875;0.020817751
-0.031408165;0.024800701;-0.0020958
-0.021220282;-0.00828444;-0.01417664
0.011930024;-0.009752552;0.0011586881
0.00720027;-0.0078020417;9.269505E-4
0.019822717;0.012508367;-0.018008439
0.019764423;0.016256694;-0.0019067517
0.022842787;0.0036303548;0.042224597
-0.0028195195;0.0060292836;-0.003720321
-0.028818116;0.007948427;-0.009226257
-0.0019607425;1.0874164E-4;0.0051189945
0.0039001561;-0.015538007;-0.014654804
-0.021098625;-0.037430406;-0.0054738433
-0.00203515;-0.039319325;-0.010629075
0.01555938;-0.0064554596;-0.00850326
-8.337461E-4;0.010460633;0.0119473925
-0.008479496;0.017743506;0.022057913
-0.023971098;0.026694804;-0.001103669
-0.032458127;0.018230844;-0.0071329353
-0.010341503;0.005209675;5.436518E-4
0.002664298;-0.00520726;4.3492144E-4
0.029475188;-0.007290808;3.4793717E-4
0.017330151;-0.008957647;-0.01847165
-0.0048858793;-0.010291117;0.00397268
-0.017189953;0.019892106;0.028178144
0.008904288;0.037788685;0.016292514
0.00868593;0.045855947;0.006784012
-0.010238756;0.05543476;0.017927209
-0.008191005;0.0037228067;-0.0106582325
0.003603446;-0.037646756;0.003973414
0.0028827568;-0.014492404;-0.0030712686
0.0062124557;-0.011593923;0.010042985
-0.0067487857;9.9861645E-5;-0.004465612
-0.017117778;-0.01867011;0.015177511
-4.129728E-4;-0.008686089;0.012142008
0.016857121;0.04930113;0.009713607
0.017391948;0.0675659;0.0077708852
0.006101058;0.05405272;0.006216708
0.016599596;0.015117178;0.023723366
0.011717177;-0.012906257;0.018978693
-0.01562626;-0.004075006;-0.016067045
-0.025782257;-0.018885005;-0.019103637
-0.019063305;-0.0026080038;-0.009032909
-0.019156894;-0.008336403;-9.763272E-4
-0.0153255155;-0.0066691223;-7.8106177E-4
-0.013822912;0.004039702;-0.0068748496
0.01941042;0.03448176;0.0070001204
0.036622085;0.02133541;0.011850096
0.016016418;0.010818328;0.021980077
0.008906885;0.0024046618;-0.0011659383
-0.008499492;-0.0043262704;-0.01968275
-0.0044558435;-0.012836017;-0.0157462
-0.019189674;-0.016518813;-9.696042E-5
-0.00910174;0.0086599495;0.0061724316
0.016937358;0.013177959;0.0049379454
0.019799886;0.0011673677;-0.008549644
0.0025586593;-0.024066105;0.011910285
-0.0042030727;-5.028847E-4;-0.002971772
0.0060125417;0.0058476925;-0.0086274175
0.012622533;0.0015531539;-0.0069019343
0.008535527;0.010617523;0.0069784527
-0.023640329;-0.025880981;-6.672378E-4
-0.013443513;-0.033204786;-0.0130337905
-0.014661061;-0.03593883;0.008322968
-0.021103848;0.021248937;0.025408374
-0.0020393287;0.04824915;0.0203267
0.004618537;0.04797432;0.010011359
0.01306983;0.019629456;0.008009087
0.018268364;-0.0030464353;0.00640727
0.02398969;-0.030562147;0.005125816
0.028566753;-0.043199718;-0.0021493472
0.008009653;-0.053309776;-0.03296948
-0.026404778;-0.01452282;-0.013875582
-0.036748823;0.007131744;0.0013995343
-0.021586558;0.0057053952;-0.0051303725
-0.018831747;-0.004810684;0.002145702
0.006028353;0.008651453;0.020466562
0.008728933;0.016296163;0.022623248
0.010889396;0.01928693;-0.0069014006
0.011836517;0.0123045435;-0.0055211205
-0.024905786;4.6863515E-4;-0.016916897
0.0011691207;-0.005875092;-0.013533517
0.024372797;-0.007825074;0.0016731863
-0.007845513;-0.009385059;-0.004911451
-0.01330766;-0.029383047;-0.010179161
0.010447622;-0.029756438;0.023106672
-0.0017981526;-0.01443015;-0.019014662
0.027467728;-0.0115441205;-0.0027117303
0.020411683;0.012639704;0.010330616
0.027266845;0.019486763;-0.010485508
-0.0063115233;0.02183941;0.004111594
-0.02067422;0.011221528;-0.0029607248
-0.004820625;0.012102223;0.0038814202
-0.0038565;0.009681778;0.009355136
0.0062898;-0.0016295775;-0.011265891
0.01675059;-0.001303662;0.003487287
0.001681722;0.011457071;0.0027898296
-0.0041233725;0.0029156564;-0.010268136
-0.009548698;-0.022667475;-0.020714508
0.0017360417;-0.02438398;-0.010321607
-0.015798667;0.005492816;-0.014507285
-0.018107682;0.016894253;-0.0053558284
0.0027013533;0.019765403;0.039465338
-0.0033076673;0.031437322;0.03782227
0.029385116;0.015774857;0.011507816
0.043039344;0.025119886;0.0029562525
0.0117752245;0.013845908;0.021115001
0.0031701794;-0.013923273;-0.008107998
-0.0068388563;-0.03613862;-2.3639867E-4
-0.013283585;-0.025785895;-0.018939119
-0.022345617;-0.005003716;-0.0026512952
-0.010063995;0.0116220275;-0.020871036
-0.009613696;0.015547622;-0.010446829
-0.010034706;0.0030630976;0.010392537
-0.0017777652;-0.006924522;-0.0041859704
0.015765287;-0.014914618;0.021651223
0.00870598;0.022443306;0.0048209787
-0.008660216;0.011704645;-0.008643216
-0.016303172;-0.040636282;-0.019414574
0.013519962;-0.023134027;-0.015531659
0.030347219;-0.021632222;-0.031175327
0.010996525;-0.0048057777;5.9738362E-5
-0.0013590296;-0.006969622;0.03129779
-0.023743473;-0.0055756974;3.8232552E-5
-0.026807278;0.0017894419;-0.018719414
0.007460427;0.010806553;-0.008725531
0.023155842;0.014895243;-0.019480426
0.027899673;-0.013083805;-0.01558434
0.0035697385;-0.032342043;-0.006217472
-0.003394209;-0.022748636;0.0012760224
-0.0042778673;-0.0150739085;0.013520818
0.002046456;-0.021434126;-0.014183345
-0.013206585;0.007852699;0.013653323
-0.027752768;0.01878216;0.010922659
-0.033920966;0.015025727;0.002488127
-0.031043021;0.0026455817;0.0019905015
-0.032646917;0.020866465;-0.0046575987
-0.010492533;0.019818172;0.02127392
0.03769972;0.0033545378;0.023269137
0.07390978;-0.01919137;-0.0063846908
0.045846574;-0.015353096;-0.011357753
-0.007853992;-0.012282477;-0.0153362015
-0.019564444;-0.012950981;-0.012268961
-0.015651554;-9.85785E-4;-0.028565168
7.600062E-4;0.005461372;0.008397864
0.014670505;-0.0050059026;0.006718292
0.005486404;0.014745278;-8.753667E-4
-0.010454627;0.008671222;-0.013200293
-0.0013324515;0.006936978;0.020689765
-0.0026284612;-0.0069504175;-0.008448187
0.03070973;-0.021185335;-0.01300855
0.016755285;-0.013823267;0.0020931598
-0.006127022;-0.011058614;0.0016745279
-0.008807868;-0.002596891;0.0075896224
-0.0031400442;0.013547488;0.031071698
-1.6828533E-4;0.03271299;0.0061073583
-0.011853378;0.019920392;-0.013864113
-0.038388953;-0.009063686;0.013908709
-0.016648661;-0.0010009493;-0.0013730326
-0.0039439294;-0.02267576;-0.007348426
0.021844856;0.0068593924;3.7125917E-4
0.028413385;0.024237514;0.012797007
0.011793208;0.006890011;0.010237606
-0.017909184;0.02426201;0.026940085
-0.018233597;0.025659608;0.0028020677
-0.008336877;0.033027686;0.0147416545
-0.010575752;0.026422149;0.0055433232
-0.004554352;-7.372811E-4;-0.014315342
0.009637768;-0.022464825;-0.0114522735
0.007710215;-0.00234686;-0.0029118184
-0.007113078;0.0074975123;-0.021079455
-0.0056904624;-0.00962699;-0.004363564
0.01263513;-0.017076593;0.009009149
0.010108104;0.005088726;0.013457319
0.017461482;-0.0021790192;0.017015856
0.012406686;0.029506784;0.013612684
-2.3090073E-4;0.03923043;-0.007859852
-0.018934721;0.037634343;0.012462118
-0.032335278;0.033232473;0.009969695
-0.033680722;0.004710979;-0.0045242445
0.023055423;-0.005606217;-0.0036193957
0.048913088;-0.013859973;0.0033544835
0.04459922;-0.02358798;0.021433586
0.028648127;-0.031370383;0.010896869
-0.0059877485;-0.028221305;0.008717496
-0.028227698;-7.020451E-4;-0.018026004
-0.026488408;0.021313364;-0.008170803
-0.026659478;0.013925691;-2.866423E-4
-0.030702582;-0.020109447;-2.2931382E-4
-0.026905816;-0.025462558;-0.006433451
-0.0043371525;-0.020370046;-0.03014676
0.016061528;-0.019421037;-0.0053674085
0.03394297;-0.0030368296;-0.010543927
0.024810627;-0.011804463;-0.0021851417
-0.0043702475;-0.015693571;0.0045018867
-0.013652449;0.0030701433;0.0036015094
-0.017953208;0.011831115;-0.022118792
-0.020612568;0.02196489;-0.030195033
0.0046036965;0.0019469133;0.007093973
0.027120458;-0.04219247;0.005675178
0.021696366;-0.033753976;0.0045401426
0.020482093;-0.02700318;0.009882114
0.010916924;-0.018477544;-0.004594309
0.0048272894;0.010217965;-0.016175447
-0.0055131684;0.017549371;-0.025440358
-0.041129284;0.0046644974;-0.020352285
-0.07821593;-0.030643402;-0.016281828
-0.07272899;-0.06513972;-0.006775463
-0.004276944;-0.045861777;8.2962954E-4
0.09032845;0.0039355783;0.019413704
0.08007526;0.04377346;0.009280963
0.027341455;0.04439377;-0.00507523
-0.033595588;0.035515018;0.020939816
-0.03859522;0.037787013;0.023001853
0.026936324;0.03022961;0.0121514825
0.05045531;0.03355869;0.009721186
0.030989248;0.03622195;0.014026949
-0.0025523517;0.0039775604;-0.02002844
-0.04032313;5.704835E-5;-0.022272753
-0.029914755;4.563868E-5;0.013431798
2.8694593E-4;0.012536511;-0.0017545618
0.021323306;0.010029209;0.011096351
0.015496145;0.004898367;0.0151270805
-0.0071343337;-0.0054563065;0.0058516646
-0.005707467;-0.004365045;0.0046813316
-0.027222224;0.015257964;0.016245065
0.0110347215;0.015331371;-0.005753948
0.022109026;-0.006484903;0.026646841
-0.0034065284;-0.0145629225;0.008817473
-0.031631473;0.003974662;8.039787E-4
-0.033117678;0.0063047297;-0.011856817
0.0047558574;-0.004331216;-0.0032354537
0.0014609359;-0.012839973;-0.027588364
0.016793748;-0.019646978;-0.01582069
0.003278749;-0.021967582;0.0060934476
0.0065292493;0.004300934;0.011124758
0.0052233995;0.009690747;0.015149807
0.01589747;0.026502598;-0.006630155
-5.632744E-4;0.027452078;-0.011554124
-0.021544369;0.0032116624;0.0157567
-0.013329246;-0.02555567;0.018855361
-0.018475896;-0.020444537;-0.009915711
-0.022593217;-0.0069806287;-0.03293257
-0.007918323;-0.021209503;-0.038846057
-0.014147159;-0.010717602;-0.018576844
0.013682273;-0.008574082;-0.0023614755
0.012508318;0.021265734;0.0043608197
0.025631655;0.023262588;0.015988655
0.022067824;0.00923507;0.012790925
4.6675894E-4;0.0073880563;-0.0022672603
-0.012907843;0.0027854447;-0.0018138082
-0.0025137742;-0.025896644;-0.0077010468
0.0050202305;-0.026967315;-0.031160837
8.9118443E-4;-0.009073853;7.133017E-5
0.013994197;-0.019759081;0.006307064
-0.004429642;-0.0064322655;-0.019954348
-0.015262463;-0.017645812;0.009036521
-0.013772471;-0.023491649;-0.0052707833
0.019450773;0.00933168;-0.022966627
0.03118562;-0.014409656;0.0066266987
0.021042245;-0.014652724;-9.48641E-4
-3.5370406E-4;-0.02422218;-7.5891276E-4
-0.029189214;-0.013127744;0.00564287
-0.010070121;-0.007377195;-0.0017357041
-0.0057123466;0.019098245;-0.0076385634
-0.012382377;0.005903595;1.3914933E-4
-5.309018E-4;-0.020277124;0.012611319
-0.02151847;-0.006846699;-0.027410945
-0.013308527;-0.011727359;-0.015678756
0.019821929;-0.025006887;-0.018793004
0.026013793;-0.03875551;-0.008784403
0.0012797841;-0.009129408;-0.025777522
-0.014601173;0.014571474;-0.0018720183
-0.011680938;0.03665718;0.029752385
0.011748999;0.044950742;0.04255191
0.02893045;0.045335595;0.027791526
0.0075193597;0.030018475;0.0097332215
-0.0049220123;-0.019735219;-0.004713423
0.00309364;-0.053288177;-0.0100207385
9.124121E-4;-0.04575554;-0.020516591
0.0022924298;-0.042854432;-0.016413273
-0.009103556;-0.031158546;-0.013130618
0.007560905;-0.006176837;0.0019955055
0.006048724;0.01693353;0.0015964045
0.0032764792;0.044796824;0.026277123
-0.0036288167;0.06083746;0.0272717
-0.029465552;0.064294964;0.0155673595
-0.007947443;0.0076859742;0.012453888
0.004579546;-0.02510122;-0.02753689
0.015382387;-0.029455977;-0.003279512
0.014649659;-0.03606478;-0.02137361
0.0054697273;-0.028851826;-0.010848888
-0.020624219;-0.02308146;-0.03367911
0.0030318757;-0.009090168;0.0043067117
-0.00929325;0.008352865;0.01594537
-0.0129033495;0.009807292;0.0065062954
-0.022041429;0.032845832;-0.0010449636
0.007366856;0.07627667;0.017914029
0.026987234;0.061021335;0.026831223
0.009871038;0.042567067;0.015214979
-0.00929067;0.0028036537;0.018421983
-0.018370036;-0.019632077;0.008487586
0.013428971;-0.015705662;-0.005709931
0.020899428;-0.0031895293;-0.004567945
0.006563292;-0.015051624;0.008845644
0.011500633;-0.008916299;-0.011673485
0.005294257;-0.01650804;-0.009338788
-0.0059208446;-0.038206432;-0.02622103
-0.006299176;-0.018065145;-0.0084768245
-0.0050393404;0.038672883;-5.314593E-4
0.0053435275;0.049688306;0.018324833
-0.001193928;0.021000646;0.020909866
0.010763608;0.010550517;0.010477893
0.0086108865;-9.345867E-4;0.014632314
0.025638709;-0.0069976696;0.0054558516
0.018948467;0.010026865;-0.008135319
0.0018775237;-0.03260351;-0.025258254
-0.012560481;-0.060457807;-0.020206604
-0.024892135;-0.035866246;-0.0036652833
-0.026163708;-0.025567995;-0.0029322265
0.0025065336;0.010795603;-0.0023457813
-0.0019010231;0.014886483;-0.026876625
-0.0148020685;0.011909186;-0.0152513
-0.011841655;-0.027972652;0.01279896
0.015526677;-0.047378123;-0.008510832
0.01789009;-0.025402498;0.018191334
0.0064995727;0.0015530025;0.014553067
0.009105908;-0.011257598;-8.57546E-4
-0.025527773;-0.015256078;-0.025686037
-0.018078469;-0.012204863;-0.014298829
-0.006650275;0.00898611;-0.017689064
-0.00532022;0.007188888;-0.014151251
0.005118824;-0.0067488896;-0.017571
0.008001309;0.007100888;-0.0078068003
0.0079635475;-0.006819289;0.0062545594
0.018089589;-0.0054554315;0.0112536475
-0.0011533297;-0.0012393452;0.027752917
-0.011860164;0.008383524;0.028452335
-0.007925631;-0.005793181;-0.0022381323
-0.014153005;0.004740455;-0.014290506
0.001958846;0.0131673645;0.0010675952
0.026567077;-0.005091109;-0.0053959237
-0.0053088386;-9.478869E-4;0.008183261
0.0012216793;-0.0070083095;0.012796609
0.0048835934;0.0037683523;-0.002262713
-0.009374375;0.028014682;0.0106898295
-0.0035932502;0.013036746;0.008551864
-0.0028746002;-0.0020706037;5.9149094E-4
-0.01401843;-0.014156483;-0.012026807
-0.012777244;0.0011748137;0.0028785542
0.0014969547;0.02593985;0.014802843
0.027760064;0.036376882;0.011842275
0.035489302;0.025976505;0.0032238197
0.01276644;-0.007343796;0.008829055
8.3815266E-4;-0.005875037;-0.0054367553
-0.012610728;0.010924971;-0.016849404
-0.015557332;-0.0037600237;0.0052704765
-0.025727116;-0.006133019;-0.0020336187
-0.024487942;0.0075935847;-0.014126895
-0.0047466042;-0.018925132;0.007448484
-0.0077035334;-0.012015106;0.005958787
0.017274674;0.009137915;0.0047670295
-0.013524012;0.032310333;0.003813624
-0.029569209;0.041473266;-0.003199101
-0.031467866;0.023803612;0.022440718
-0.0040805438;0.01279289;0.024202576
0.061579313;0.016484313;0.01936206
0.1125447;0.019437449;-0.0032603517
0.09394201;-0.012575041;0.0036417185
0.04624736;-0.04131003;-0.009586625
-0.025502112;-0.020548025;0.0298307
-0.05165169;0.005436579;0.01136456
-0.037415102;0.029349264;0.009091648
-0.027588332;0.0047294106;-0.011476682
-0.0087894155;-0.03371647;-0.027931346
-0.04531278;-0.04884818;-0.022345075
-0.09953148;-0.010953542;8.73939E-4
-0.07806268;0.028737167;0.03194915
-7.313945E-4;0.057364732;0.025559321
0.09863363;0.042766787;0.0016974568
0.10234441;0.02171343;-0.017392034
0.027969277;-0.023254257;-0.03266363
-0.03153083;-0.07172841;-0.026130902
-0.026787164;-0.09488273;-0.020904722
-3.3598067E-4;-0.04465618;-0.022973778
-2.6878456E-4;-0.016974943;-0.012129022
0.0013474723;-0.010454955;0.0027967824
0.007327978;-0.0052389638;0.014737426
-0.0019501176;0.002058829;0.0055399407
-0.017185094;-0.010852937;-0.014318047
-0.040310577;0.03194265;-0.017704438
-0.03224846;0.02242912;-0.02041355
-0.008611268;-0.025806705;-0.0038308403
-0.008451515;-0.055020362;-0.015564673
0.0041762884;-0.03776629;-0.0062017376
0.013497281;-0.036463033;-0.011211391
0.010797825;-0.010420426;-0.027719112
0.02348201;-0.0020863407;0.0028247102
0.0015981077;0.020205928;0.008509768
0.012997236;0.019289741;0.0068078144
0.0119602885;0.021681793;0.01794625
0.0040994813;0.0017204349;0.020607002
0.011092084;0.0076263477;-0.0210144
-0.012220082;-0.018898921;-0.01681152
0.0011614343;-0.030744137;-9.492153E-4
0.0048353975;-0.03084531;-7.5937225E-4
0.021055818;3.237521E-4;-6.074978E-4
0.023094654;0.034634;0.005764002
-0.0026180265;0.049582202;0.0171112
-0.056000672;0.027165761;0.013688961
-0.06980053;-0.0032673911;-0.020298831
-0.03630918;-0.024488913;-0.0037390648
-1.4109365E-4;-0.03834113;0.009508749
0.026449624;-0.024422904;0.0076069986
0.0539722;0.014836676;0.006085599
0.050209012;0.05874434;0.004868479
0.030792208;0.050120473;0.010144783
0.012915016;0.043221377;0.014365827
-0.016230486;0.0064521027;0.03649266
0.0026406106;0.005161682;0.016694129
0.020862488;-0.0114956545;0.013355304
0.01512749;0.0033034766;0.0044342424
0.017570743;0.03701778;-0.008952606
-0.029693406;0.020239225;-9.1208477E-4
-0.06594223;-0.00255862;-0.0069796676
-0.05275378;-0.008296896;-0.0055837343
-0.027359273;0.0027374832;0.014283013
0.02655008;0.008439987;0.02392641
0.039990064;0.0067519895;3.9112807E-4
0.026523301;-0.0070984084;-0.018437097
0.011843641;-0.033803727;-0.008499678
0.0016624131;-0.03954298;-0.013049742
-0.03148257;-0.009759385;-0.022939794
-0.034561057;0.0140674915;0.012898165
-0.027648844;-0.0043710065;0.022818532
0.012255925;0.012128195;-4.951745E-4
0.021523489;0.022202555;0.01835386
0.04378129;0.027137045;-0.022816911
0.040493783;0.018584635;-0.03700353
-0.005886223;-0.032007292;-0.010852823
-0.0062714787;-0.050605834;-0.008682258
-0.0034546829;-0.034234665;-0.013195807
-0.019951247;-0.018012734;0.008193354
-0.015960997;0.019964814;0.0065546837
-0.03542505;0.0034718507;0.005243747
-0.022871288;0.03090248;-0.0020550026
0.0027967195;0.015346984;0.029605998
0.032706127;0.0029025876;0.011184799
0.01288365;-0.01330293;-0.022302162
0.0087444205;-0.001267344;9.0827094E-4
0.010901786;-0.019763876;0.0069766166
0.014190179;-0.0126861;0.0055812933
0.016820893;-0.01327388;-0.020534966
-0.017012035;-0.010619104;-0.022677973
-0.04954713;8.797167E-4;-0.011892377
-0.0630752;0.0069537736;-0.0032639022
-0.016085163;0.0118130185;0.009888878
0.033225622;0.021950414;0.020411102
0.043767996;0.008185332;-0.014921118
0.048295647;-0.018451734;0.0068131057
0.03707402;-0.021011388;0.017950485
-0.010965786;-0.00430911;0.008110387
-0.022053879;-0.009697288;-0.03101169
-0.021549353;-0.0077578304;1.9064808E-4
-0.032083232;4.3735665E-5;1.5251846E-4
-0.025666585;0.025034988;0.012622015
0.0138417315;0.029402992;0.010097612
0.037635885;0.026647393;-0.010671911
0.020733709;0.011942914;-0.008537528
-6.005336E-4;-0.009195669;0.005669977
-0.020011676;-0.013606535;-0.0017140182
-0.0019468415;-0.017135227;-0.0076212147
0.032817528;-0.013708183;-0.031096973
0.02625402;-0.010966546;-0.024877578
0.009284467;-0.036898237;-0.026152061
-0.015228677;-0.03576859;-0.008421649
-0.041089192;-0.01923987;0.01201268
-0.015683852;-0.018516896;0.015860144
-0.008640832;-0.017938517;0.012688115
-0.016287666;0.023149185;-0.014849507
-0.023186382;0.027894348;6.203939E-4
-0.0013616061;0.02231548;0.019246316
0.035629466;0.005352383;0.009147052
0.030066073;0.016781906;-0.0051823584
0.017021608;-0.020949475;-0.016645886
-0.017632714;-0.01363458;0.02418329
-0.025043672;0.020342337;0.013096632
-0.031753685;0.01627387;0.022977306
-0.0449342;0.028644094;-0.006618155
-0.0070411097;0.016665276;-0.011544524
0.020929612;-0.02104278;-0.00923562
0.05189994;-0.041834224;-0.019888496
0.05245745;-0.03971738;-0.015910797
0.009934711;-0.009898903;0.0060213627
0.013416519;0.010830877;-0.0014329096
-0.048641786;0.030539703;0.0051036724
-0.052194677;0.046306763;0.016582938
-0.011286993;0.04954541;0.02576635
0.038626656;0.020886328;0.008113081
0.034807574;-0.030165939;-0.018509535
0.01300231;-0.04913275;-0.008557629
0.004151848;-0.0580562;-0.025596103
-0.015428522;-0.04331996;-0.020476883
-0.020155318;-0.019030968;-0.003881506
-0.017686754;0.0066502253;0.009394796
-0.0453994;0.03344518;-0.011234163
-0.033975773;0.029881144;0.022262668
-0.023274368;0.030154916;0.017810136
0.006380506;0.030373933;0.007998108
0.035573155;0.014924146;-0.012351514
0.024552274;-5.606833E-4;-0.016131211
-0.003795681;-0.009823547;-4.0496862E-4
0.025869705;-0.020358838;0.018426025
0.040227015;0.00246293;0.00849082
0.016556611;0.017595343;0.013042656
-0.003942211;0.032826275;0.004184125
-0.03596627;0.02313602;0.0158473
-0.045960516;0.0060088164;-0.01232216
-0.002393412;-0.0014429471;0.015142272
0.01761652;-0.029279357;-3.8618245E-4
0.023468217;-0.017173486;-0.037808947
0.009399573;-0.038738787;-0.030247157
-0.0018553416;-0.05599103;8.0227456E-4
0.0024219768;-0.026042825;-0.0056081805
0.0019375813;0.02916574;-0.010736545
-0.012512435;0.029582592;0.016410764
-0.0061036977;0.061166074;0.0068786116
0.012304542;0.045807857;0.01800289
0.025468633;0.021021288;0.03940231
0.0031874066;0.0011920297;2.7184916E-4
-0.014637575;-0.027171377;-0.0122825205
-0.00780381;-0.0404871;-0.016076017
0.010944452;-0.04801468;-0.019110814
0.018130561;-0.032161746;0.0034613495
-0.010495551;-0.013229395;-0.00973092
-0.01777144;-0.0043335166;-0.014034736
-0.03921715;0.021533187;0.020022212
-0.014186222;0.035976548;0.009767769
0.03318227;0.01628124;0.014064215
0.032014567;-0.0057250084;0.005001372
0.0123304045;-0.0014550067;0.0040010978
0.0036143234;0.008210994;0.009450878
0.0028914588;-0.009056204;-0.011189298
0.006219417;-0.025994964;-0.008951438
-0.009868217;-0.020795971;-9.111504E-4
-0.011800823;-0.026011776;-0.00697892
-0.017253159;-0.0020594213;-0.0055831363
-0.012240027;-0.007897537;-0.016966509
0.011301729;-6.802962E-5;-0.0073232073
0.015291383;0.0030705763;-0.012108565
0.0044206064;0.005581461;0.0028131474
-0.023026016;-0.004909831;0.002250518
-0.024670811;-0.019552864;0.0018004143
0.0037008505;-0.003142292;0.020190332
0.00842943;0.0037361665;0.003652265
0.016118545;0.009238933;-0.0033281879
0.028519835;-0.008233854;-0.0026625502
0.011097118;-0.022212083;-0.02713004
0.011221444;-0.014644667;0.0032959678
-0.0011790943;-0.005465733;-0.016113225
-9.432754E-4;0.0018774136;0.012109419
0.0015891297;-0.0078730695;0.022187535
-0.0065411963;-0.0062984554;-0.0072499714
-0.016951706;-0.008163764;-0.024549978
-0.013561365;-0.0034060113;-0.025889982
-0.0085053425;-0.005849809;0.023038015
0.033039477;0.023445154;0.012180411
0.015494081;0.012506122;-0.015255671
-0.022760985;0.019379897;2.9546345E-4
-0.01586504;-0.0032460818;-0.006013629
0.01621422;-0.005721865;0.0014390966
0.0028151255;-0.0045774924;0.0074012773
-0.00477915;-0.0067869937;-0.019078977
-0.03116707;-0.011679595;-0.015263182
-0.026496155;0.018781323;0.025289454
0.013178076;0.02440006;0.032731563
0.02616746;0.035145048;0.013685251
0.0029652182;0.049991038;-0.0078017996
0.016434675;0.03061783;0.0062585603
-0.0063835103;-0.009880736;0.011256848
-0.018388059;-0.02352959;-0.02224452
-0.026429197;-0.021948671;-0.005295617
-0.007862107;0.010566063;-0.0042364937
0.013241564;0.02095285;0.009110805
0.016062;0.0073872805;0.007288644
0.0378496;0.0027848245;-0.0066690845
0.0037171808;-0.0040221405;0.013414732
-0.047026254;-9.2712384E-5;-0.008018214
-0.043089755;0.02805083;-0.02516457
-0.025096804;0.006815664;-0.0013816571
0.010391307;-0.0039224685;0.017644674
0.035656795;0.006237025;0.007865739
0.020712936;-0.01376038;4.2591553E-5
0.008757849;-0.023508305;0.012534074
0.020287529;-0.015681643;-0.014972742
0.027948774;-0.009420315;-0.011978193
0.005171519;-0.0044112517;-0.009582555
-0.007581535;0.012095999;0.017333956
-0.017783977;0.009676799;0.013867165
-0.011883432;-0.01725856;-0.0014062679
0.017055754;-0.02005685;0.023874985
0.005832103;0.008954521;0.0065999883
0.010915683;0.019663617;-0.0072200093
-0.029548705;-0.0061441064;-0.037026007
-0.03770146;-0.020540286;-0.042120807
-0.04891117;-0.053932227;0.0038033554
-0.0063164365;-0.03377078;0.0092926845
0.04807185;0.004233374;0.0011841474
0.07673873;0.025261698;0.038447317
0.052015986;0.038959358;0.018257855
0.020519037;-8.2512524E-5;0.020856284
-0.0023347698;-0.03444101;0.004185027
-0.025305316;-0.08692781;-0.02790198
-0.05618175;-0.06329225;-0.066071585
-0.030101651;0.049366202;-0.034107268
-0.016268821;0.06761796;-0.008535813
0.0026099426;0.016594369;0.01817135
0.009119204;-0.042974506;0.0020370798
0.028389113;-0.037504602;0.007879664
0.028961292;-0.008128683;0.006303731
0.024731532;0.021622054;-0.007457015
-0.005214774;0.011047643;-0.018465612
-0.021359319;0.0025881145;-0.02102249
-0.017087456;0.0020704917;-0.016817993
-0.034763712;-0.0014686068;0.024045607
-0.008279721;0.0019501146;0.019236485
0.006657473;0.004685092;0.009139189
0.022513479;-0.0056269267;0.0010613506
0.012542033;-0.010751542;-0.01165092
-0.007153874;-0.030476233;-0.009320736
-0.0197856;-0.033755988;-0.0012065885
0.020890271;-0.0020047892;-0.01346527
0.033899717;0.017146168;0.007977784
0.013838523;0.023091935;1.3222668E-4
-6.479314E-4;0.015348548;0.0063557816
-0.025518345;-2.2116164E-4;0.017584626
-0.029789677;0.0060730707;0.0015677001
-0.010550491;-0.0013915434;-0.00499584
-0.006096643;-0.004238235;-0.010246672
0.006060186;-0.0033905879;-0.008197337
0.025941899;-0.01833747;-0.00655787
0.01684727;-0.020919977;-0.005246296
0.002540315;0.008264019;0.020802964
0.0035947522;0.022236215;-0.008357629
-0.011967949;0.033413973;0.012063896
-0.02519936;0.011106178;0.015901117
-0.021721987;0.0057599423;-0.006029106
-0.008002589;0.0046079536;-0.011073285
-0.0048395717;-0.011938637;-0.015108628
0.023472093;-0.02830091;-0.018336903
0.018777674;-0.013265728;-0.002169522
-0.0029466106;-0.004362582;-0.007985618
-0.015638538;0.0027599344;0.018611506
-0.019542081;0.027207948;0.039889205
-0.033602417;0.006141358;6.613638E-4
0.005930568;-0.026336914;-0.0057209088
0.028181955;-0.03669453;-0.010826727
0.018639313;-0.010605625;-0.008661382
0.02428645;0.0102655;-6.791054E-4
0.01942916;0.008212401;0.011956716
-0.009456672;0.01906992;-0.009184628
-0.03803409;0.009005936;-0.013597702
-0.04605227;0.02595475;0.0016218384
-0.038404316;0.0207638;0.0012974708
-0.026817203;-0.0021389606;0.0010379766
0.001202488;-0.01733617;-0.005419619
0.02986824;-0.020118935;-0.010585695
0.046550844;-0.05984515;0.010281444
0.050521925;-0.035376117;0.026975155
0.05213629;0.015449106;-0.0034198759
0.016709032;0.052984286;-0.0027359007
-0.051476523;0.05488743;0.0040612794
-0.05289997;0.04703494;0.021999024
-0.046226226;0.047002953;0.011349219
-0.01588723;0.015727364;-0.022170626
0.012290215;-0.02179311;-0.0114865
0.012175922;-0.026809487;-0.0154392
-0.0019780123;-0.03707259;-0.01235136
-0.0015824097;-0.017158072;0.021368911
0.015921572;0.011273542;0.0045951298
0.047112256;0.040268835;0.016176105
0.045502305;0.032215066;0.012940883
-0.015160655;0.025772054;0.010352707
-0.033222273;0.029992644;0.014532165
-0.05392157;0.023994114;0.005375732
-0.040793505;0.0035702914;-0.014449415
-0.0021660542;-0.034643766;-0.01780953
0.0060796565;-0.058965012;-0.0079976255
0.031426225;-0.02529701;-0.0188981
0.02514098;-0.004612609;0.00988152
0.020112785;-5.650869E-4;0.007905216
0.029371478;0.01517293;0.006324173
0.010215932;0.027763344;0.017559338
3.602455E-4;0.040960677;0.026547471
-0.0067430534;0.02026854;0.008737977
-0.011644443;5.898323E-4;-0.0055096187
-0.020253055;-0.037028134;-0.016907696
-0.030264944;-0.067122504;-0.019776156
-0.042961955;-0.06307301;-0.022070926
-0.036713313;-0.022333404;-0.030156739
-0.002026901;-0.008491724;0.013374608
0.04994098;-0.003668379;0.035699688
0.061046533;0.037690297;0.02855975
0.044930976;0.07077724;0.0040977993
0.0054760315;0.07849679;-0.009221761
-0.029994175;0.05029743;0.023872592
-0.05680784;0.0058629457;0.031598072
-0.016540023;-0.0078096436;-0.005971541
0.013330483;-0.028122716;-0.004777233
0.014570636;-0.03499817;-0.0038217865
-0.0016247412;-0.043623537;-0.034307428
-0.010674793;-0.03177383;-0.008695943
-0.012446084;-0.009794064;-0.0069567547
0.011136883;0.010914749;0.006934596
0.018284505;0.039981797;0.043047678
0.012283855;0.08198544;0.06568814
0.016077084;0.14058836;0.027550513
0.012861667;0.06872068;-0.009209589
-0.009241916;-0.060648456;-0.019867672
-0.012862283;-0.107893765;-0.015894137
-0.029821077;-0.04256501;-0.03771531
-0.027763112;0.006572991;-0.030172247
-0.027679238;-0.016616607;-0.024137799
-0.016674642;-0.044543285;-0.013060238
0.027285287;-0.010634629;0.020801809
