-0.023327546;-0.004333525;-0.023291618
-0.0014745367;-0.0019043201;-0.0061332947
0.02225787;3.904393E-5;0.032593366
0.0037437966;-0.006218765;0.019824691
0.0029950372;0.024712488;-0.0028902467
0.027396029;0.011957491;-0.014812198
0.012541824;0.017378492;0.019400243
-0.001685291;0.026402794;0.009270194
0.010370517;0.017997235;-0.005083845
0.008296413;0.014397788;-0.004067076
-0.0011753689;-0.0056692697;-0.01575366
0.009215955;0.015777085;0.0061470713
-0.013720986;0.011059168;0.017417656
-0.003945539;-0.025527665;-0.004815874
0.01793732;-0.03135963;0.021147301
-0.016118895;-0.065712705;-0.00808216
-0.018363865;-0.033820163;-0.025215728
-0.027972342;-0.008306132;-0.013922582
-0.007534124;0.021480095;-0.0048880656
-0.01774605;0.035934076;-0.0039104526
0.030334411;0.04749726;0.021871638
0.03598628;0.04893531;-0.0012526896
0.009257773;0.025085747;0.005247848
0.007406218;0.0060060974;0.029198278
0.008268724;-0.007695122;0.010858623
-0.0035412703;-0.029593598;-0.010063102
-4.892663E-4;-0.033049878;-0.014300481
-0.017578913;-0.012377403;0.013559615
-0.008594381;0.005723078;-0.007902308
-0.008438004;-0.056359038;-0.012571846
2.8084652E-4;-0.04664973;-0.0038074772
0.0103809275;0.007992716;-0.0030459817
0.0043984917;0.045456674;-0.0024367855
0.0011750434;0.03949034;0.0043005715
-0.0029662154;0.019092271;0.0034404574
-0.011747972;0.026211316;-0.009747634
0.0140391225;0.020969054;-0.0015481072
0.0073250476;0.010525242;0.017511515
-0.005858712;-0.016579807;0.02650921
-7.807194E-4;-0.038263846;0.0024573691
-0.013905825;-0.022798575;-0.016784105
0.0021565896;-0.02917636;-0.013427284
0.005631522;-0.023341088;0.014258173
-0.020494783;-0.034297872;-0.0073434617
-0.025770826;0.0053742034;-0.012124769
-0.01124166;0.032424364;-0.0034498156
0.009756671;0.04937699;-0.009009852
0.017961588;0.04887659;0.005292118
0.012025519;0.031288773;0.016733695
0.013526666;0.0062810187;0.019636955
0.0030088325;-0.029350186;-0.0030404355
-0.016342934;-0.03754265;-0.008682349
-0.009168097;-0.042534117;-0.0069458787
-0.013584478;-0.034027293;-0.011806703
0.021944918;-0.0069093355;-0.009445363
0.021462183;0.02259753;0.0049437103
-0.011736503;0.047765527;0.010204968
-0.017201701;0.05539992;0.014413974
0.0034261383;0.050569937;0.0052811797
0.01055341;0.017018449;-0.008275056
0.029536478;-0.0035727408;0.005879955
-0.0068395673;-0.037233192;-0.007796036
-0.034377903;-0.031349055;0.0062631713
-0.006408573;-0.029766744;-0.007489463
-0.0145018585;-0.011313395;2.5842953E-4
-0.010038987;-0.0012382157;-0.012293257
-2.1868937E-4;0.009946927;0.002665395
0.03420005;0.023582542;-0.004117684
0.035172537;0.012616034;0.021705853
0.009388031;0.014780327;0.011114682
-0.012020825;0.029011762;-0.0036082543
0.02319584;0.015396909;-0.009136603
0.005275422;-0.018932473;-0.0073092827
-0.020779662;-0.06983348;-0.012097426
-0.05881123;-0.08399178;-0.03467794
-0.025955234;-0.060943425;0.0035076472
0.005798313;-0.05812974;0.009056117
-0.0031738498;-0.026191292;-0.017755106
0.01308592;0.008734466;-0.0017040846
0.012031236;0.07573757;0.017386733
0.013531239;0.09340256;-0.011090614
0.0030124912;0.06847205;-0.015122491
-0.012433757;0.006340137;0.019152006
-0.0060407557;-0.01211539;0.009071605
0.0123548955;-0.051879812;0.0010072844
0.011446416;-0.07119135;8.0582756E-4
-0.0095928665;-0.06476558;6.4466207E-4
-6.4304355E-4;-0.033062465;-0.0057342704
0.019016815;-0.0014499711;-0.004587416
0.0019322021;0.025402524;-0.003669933
-0.023454238;0.04063452;-0.009185947
-0.026575891;0.029382614;-0.0073487572
-0.0040732124;0.023506092;3.709943E-4
-0.00872732;0.014117373;0.019046795
-0.005419356;-0.0027686013;0.008987436
0.028477015;-0.028777381;0.013439949
0.021219112;-0.032396905;-0.0017480408
0.00916279;-0.022792524;0.011101567
0.015142731;0.005203481;-0.009868746
0.009770435;0.016662784;0.004605003
0.0023475983;0.027392728;-0.008815997
-0.0059344214;0.021914182;-8.0279796E-4
-0.035216287;-0.0074686543;-0.0068922383
-0.01332928;-0.021599924;-0.0055137905
-0.0044134236;-0.026654938;-0.023161033
0.007406761;-0.015073951;-0.006028826
0.012175409;-0.005809161;-0.011073061
0.001927827;-0.0030848286;0.028641552
0.01716726;0.016282137;0.022913242
0.01920256;0.03490071;-4.1940715E-4
-2.6295256E-4;0.06542057;-3.3552572E-4
-2.1036204E-4;0.052336454;-2.6842058E-4
-0.013449539;0.032494165;-2.1473646E-4
0.0025216183;0.004120331;0.0060782107
0.0043610446;-0.024828736;0.011112569
0.011301336;-0.03705049;0.002640055
-0.012052681;-0.03901539;-0.016637957
-0.025267145;-0.04683731;-0.019560365
-0.010838716;-0.02184485;-0.003148292
-8.584729E-4;0.00127412;-0.008768634
0.0047819717;0.030706797;0.005485093
-0.018830672;0.048002936;0.0043880744
-0.0017832881;0.03371485;-0.00898954
0.02201087;0.028534379;0.017808368
0.037921194;0.0040775035;0.020496694
0.028774457;-0.034237996;-0.008602644
-0.007449185;-0.032077897;-6.3211576E-4
-0.005959348;-0.027224818;-0.0067556924
-0.008673728;-0.017092355;8.4544596E-4
-0.022563983;-0.021486383;0.019426357
-0.010238686;-0.028126607;-0.015708914
-0.017565949;-0.013126286;-0.0063171317
-0.0085840095;0.028561471;0.019946294
-0.008429707;0.041599177;0.015957035
0.008099984;0.04421684;0.012765628
0.018198738;0.033810973;0.003962503
0.01690274;0.02548628;-0.0030799976
-0.009915308;0.021951523;-0.0024639983
-0.021213496;-0.016813781;0.0042788014
-0.015408297;-0.032201026;-0.0090769585
-0.0060766377;-0.033573322;-0.026011568
0.01232619;-0.039358657;-0.014559254
0.0036109518;-0.031486925;8.5259706E-4
0.0052325116;0.00449796;0.0069320775
0.004186009;0.028598368;0.0055456623
0.024442557;0.032253694;0.01068653
0.017210295;0.033615455;0.014799224
-0.010450513;0.011267364;0.018089378
-0.03726666;-0.009736109;-0.016778497
-0.020438328;-0.004663887;-0.0071727973
-0.020256912;-0.014668609;-0.043238238
0.01035697;-0.03829739;-0.00959059
0.022348076;-0.01345041;0.017327528
0.02334721;0.022052173;0.020112023
0.03039652;0.019204238;-0.008910382
-0.0069327853;-0.00651161;-8.783058E-4
-0.005546228;-0.014584288;-0.006952645
0.0057192673;0.01177007;0.0069378843
0.008481664;0.017228555;-0.019449692
-0.008839669;0.0044078445;-0.0030597541
-0.003165485;0.0035262757;0.0038021968
-9.6988806E-4;-0.009678979;0.0030417575
-0.01405716;-0.012430684;0.021183405
-0.0112457285;-0.025569547;-0.0018032753
-0.023840332;-0.025143137;-0.0014426202
-0.004228516;1.9799001E-4;0.017595904
0.012242187;0.012658392;0.007826723
0.0058874995;0.017939214;0.018761378
0.00861625;0.03622637;-0.022490898
0.0029867499;0.025856096;-0.011742718
-0.0069856;-0.0043151225;0.009355825
-0.02121348;-0.030014599;0.013734661
2.167159E-4;-0.05213668;0.017237728
0.011892123;-0.051084343;-0.017459817
0.017326199;-0.031492475;-0.020217855
0.019329708;-0.018943978;-0.003674283
-0.009536233;0.030157316;0.009560574
-0.023253987;0.035063352;-0.011101541
0.006396811;0.035863183;0.016118767
0.0051174485;0.044315547;0.019145014
-0.005281041;0.035452437;-0.022183988
-3.185829E-4;0.0049244496;-0.011497191
0.011463883;-0.01637294;-0.015447753
-0.019735143;-0.047473352;-0.0061082025
-1.6311444E-4;-0.045791183;-0.004886562
0.0108070085;-0.017882945;-0.0039092493
0.0047393567;-0.015868856;0.0031226003
0.0076977354;0.021679915;0.0024980803
-0.0016543117;0.04390643;0.008248464
-0.012260949;0.022625146;-0.012151228
-0.0059025097;0.014975117;-0.003470983
7.467424E-4;0.0072925934;0.028473213
0.012316144;0.0073965746;0.016528571
0.002040415;-0.01283274;-0.018027144
-0.017898917;-0.057141192;-0.0144217145
-0.010412884;-0.044150453;9.6262834E-4
0.011200942;-0.005632863;0.019520102
0.002710754;0.01424371;0.0031160822
0.031074854;0.017644968;-0.010007135
0.028766133;0.035990976;0.016994292
-0.0113620935;0.04441778;-0.011404566
2.8532484E-4;0.023034224;-0.015373653
-0.018521741;0.012177379;-0.0060489224
-0.028098643;-0.018383097;-0.011089138
-0.032635164;-0.039706476;-0.0026213103
0.005141869;0.011984818;-0.008347048
0.017394746;0.020525355;-4.2763853E-4
0.024853297;0.013295284;0.018407889
0.012851387;-0.029988773;0.014726311
0.0063748597;-0.044303518;-0.006968951
-0.023806361;-0.005755315;-0.011825161
-0.01357634;0.020395748;-0.0032101285
8.576781E-4;0.016316598;0.041181896
-0.016501358;-0.021321721;-0.004554482
-0.015544836;-0.03580738;-0.0036435858
-0.01946712;-0.0348959;0.009585131
0.035988804;-0.02322922;-0.029831896
0.028791044;0.009541623;0.0011344841
-0.001967165;0.015445799;-0.0053424127
-0.018761232;0.04673164;-0.01052393
-0.009540236;0.04676031;0.0040808558
-0.028725939;0.0139707485;0.009514685
4.567493E-4;0.001801599;0.0013617477
0.02145915;0.0014412792;0.019839399
0.024979819;-0.008221976;0.01587152
0.019983856;-0.03782758;-0.006052785
-0.0074504153;-0.041199565;-0.03609223
-0.03252283;-0.017334651;0.0023762174
-0.012737016;-0.007617722;-0.004349026
0.0030916373;0.0032808227;-0.003479221
0.01028581;0.016687158;-0.0027833767
0.0027598978;0.027412226;0.0227733
0.0076766685;0.03130478;0.018218638
0.024891336;0.031293824;-0.010425089
0.0050693178;-0.01402744;0.0041599288
-0.019382047;-0.025284452;0.015827943
-0.0076931366;0.0063349386;-0.0060876454
-0.0022482593;-0.010557049;-0.023620116
-0.0017986075;-0.030320639;-0.012646093
-0.003001386;-0.04144401;-0.0038668744
0.0108801415;-0.03628021;-0.0155935
8.9161296E-4;-0.033711668;-0.0124747995
0.0022757903;-0.005094334;0.00877016
0.0041643823;0.052174535;7.661282E-4
0.012706506;0.082364626;0.013112903
0.023446456;0.0783917;0.0104903225
0.009382164;0.020525862;-0.022857742
-0.02296302;-0.049204312;-0.005786194
-0.018370416;-0.03467595;0.0016210449
-0.024071332;-0.04492826;0.001296836
-0.0044133156;-0.06406761;-0.011462531
0.017563097;-0.030941585;-0.021670025
0.014050478;-0.024753269;-0.01733602
-0.0020408677;-0.015115115;-0.007618816
-7.0194124E-5;0.022282908;0.025154946
0.017912595;0.045951325;0.032623958
0.021361325;0.05707356;0.032349166
-0.02119219;0.03628385;8.7933295E-4
-0.04195375;0.010277079;-0.018046534
-0.008563002;4.091633E-4;0.0043127732
0.014243349;-0.004360169;0.015950218
0.005925929;-0.014425635;0.019010175
-0.0069780066;-0.027165508;-0.02229186
-0.007144905;-0.057669908;-0.030333487
-0.0041534244;-0.035198424;-0.0055167903
-0.0048852395;0.02965376;0.008086568
0.0015605584;0.06903551;0.006469254
0.026248448;0.041165907;0.0051754033
0.017092507;0.004807725;0.016640322
0.0082052555;0.01634618;-0.005437742
-0.0012482952;-0.005673056;-0.010600193
-0.006467386;-0.018600944;0.016519845
-0.005173909;-0.013318256;0.006965876
-0.019764127;-0.0028421048;-6.772991E-4
0.0013761983;0.028976316;0.005708161
0.0026634587;-2.56447E-4;-0.007933471
-0.008806733;-0.033017658;-0.018846776
-0.0070453864;-0.029539127;-0.027577423
0.01701994;-0.018943802;0.0091880625
0.015959702;4.699593E-4;0.01360045
0.03698651;0.044125967;-0.01411964
0.03193296;0.032175776;0.03245429
-0.024453633;7.4061914E-4;0.03221343
-0.019562906;0.014654995;7.7074434E-4
-0.015650325;0.016411496;0.0068665957
-0.0062702596;0.022504197;-0.013256724
-0.0034537078;-0.011684142;-0.004355379
-0.0066692163;-0.015597314;-0.0034843031
0.010289627;-0.023415351;0.015962558
0.012137951;-0.024982281;0.012770046
-4.458887E-4;-0.030923326;-0.021033963
-0.025356712;-0.05755116;-0.023077171
-0.021847868;-0.025728429;-0.012211736
0.002052955;0.045042258;-0.003519389
0.008673614;0.079783805;-0.0028155113
0.022563891;0.052889545;0.003997591
0.004769863;0.059499137;-0.0030519273
0.01162839;0.014786809;0.003808458
-8.535377E-4;0.010266947;0.0030467666
0.0055671697;-0.049598943;0.014937413
-0.008827514;-0.06624165;-5.500694E-4
-0.02815576;-0.054555822;0.012059945
-0.009243359;-0.018644659;0.009647955
4.1781276E-4;0.010084273;-0.023531636
0.0136155;0.019004919;-7.5308424E-5
0.00854865;0.010516435;0.0061897533
0.00293267;0.022475649;0.0049518025
-0.008591364;0.010168019;-0.0022885578
0.011876909;0.017509414;0.0044191536
0.022782777;0.0061950316;-0.002714677
-0.004430028;-0.016918974;-0.008421741
-0.009012773;-0.04478518;-4.8739332E-4
0.006071032;-0.029578144;-3.8991467E-4
0.019700576;0.004462485;0.01843807
0.0024792105;0.027007489;-0.0039995452
-0.016766632;0.02160599;-0.009449637
-0.040757056;0.025097292;-0.0075597093
-0.019324394;0.040390335;-0.006047767
0.015790485;-5.002329E-4;0.0014117862
0.03138239;-0.034775186;0.019879429
0.00244966;-0.015320149;-0.0028464568
-0.005852772;-0.018506119;-0.014777166
0.0031302825;-0.013242396;-0.018071732
0.014222976;-0.019968916;0.0042926143
-0.021434119;-0.0019126331;-0.0028159088
-0.0077722953;0.0062823934;-0.008502727
-0.0062178364;0.014400915;0.018197818
-0.020599268;0.019333232;0.020808255
-0.023510665;0.035779085;-0.0021033962
-0.017246032;0.0051857685;0.017067283
0.012765674;0.008836115;0.0011538265
0.03130629;-0.0023061081;9.2306116E-4
0.019576281;-0.015907386;7.384489E-4
-0.006995225;-0.05491341;0.006840759
-0.01575243;-0.051743228;-0.0070273927
0.022554306;-0.017957082;-0.0056219143
0.023512196;-0.0065531656;-0.0044975313
0.009434756;0.022882467;0.002651975
-0.011983445;0.043305974;-0.0041284203
-0.004118006;0.06589478;0.009197264
-0.004856905;0.040215824;-0.017642189
0.003926976;0.0056101587;0.01713625
-0.014045919;-0.020511873;0.0012089992
-0.022955485;-0.030472;-0.0115328
-0.0105518885;-0.030627599;-0.015476241
-0.0029727607;-0.026064578;-0.0061309924
0.0054342914;-0.006789163;0.013845206
-0.0050275666;0.019568669;-0.013923835
0.028009197;0.015654936;-0.004889068
0.024751108;0.02814895;0.008588745
0.015894637;0.02720666;0.006870996
-0.008378041;0.001452827;-0.025753204
-0.019983683;-0.012900239;-0.0018525623
-0.0042681964;-9.451907E-4;0.01101795
0.0020541928;0.011743847;0.00881436
0.0016433543;-0.0031049221;0.007051488
-0.0010290666;-9.2143763E-4;-0.0068588094
-0.007854504;-0.02573715;7.629524E-4
0.010903898;-0.02683972;6.103619E-4
0.016535617;-0.013659276;0.03173829
0.014790994;0.003135079;0.03164063
1.1404546E-4;0.025945563;-0.005937495
0.0024349864;0.02388145;-0.0047499957
-0.01758326;0.01598016;-0.0037999966
-0.007816609;0.015909128;-0.021789998
-0.014065787;0.026789803;-0.004931998
-3.1512958E-4;0.0058068424;-0.010195598
0.023185397;-0.004729526;-0.014406479
0.009173317;-0.03190862;9.748171E-4
-0.009848846;-0.0020893968;7.7985367E-4
0.014777173;-1.0901744E-4;0.006873883
-0.0077095116;-0.025087213;-0.007000894
8.2390674E-5;-0.05131977;0.013149285
-0.0116528375;-0.051993318;0.004269428
-0.02494727;-0.013469653;-0.0028344574
0.0073859342;0.020474277;-0.021017566
0.003564997;0.039816923;-0.016814053
0.016914498;0.055291038;-9.512423E-4
0.0018128483;0.05048283;0.017989006
-0.03136222;0.046636265;0.008141205
0.015535223;0.0076215114;0.006512964
0.03508443;-0.04234029;-0.0010396289
0.0054112924;-0.043247234;-0.0070817033
-0.016764715;-0.072097786;-0.0056653623
-0.019661773;-0.05299073;0.00171771
0.0014580819;-0.017392583;0.0013741681
-0.008208535;1.4843342E-4;-0.023900665
0.0012456723;0.029806247;-0.012870532
-0.022440962;0.0316575;0.014703574
-0.0023277698;0.037825998;-7.3714077E-4
0.011419035;-9.892017E-4;0.011910288
0.0036664775;-0.02735386;0.01577823
0.018558182;-0.009383089;1.2258392E-4
0.025784045;0.0034310287;-0.0061519328
-0.0020290136;0.002744823;0.0075784535
0.011658039;-0.0056166416;0.006062763
-0.0062985686;-0.0013683133;-0.0076497896
-0.023788854;0.012967849;-0.018619832
-0.030749833;0.01974928;-0.0023958653
-0.020693617;-0.010763076;0.0043333075
-9.2989375E-4;-0.0148604615;-0.021533353
-0.006993915;-0.01813837;-0.0047266833
-0.009501382;-0.005135695;0.0024686535
0.013492645;0.009953944;0.026974922
0.034231614;0.014213155;-0.009670062
0.018010292;-0.0011294759;-0.0014860494
-0.012935516;-9.0358075E-4;-0.01368884
-0.002535913;0.019589635;0.014048928
-0.0035912304;-0.0015157916;0.029989142
-0.0028729842;-0.012150133;-0.007258686
-0.014017138;-0.031595107;-0.0058069485
-0.0018387099;-0.017463585;-0.004645559
0.015716532;0.021966632;-0.0037164472
8.5447566E-4;0.019135805;-0.0029731577
0.0084960805;0.029371144;-0.0023785261
-0.011953136;0.021934416;0.004347179
-0.011906259;0.017547533;-0.0027722567
0.0076624933;0.014038026;0.0040321946
-9.012554E-4;-0.01220708;0.0094757555
-0.010877254;-0.031640664;0.0075806044
-0.0047955536;-0.03781253;-0.012685516
0.005538557;-0.025562525;-0.0038984132
0.023962095;0.0014249803;0.009381269
0.015263427;0.026139984;0.0075050155
0.012210742;0.020911988;0.0060040127
-0.016793907;0.00891709;-0.01394679
-0.019685125;0.0024461718;-0.004907432
-0.01184185;0.0066444376;0.008574055
0.0022452697;0.01625305;0.0131092435
-0.019297535;-0.00887256;-0.008262605
0.0017494726;-0.04616055;-0.012860084
-0.015787922;-0.021303438;-0.010288067
0.0123696625;0.01108225;-0.001980454
0.04270823;0.0073032994;0.004665637
0.024010334;0.0027176396;0.0037325094
-0.008916733;0.019361611;-0.015763992
-0.013383387;0.01236429;-1.111939E-4
-0.001331709;0.0067664315;0.012411045
0.0051846327;-0.011774355;0.003678836
-0.026321044;-0.018794484;0.009193068
-0.010119335;0.013089413;0.001104455
0.024717033;0.03234653;0.007133564
0.035398625;-0.0069352756;0.03070685
0.0033189005;-0.03523572;-4.3451905E-4
-0.01843863;-0.015688576;-0.025347615
-0.018657153;-0.012550862;-0.03277809
-0.003206973;-0.02722819;-0.013722474
0.010715672;-0.018657552;-0.004727979
-0.0031462128;0.01632396;0.0024676167
-0.02361072;0.017746666;0.008224093
-0.011076076;0.025134834;-0.0121707255
-0.0033921108;0.015420367;-0.0034865802
-0.008182439;0.024836294;0.040960737
0.001266549;0.007369035;0.0077685886
0.0064819893;-0.020667272;-3.5129062E-5
0.022373091;-0.04309632;-0.018778102
0.016335974;-0.025102055;0.016227517
0.009162528;-0.0028941433;0.012982014
-0.008294977;0.021122186;0.010385611
0.0066452683;0.029397748;-0.010441511
0.0037537145;0.031330697;-0.008353209
-0.008715779;-0.003060441;0.005817433
-0.0124413725;-0.041510854;-0.014096053
0.011140652;-0.037896182;-0.030026844
0.012818771;-0.008441946;9.785256E-4
-0.014744983;-0.0036285566;0.0070328205
-0.006327236;-0.0029028454;-0.0068737436
4.0696101E-4;0.014865223;7.5100514E-4
3.255688E-4;0.013454679;6.008041E-4
-0.005208295;-0.004861257;0.012980644
0.003645864;-0.013264005;-0.0021154853
-0.012708309;0.023763796;0.004557612
-0.002354147;0.025261037;-0.0026039106
0.021554183;0.02489633;0.010416872
0.022712097;0.015229563;0.020833498
0.0127009265;-0.0018788493;0.0041667977
-0.013276759;-0.018690579;-0.009166562
-0.006715157;-0.035264965;-0.0073332493
-0.0069346256;-0.025086971;-0.0121166
0.009296049;-0.037257075;-0.028443279
-3.7566034E-4;-0.014180661;0.014745376
-0.009675528;-0.016032029;-7.0369896E-4
-0.0132091725;0.021549378;-0.025562959
0.002713912;0.037552003;0.004549633
0.017796129;0.015979102;0.016139707
0.015799403;0.0018457809;0.019161765
-0.024079228;-0.011023375;0.015329412
-0.015357132;-0.0338187;0.0060135294
-0.012285706;-0.01142996;-0.0076891766
0.013608935;-0.007581468;-0.012401341
0.020262148;0.009559825;0.008828927
-0.010352781;0.01233536;0.019563142
-0.014532225;0.019243289;0.0031505134
-0.02490703;0.03414463;-0.0037295893
-3.9437393E-4;0.027315704;-0.0029836714
0.016872;0.010915063;-0.0086369375
0.0017788507;-0.006892949;-0.0069095497
0.0014230806;7.356407E-4;-0.011777639
0.0066072145;-0.0056614876;-0.021922112
-0.009557978;-0.01859169;-0.0050376896
1.6611724E-4;-0.03987335;0.03346985
0.017320395;-0.033461183;0.020525878
0.003700065;-0.022081446;0.003920703
-0.015789948;0.018272344;-0.0031134377
-0.022006959;0.056805376;-0.00249075
-0.0066680666;0.0563818;-0.0019926
0.007946797;0.03260544;0.01090592
0.004794937;0.013584352;0.008724736
-7.030015E-5;-0.0047575184;-0.005520211
0.01556876;-0.024118515;-0.010666169
0.020267507;-0.030232312;0.010217065
0.013870256;-0.03981085;-0.010576348
-0.009997545;-0.01934868;-0.020961078
-0.017373037;-0.0029789435;-0.004268863
0.0071953214;0.024179345;0.00908491
-0.019243743;0.019343477;0.0010179278
-0.0075824945;0.031099781;-0.011685657
0.012684004;0.009254824;-0.009348527
0.008584703;0.01677886;0.011271179
0.014680263;0.011860588;0.021516943
0.02502546;0.0079259705;0.0109635545
-0.0034171317;-0.009284223;-0.0037291565
-0.009764955;-0.019927379;0.003266675
-7.807143E-4;-0.008129403;-0.00988666
0.011094178;-0.0033785226;0.010840672
-0.020030906;-0.005827818;-0.016327463
-0.026962226;-0.0062247543;-0.01306197
-0.0067260307;0.016895197;-0.004199576
-0.0053808247;0.03226616;0.02164034
-0.01367966;0.024250425;-0.0076877284
0.0062437723;0.01627534;-0.018650183
0.012807518;0.0020827726;0.022579854
0.021964764;-0.026458781;-6.8611704E-4
0.03241556;-0.0117920255;0.0057011065
-0.0029738008;0.0030663796;0.010810885
-0.007847791;-6.718964E-4;0.0023987081
-0.0062782327;-0.027100017;0.014418966
-0.0011163361;-0.031055015;-0.019714827
-0.0087055685;-0.002969011;-0.009521862
-0.008526955;0.02262479;0.01738251
0.006459686;0.041537333;0.013906009
0.012980249;0.034792367;-0.013875193
0.004134199;0.024708893;-0.0048501543
0.015026109;-0.022420386;-0.0038801236
0.015927138;-0.04449881;-0.015604099
-0.0028832902;-0.051224045;1.6720918E-5
-0.015587882;-0.048791736;1.3376734E-5
-0.021845305;-0.010908389;1.07013875E-5
-0.021382494;-0.018101713;-0.012491439
-0.0038247455;-0.01604387;-0.009993151
-0.0046222964;0.013727404;-0.0017445209
0.013489663;0.050044425;0.0111043835
0.0123542305;0.04784804;0.015133507
-0.0073041157;0.03202843;0.018356806
-0.017562043;-0.010314755;-0.022814555
-0.014049634;-0.037939303;-0.012001645
0.0082915425;-0.028788943;0.009148684
-0.014460516;-0.027718654;0.0010689475
0.007181587;-0.047174923;-0.005394842
-0.0012859801;-0.008052439;0.0019341264
-0.008841285;0.023245549;0.0015473011
0.0023019728;0.006096439;-0.0050121592
0.017466579;0.025189651;-0.0040097274
0.024910763;0.006089221;0.0030422183
0.00664736;0.012683877;-0.0038162256
-0.004057112;0.016397102;0.00944702
-0.022776939;0.014680181;0.026307616
-0.011971552;8.066449E-4;0.014796092
-0.018952241;-0.030604685;-0.006913126
0.023119457;-0.03542125;-0.0117805
0.020058066;-0.0392745;-0.0094244005
0.016046453;-0.026732098;-0.0075395205
0.018305913;-0.010448178;-0.012281616
0.0076134796;-0.005233543;-0.003575293
-0.021252966;0.014563166;-0.0028602346
-0.020908624;0.010088032;0.010211812
0.008273101;0.019007927;-0.01683055
-0.0011940188;0.03864384;-0.00721444
-0.018142715;0.035602573;0.006728448
-0.012170422;-0.0074554416;-0.01961724
0.009013662;-0.024714353;0.009306206
0.01111718;-0.018208982;0.0011949653
0.028424993;-0.023942186;9.559723E-4
-0.010072505;-0.012903749;-0.024235222
-0.033058003;0.003739501;0.0056118225
-0.035821404;0.015491601;0.016989458
-0.028657122;0.012393281;0.013591566
0.011449302;0.017727124;-0.014126747
0.018534442;0.018869199;0.0011986024
0.0077963034;0.022907859;0.0134588815
-0.0117317075;0.010513788;0.010767106
0.008583385;-9.6396985E-4;-0.0038863155
6.1670726E-4;-0.042958677;0.015640948
0.002837116;-0.06717944;1.2758033E-5
-0.0016365573;-0.03968105;1.0206427E-5
-0.009121746;-0.005182342;-0.024991835
0.0059838532;0.013041627;0.005006532
0.0071308324;0.0494958;0.022755226
-0.027107835;0.04272164;-5.4581946E-4
-0.012311267;0.026364813;0.0058133444
0.007338486;0.01952935;0.010900675
0.03321454;-0.01875152;-0.010029459
0.049227882;-0.022813715;-0.039273567
0.005007305;-0.010438473;0.012331146
-0.023337906;-0.109913275;-0.008885084
0.016485926;-0.04730562;-0.044608068
0.0053762402;0.073093005;0.0018135466
-0.008980257;0.0444119;0.03895084
-0.024371706;-0.016032979;-0.00633933
-7.4736506E-4;0.004361117;0.0011785359
-5.9789204E-4;0.025363894;-0.011557171
-4.7831362E-4;-0.026583886;-0.0029957371
0.015242349;-0.027517108;0.0038534105
-0.0010873707;-0.032951187;-0.0031672716
-8.6989655E-4;-0.012298449;-0.015033817
-0.012414667;0.01047374;4.7294612E-4
0.012724516;0.020878993;0.0128783565
0.010179613;0.019828195;0.010302685
0.0042374404;0.023675054;0.0019921483
-0.021610048;-0.012309955;0.0015937188
-0.0133817885;-0.020785464;0.001274975
0.014294569;-0.015065872;0.01351998
0.015341906;0.005134803;0.017065983
0.0107110245;0.013482842;0.013652788
-0.008618681;0.023286274;0.0046722298
-0.030332444;0.010816519;-0.027512217
-0.014890956;-0.016346784;-0.022009773
0.020899735;-0.013077428;0.0073921815
0.020626038;-0.040149443;0.012163745
-0.0022491692;-0.033682052;-0.009019004
-0.009611836;-3.8314308E-4;0.017784797
1.2303171E-4;0.038755987;0.0017278376
0.009473425;0.06225479;-0.01111773
0.0013287403;0.03730383;0.009855816
-0.023155758;-0.0076569356;0.0016346528
0.0135066435;-0.018625548;-0.029942278
0.005336565;-0.022712938;-0.030203823
0.004269252;-0.013482851;0.0070869424
0.0221654;-0.009223781;0.0056695538
0.017732322;-0.024566524;-0.001714357
-0.010032893;-0.03684072;0.0048785144
-0.018182565;0.006464924;-0.014847188
0.0010789485;0.03485944;6.2224927E-4
-0.008511841;0.04195005;0.0254978
-0.020871973;0.024185041;0.007898239
-0.0026350783;-0.007214467;-0.012431408
0.0017981873;-0.008896573;0.015054873
-0.0063739503;-0.003992259;-4.5610138E-4
0.0027133399;0.006181193;-3.648811E-4
0.0092019215;-0.034117546;0.018458094
-0.013732213;-0.07416904;-0.016483525
0.00463923;-0.03433523;-0.01943682
0.007617634;-0.0024681834;0.0032005447
0.010000357;0.033962954;-0.016189564
-0.015437215;0.04904536;-0.0067016515
-0.008443521;0.04079879;-0.005361321
0.020588933;0.05607653;0.014460943
0.008658647;0.047986224;0.017818755
-0.010260583;0.01963898;0.020505004
0.0011665337;-0.035851315;-0.0023459971
-0.008441773;-0.067743555;-0.014376798
-0.014565919;-0.06513234;9.985619E-4
0.0016285152;-0.011480873;0.0070488495
-2.5968783E-4;0.018940302;-6.109204E-4
-0.00645775;0.015152241;-0.012988736
-0.01063495;0.023059294;-0.004140989
0.00711704;0.029384933;0.0029372086
0.0056936317;0.026632948;0.014849767
0.010023655;0.0103688575;0.0056298138
0.0056751743;0.0036075863;0.004503851
0.02563389;0.001323569;0.0036030808
0.009569611;-0.005191145;-0.0033675355
0.009218189;-0.021340417;0.009805972
-0.0074691987;-0.037384834;-0.010905223
-0.02003786;-0.037720367;0.010025822
-0.0058740373;-0.014551293;0.0017706575
0.0023320203;0.018046465;0.001416526
-0.0051656337;0.028499672;-0.017616779
0.013054993;0.039987236;-0.020343423
0.0026314943;0.02261479;0.02122526
0.0021051955;0.0055918326;-0.008019791
0.0016841565;0.0029109658;-0.012665832
-0.0041214246;0.0038912727;0.021117333
0.00217161;-0.007824481;-0.001856133
0.017362287;-0.014072086;0.004765094
0.015452331;0.0028048316;0.003812075
-0.014200635;-0.029006135;0.02179966
-0.017610509;-0.06695491;-0.0075602722
-0.011744657;-0.025438927;-0.006048218
0.0077917743;0.04214886;-0.011088574
0.01170217;0.06965659;-0.00887086
0.021080486;0.03228777;-0.025846688
-0.0042293617;-0.003857284;0.00432265
-0.02291474;0.014101673;0.0097081205
-0.012081792;0.017531337;0.007766496
0.020803317;-0.009412429;0.031213196
-0.0028885964;-0.029404944;-2.9442539E-5
-0.023404628;-0.037586454;-0.006273554
-0.024192452;-0.048819166;-0.0050188433
0.013458539;-0.017180331;-0.022765074
-9.519191E-4;-0.016869266;-0.00571206
-7.615353E-4;0.011504588;-0.004569648
-0.0060779783;0.04357867;-0.016155718
0.008418867;0.048925437;-4.2457454E-4
0.025485095;0.050077848;0.01841034
0.011013075;0.04006228;0.020978272
9.979601E-4;0.014862323;0.010532618
-0.017951632;-0.047485143;-0.0040739058
-0.0049863057;-0.07705061;-0.009509125
0.021010956;-0.08195299;-0.0263573
-0.025378736;-0.049937394;-0.0085858395
-0.014834238;-0.0086999135;-0.01936867
-1.4864074E-4;0.04304007;-0.015494937
-0.0040251627;0.071932055;1.0405006E-4
0.01006112;0.049733143;0.02508324
0.019767646;0.049161516;0.04506659
0.008001617;0.042454213;0.029803274
9.325434E-4;0.01677587;-0.007407381
7.460347E-4;-0.002204304;-0.005925905
0.021690577;-0.028325943;0.0015092761
-0.0037412879;-0.052348256;0.0074574207
9.1321976E-4;-0.054378603;-0.012784063
-0.0016131742;-0.015377883;-0.016477251
-0.006759289;0.026760194;-0.0194318
0.007873818;0.041720655;0.00945456
-0.008544696;0.038064025;0.0013136477
-0.003710756;0.032013718;0.026050918
0.004843895;0.009985975;0.0020907344
0.010125116;-0.01076122;-0.0045774123
0.017475093;-0.035171475;-0.0036619299
0.0061675743;-0.02501218;0.003320456
0.01040281;-0.016884744;0.0026563648
-0.015896503;-0.019757796;0.0083750915
-0.003342202;-0.014243737;0.0067000734
-0.008923762;-4.574892E-4;-0.013389941
-0.024326509;0.0136965085;-0.041961953
-0.0077424576;0.028144706;-0.014819562
0.013337284;0.049078267;0.02564435
0.0028573272;0.028325113;0.02676548
-0.0016203882;-0.00546491;-0.009837616
-0.0012963106;-0.004371928;-0.007870093
0.0028692016;-3.7254245E-4;0.018703926
-0.0055171386;-0.014360534;0.008713141
-0.002851211;-0.013050927;-0.0055294875
0.007875281;-0.019815741;-0.01067359
5.0224957E-5;-0.028352594;-0.021038871
4.0179966E-5;-0.044557076;-0.010581098
3.2143973E-5;-0.04033316;-0.002214878
-0.0070055346;5.459722E-4;0.0044780974
0.0037705721;-0.016750723;-0.015167522
0.006922708;-0.019650578;3.659824E-4
-0.007743084;0.018654538;0.019042786
-7.2571705E-4;0.05711113;0.015234229
0.012700676;0.036313903;0.012187383
0.0023480412;-0.013136377;-0.015250093
-0.024684068;-0.018321602;0.019049926
-0.018184753;-0.0021572812;0.00273994
0.014358447;-0.018913325;-0.004058048
-0.0072632423;-0.03075566;-0.021996439
-0.004248094;-0.023042029;-0.01134715
0.002070275;0.009691378;0.02217228
0.01337497;0.048378102;0.0052378234
0.001324976;0.04651498;0.02294026
0.006528731;0.045024484;0.012102207
-0.0025895154;0.021957088;-0.009068234
0.008084638;0.00975317;-0.0010045875
0.01428021;-0.0046974635;-8.0367E-4
-2.945819E-4;-0.067820475;-6.42936E-4
-0.015860666;-0.049568877;-0.0067643486
-0.010344783;-0.030280102;8.38521E-4
-0.016088326;-0.022661582;-0.011829183
0.0043168394;0.0021832353;-0.021963347
0.020640971;0.05018409;0.026179323
0.004794027;0.04327227;-0.0040565417
-0.0071022785;0.017430317;-0.015745234
0.0075994274;0.003006753;0.006153813
0.015454542;-0.0022820975;0.011173051
0.0029886335;-0.015888179;0.00893844
-0.0015153432;-0.058023043;-0.0053492477
-0.020743525;-0.052668434;-0.029279398
-0.00878232;-0.023384748;-0.010923519
0.008599144;0.026604703;0.010011185
-0.010308185;0.050971262;0.014258948
0.0026909523;0.06421451;-0.0010928415
0.006059012;0.07793411;-8.742732E-4
9.409595E-4;0.034222286;0.02430058
0.0070027676;-0.01793467;0.006940465
-6.477859E-4;-0.017472737;-0.0069476278
-5.1822874E-4;-0.03429069;0.006941898
-0.015258333;-0.05712005;-0.0069464818
-0.0028316665;-0.05194604;-0.011807186
-0.006171583;-0.008744333;-0.009445748
0.0044377334;0.010192034;0.004943401
0.015268937;0.005028627;-0.014795279
-0.0010661006;0.0071479017;6.637768E-4
0.0030533695;0.026030822;0.0067810216
0.014161445;0.023949657;-8.251828E-4
-0.0027333435;0.011347226;0.018089853
0.011875825;-2.9721955E-4;0.014471883
-0.0045618396;0.0028872243;-0.0071724937
2.5677815E-4;-0.010190221;0.006762005
-0.0052633276;-0.048777178;-0.007090396
-0.030773163;-0.04683424;-0.024422316
-0.01914978;-0.0155923925;-0.013287853
0.005773926;-0.009348914;-0.0043802825
0.008525391;-0.0027916315;-0.022254227
-0.018179687;0.027454196;9.466191E-4
0.0026437503;0.054775856;0.025757296
0.0286775;0.045383185;0.014355836
0.01591075;0.03630655;-0.001015331
-0.0107089;-0.0037672617;-8.1226486E-4
-7.546199E-4;-0.015513809;-6.498119E-4
-0.002947446;-0.028036047;-5.198495E-4
0.009360793;-0.045866337;-4.158796E-4
0.0074886344;-0.03200557;-3.3270367E-4
-0.032290343;-0.0021669564;-0.044016164
-0.014113524;0.026391435;0.0022870696
-0.0019158191;0.047675647;0.033079654
0.021904845;0.04751552;0.032713726
0.007367626;0.052074913;0.0074209794
0.0019878505;0.011972432;0.012186783
0.00784028;-0.054484554;0.0034994269
0.0023659745;-0.057650145;-0.015950458
0.011267779;-0.041432615;-0.025260366
-0.0066107763;-0.008146092;0.004791707
-0.03966362;0.010670627;-0.0024166347
-0.016105898;0.038224;0.016816692
-0.0011659676;0.0399542;0.019703355
6.29726E-4;0.01946336;0.003262683
0.02550378;0.0030706886;0.0026101465
0.016496774;-0.014730949;0.014588118
0.01163492;-0.039909758;-0.013329506
0.0030579357;-0.038177807;-0.023163605
-0.010834902;-0.025854746;-0.006030884
-0.012574171;-0.009746296;-0.011074707
-0.011621837;0.025015462;-0.0026097659
0.0055462806;0.03251237;0.010412187
-0.0049379757;0.038509898;0.00832975
-0.0039503803;0.016745416;-0.0120862005
-0.008629055;0.0024588334;0.00283104
0.015753007;-0.019907933;0.002264832
0.029789906;-0.026863847;0.014311866
0.008988175;-0.007428577;-0.0073005077
0.0110967895;-0.040317863;-0.012090406
0.010439931;-0.019754289;-0.0034223248
-0.016648054;0.0060715685;0.0035121401
-0.0055059437;0.048607256;-0.003440288
-4.985051E-4;0.046698302;-0.0027522303
0.007413696;0.031108644;0.016548216
-0.021412794;-0.0016755855;0.0132385725
-0.013223984;-0.02477797;0.004340858
0.0027020623;-0.027634874;-0.027777314
0.0045054;-0.0330454;0.0027781492
-0.00420818;-0.00612382;-0.0040274807
-0.0049290443;0.020100944;-0.009471985
0.0030880147;0.012955755;-0.0138275875
-0.010810838;0.0025521042;0.0014379299
0.0069763293;0.011416683;-0.005099656
0.0032373136;0.018508347;0.014670275
0.012746101;-0.0023808226;0.02423622
0.007853131;-0.011279658;0.019388976
-0.012467495;-0.012148727;-0.021988818
-0.0045052464;0.0012185188;-0.0050910553
-0.0051666973;0.018162316;-0.016572844
0.016960392;0.016092353;0.011741725
0.0018495639;0.0050613815;-0.009356621
-0.015707849;-0.014700894;0.0050147036
-0.02037878;-0.036760714;-0.008488237
-0.0030217734;-0.021596072;-0.013040589
0.010863831;0.006160642;0.020817528
0.020409815;0.031491015;0.010404022
0.016327852;0.02519281;0.008323218
-0.011937718;-0.0064082514;4.085745E-4
0.0037310752;-0.012939101;0.0065768594
0.013141111;0.01933622;-0.0072385124
-0.0074558617;0.026406474;-0.0057908096
-0.00908969;0.01643768;0.0016173521
-0.021334251;-0.038412355;0.007543882
-0.0170674;-0.019792385;-0.006464895
0.009783579;-0.0048964075;-0.0051719155
0.013295613;-0.027354626;-0.010387532
-0.0065510096;-0.0234462;-0.0083100265
-0.038053308;0.0062430394;-0.025398022
0.007838604;0.011244431;0.0046815835
0.039083384;0.012120545;0.016245266
0.023454206;0.0112589365;-0.005753787
-0.019517886;-3.678511E-4;0.0016469706
-0.017176807;-0.014356781;0.0013175765
-0.0020226962;0.0072645755;0.0010540612
-5.5657E-5;0.00893666;-0.024156751
0.0038617244;-0.017850671;-5.7540083E-4
0.0046518794;-0.023655538;0.01828968
0.0076277535;0.00295057;0.014631744
6.334529E-4;0.007047956;0.0054553947
0.008319262;0.015013365;-0.008135684
0.02540541;0.019823192;0.005991453
0.0031368278;0.017421054;0.017293163
-0.014678038;-0.003250657;-0.02991547
-0.01330493;-0.030725526;0.0073176236
-0.0051751942;-0.03864292;-3.9590098E-4
0.009141095;-0.041851837;-0.019066721
0.0018441258;-0.024106469;-0.015253376
-0.0219622;-0.020847674;2.9729868E-4
-0.0058510094;0.0036343597;2.3783895E-4
0.004694192;0.038844988;0.025190271
0.007661604;0.03888849;0.007652217
0.010035533;0.026423292;0.012371774
0.0064659263;0.0070761335;0.016147418
-0.01592101;-0.003714093;0.012917935
5.4444297E-4;-0.051408775;0.004084348
-0.0019081957;-0.03956452;-0.021732522
-0.0046515567;-0.020714115;-0.023636017
-0.003721245;0.0021787074;-0.012658814
-0.0014144962;0.026742967;-0.022627052
-0.0026940969;0.019831873;0.0068983594
0.012688473;0.025240498;0.0055186874
0.0023382779;0.0076923985;-0.0018350502
-0.0035981275;0.009278919;-0.00146804
0.010402748;0.012110635;0.005075568
0.0044159484;-0.019998992;-0.0021895457
-0.013654741;-0.033186693;0.010748363
-0.025767542;-0.020299355;-0.02265131
-0.015145284;-0.019364484;-0.011871047
0.008977522;-0.012366587;-0.003246838
0.004838268;0.0057317303;-0.0025974703
0.0023081144;0.0030228843;0.004172024
-0.0020597584;0.021168308;-0.009162381
-0.0032103069;0.023184646;-0.007329905
0.0068067545;0.018547717;-0.012113924
0.022632904;0.011713173;0.027808862
-0.010799927;0.015620539;0.01599709
-0.018014941;-0.004691069;-0.030952329
0.0027755466;-0.020940356;-0.0060118632
0.010032937;-0.016752284;0.013940509
0.0017763498;-0.024339328;0.023652408
-0.01342267;-0.0100964615;0.006421926
-0.002925636;-0.00807717;-0.01986246
0.010940741;-2.117356E-4;-0.0033899674
0.0064088427;0.009205611;0.009788026
-0.012060425;-4.4801077E-4;0.014080421
0.0020704095;0.024641592;-0.007485663
0.013375077;0.027525773;0.02526147
0.0028875622;0.023583118;0.0014591755
-0.010971201;-0.009258505;-0.0050826594
-0.00877696;-0.033969305;-0.016566128
-0.010927818;-0.013112944;-7.529021E-4
-0.022023505;0.0020096453;0.0056476784
-0.012150054;-0.035892285;-0.020481857
0.005904957;-0.042776328;0.008614514
0.031286467;0.017341439;0.013141612
0.034404173;0.03418565;0.010513289
0.006429588;0.00859852;-0.004089369
-0.00813758;6.288165E-4;0.009228505
-0.010416314;0.0145655535;0.007382804
-0.009895551;0.0069649424;-0.012843757
-0.0040101907;-0.011615546;0.008474994
-0.0016456526;-0.038979936;0.0067799957
-0.0028790222;-0.02649645;0.0054239966
0.0031655324;-0.0055721593;-0.008160803
0.0040949257;0.017417273;-0.006528642
0.0017134408;0.013933818;-0.005222914
-0.004097997;0.018959554;-0.010428331
-0.013434648;-0.009832356;0.016657336
-0.008403968;-0.007865885;8.2586816E-4
0.026089326;-0.006292708;6.606945E-4
0.02087146;-0.028471667;-0.018221444
0.0049784184;-0.043089833;-0.027077155
0.0016389845;-0.037596866;-0.015411724
-0.017438812;-0.0035149932;-0.012329379
-0.01238855;0.033125505;0.015136496
-0.00366084;0.040562905;0.024609197
0.008008828;0.029325323;0.0071873576
0.012657062;0.02189776;-5.001139E-4
-0.00706185;0.009705707;-0.006650091
0.0037255199;0.023389565;0.013429927
-0.004832084;-0.0062883473;0.010743942
-0.015584418;-0.03315568;-0.016404847
-0.0062175337;-0.03277454;-0.019373877
-0.008880277;-0.037157133;0.003250898
-0.011010472;-0.012538207;0.027600719
5.666227E-4;0.029031934;0.0033305748
-0.011265452;0.0076005473;-0.02858554
0.0050501386;-0.003294562;-0.0041184323
0.017321361;0.0036143505;0.009205255
0.0021383388;0.01070398;0.007364203
-0.006101829;0.019500684;0.0058913627
0.0013685367;0.015600547;0.00471309
0.0010948294;-0.009394562;-0.0024795278
-0.0014678865;2.968503E-4;-0.008233623
0.01601319;-0.0075750197;0.005913102
0.016716802;0.0017524842;0.0047304817
-0.003814058;-0.015785513;-0.0024656146
-0.0030512463;0.00299659;-0.0019724916
-0.007909747;0.011772272;0.0046720067
0.0069534522;0.018792817;-0.008762395
0.0016565119;0.004096754;0.005490084
-0.01039354;-0.013910097;-0.020607933
-5.023324E-4;-0.0033155775;0.002263654
-0.0019643658;0.022347538;0.0018109231
-0.013290242;0.01319053;0.013948739
