0.016804678;-0.027156195;-2.009785E-4
0.019693742;-0.059224956;-1.6078279E-4
-0.009245006;-0.025504963;-0.018878626
-0.016771005;-0.007903971;-0.027602902
-0.038416803;0.018676823;-0.022082321
0.0036415567;0.046191458;0.019834144
0.010725745;0.055703167;0.022117315
-0.0039194035;0.047687534;0.023943853
0.001551977;0.035025027;0.012905082
-0.0034459184;-0.015729979;0.022824066
0.009743265;-0.05633398;-0.006740748
-0.0031428877;-0.04819219;-0.024142599
0.00529819;-0.02917875;-0.0068140784
0.008926052;-0.017093;-0.011701263
0.010265841;0.0144506;0.0031389897
0.006650173;0.03343548;0.008761192
-0.0134298615;0.045498386;0.019508954
-0.02324389;0.05202371;-0.0031428372
-0.0076576113;0.025993966;-0.015014269
-0.004563589;0.008295173;-0.0057614157
0.01666163;-0.030863862;0.032890867
0.018016802;-0.04969109;0.0075626937
-0.0027740577;-0.067877874;0.006050155
9.057539E-4;-0.0605523;-0.038909875
0.002287103;-0.023441838;-0.0436279
0.0018296825;0.03124653;0.008847679
0.013963746;0.049997225;0.013328143
0.0064834966;0.06187278;0.023162514
-0.0073132026;0.052623224;0.018530011
-0.001163062;0.03584858;-0.010175991
-0.0024929496;-0.027571138;-0.008140792
-0.01293186;-0.028306909;-0.012762634
-0.010345488;-0.025770528;-0.022710107
-0.0145263905;-0.017491423;5.8191427E-4
0.019628888;0.0016318623;0.0067155315
0.01882811;-0.0049445103;0.011622425
0.008812488;0.011669392;0.00929794
7.9999055E-4;0.018710513;0.007438352
-0.014985007;-0.013156589;0.018450681
-0.008863006;-0.0074002715;0.014760545
7.220952E-4;-0.009045217;-0.019441564
5.776761E-4;-0.007236174;-0.015553251
-0.0026628592;-0.002663939;-0.006192601
-5.6778727E-4;-0.008381152;-0.03620408
0.0104832705;0.015170079;0.014786735
0.016199116;0.012136064;0.018079389
0.006709293;-0.01529115;0.0019635106
6.7993434E-4;-0.0059829196;-0.0046791914
-0.015081053;-0.0110363355;-0.016243353
-0.012064842;-0.015079069;-4.946825E-4
-0.020589374;-0.005813255;-3.95746E-4
-0.0164715;0.010974396;0.012183404
0.005572801;0.04002952;0.0034967226
0.010708241;0.057023615;0.009047378
0.0054415925;0.03936889;9.879024E-4
0.007478274;0.018995112;0.007040322
-0.011204881;-0.01917891;-0.013117743
-0.012088904;-0.037218127;-0.016744195
-2.9612368E-4;-0.048524503;0.017854644
-0.004924399;-0.0450696;-0.023216285
-0.003939519;-0.03293068;-0.018573027
-2.6615327E-5;-0.016969545;-0.021108422
-0.0015837923;0.027049365;-0.0043867375
-0.0012670339;0.07163949;0.01524061
-0.001013627;0.06043659;0.018442487
-8.1090163E-4;0.045224275;0.0022539904
0.010288779;0.014304419;0.026803192
0.008231023;-0.0073064645;0.015192553
0.03314732;-0.03084517;0.024654044
0.0030803548;-0.03405114;0.019723235
-0.0053482163;-0.05536591;-0.009221412
0.016033927;-0.05679273;-0.02612713
3.271416E-4;-0.017309181;-0.014651704
-0.0075507867;0.011152654;-0.04297136
-0.021665629;0.030797124;0.0031229095
-0.0063950033;0.0777627;0.008748327
0.012071497;0.06846016;0.03199866
0.008094698;0.039143126;0.02559893
-0.0013367418;0.0031895018;0.014229144
0.008305606;-0.0193234;0.005133315
0.011331986;-0.05295872;0.010356652
0.0012530882;-0.08299197;-0.0104646785
-0.01618503;-0.03826858;-0.027121743
-0.034823023;-0.024364864;-0.034197394
-0.023170918;0.014883108;-0.0023579153
2.1326492E-4;0.040031485;0.0043636677
-0.013891888;0.06640019;0.022240935
-0.0033010105;0.056245152;0.005292747
0.019234192;0.023121122;0.016734198
0.032574855;0.015371897;0.013387359
0.030747382;-0.0033274824;-0.0017901134
0.010535406;-0.07141198;0.011067909
0.008428325;-0.07587959;-0.022395672
-0.03231984;-0.04820367;-0.042916536
-0.003980872;-0.041687936;-0.028083231
-5.9697653E-5;-0.01772535;-0.016216584
-0.012547758;0.023319721;-0.0067232675
-0.008475707;0.07178078;0.013371386
0.019781934;0.091799624;0.04819711
0.023638047;0.0953147;0.03230769
0.031410437;0.066876754;0.03209615
0.02981585;0.022251407;0.02567692
0.0019776805;-0.029073875;0.0080415355
-0.0077928556;-0.0607591;0.0064332285
-0.017171785;-0.07360728;-0.051103417
-0.023112427;-0.052635822;-0.059632733
-0.024739942;-0.026483659;-0.028956186
-0.019791953;-0.0024369275;-0.010664949
-0.011146063;0.038675457;0.01021804
0.008270649;0.07156537;0.03942443
-0.00432098;0.082252294;0.025289547
-0.0034567842;0.056426834;0.020231636
0.011297072;0.0013914676;0.009935309
0.018412659;-0.061386827;0.007948248
-0.013394874;-0.06473446;-0.031141402
-0.0029033988;-0.054912567;-0.018663121
-0.008572719;-0.031430054;-0.014930497
-0.006858175;0.012355956;0.013055602
0.02576346;0.016134765;0.016694482
0.03154827;0.019157812;0.025855586
2.3861427E-4;0.024701249;-0.023065532
-0.01855911;0.022885999;-0.024702426
-0.0023472868;0.0026837997;0.00523806
0.010622171;-9.779603E-4;0.022940448
-0.016502263;0.0117176315;0.012102358
-0.010076811;0.0031241055;0.0034318867
-0.008061449;0.014999284;-0.016004492
-0.01582416;0.015124427;0.018446408
-0.006409327;-0.006650458;0.014757126
0.022997538;-0.027195366;0.0305557
0.016835531;-0.056131292;-0.01930544
0.0025309245;-0.054280035;-0.02794435
0.014524739;-0.04029903;-0.01610548
0.0022447917;-0.025989221;-0.019134386
-0.0060166665;0.0010836223;-0.002807508
-0.012625833;0.0852419;0.010253994
-0.0022881667;0.086943515;0.020703195
0.021606967;0.047679815;0.041562557
0.020410573;0.025643852;0.039500047
-0.0039840415;-0.020109918;0.006600036
-0.004749733;-0.053587936;-0.025969971
-0.020987287;-0.06787035;-0.03952598
-0.01678983;-0.0074212784;-0.01912078
-0.0118693635;0.022187978;-0.021546625
-0.0016829907;0.033375382;0.0265127
2.1610747E-4;0.054825306;0.01496016
1.7288598E-4;0.037610244;-5.3187215E-4
0.0017008088;0.008213196;-0.0066754976
0.010735647;-0.0059294435;-0.011590398
0.014838518;-0.020368556;0.0094776815
0.0118708145;-0.016294844;0.0075821453
0.015746651;-0.028660875;0.006065716
-0.009277679;-0.0229287;-0.013897427
0.003515357;-0.02146796;-0.042367943
-3.1271455E-4;-0.007799368;0.034855645
0.013812329;-0.0031144945;0.027884517
0.0032373627;0.019383404;-0.008942386
-0.0036601098;0.012381723;-9.039089E-4
-0.020115588;0.013030379;-0.019473128
-0.00984247;-0.005200697;-0.015578502
0.009313524;-0.0041605574;3.7198635E-5
0.01682582;-2.0344603E-4;0.006279759
0.005648155;-0.009537756;-0.0012261929
-0.0017314758;-0.0013802055;0.011519046
-0.010760181;0.0082708355;-0.009534763
-0.0039206445;0.01599167;0.01737219
0.015613484;0.009668334;0.0013977514
-0.0031342125;0.007734668;-0.005131799
-0.01344487;-0.021937266;0.008394561
-0.015443396;-0.011299812;0.006715649
0.0048327832;-0.01841485;-0.019627482
-8.212734E-4;-0.03660688;-0.015701985
0.010280482;-0.010535504;-0.025061589
0.020724384;-0.0053034034;0.01120073
-0.002170492;0.011382277;0.040210582
-0.0064238934;0.024730822;0.007168467
-0.028576614;0.029159658;-5.152264E-4
-0.0056737917;0.032702725;0.005837819
0.0017109665;-0.005087819;-0.0015797449
0.012306273;-0.0071952553;-0.013763796
-0.013592482;-0.024506204;0.0014889633
-0.0061864853;-0.044604965;0.0074411705
0.005988312;-0.041933972;-0.0065470636
0.01260315;8.278234E-4;-0.0052376506
0.01633252;0.013162259;-0.004190121
-0.011933984;0.016779806;0.009147904
0.010765312;0.025923846;0.0010683228
-0.00388775;0.039489076;0.007104658
-0.0093602;0.031591263;0.024433726
-0.00592566;0.02214801;-0.005453019
-0.023490528;-0.016656592;-0.016862415
0.009332578;-0.035200275;-9.89932E-4
0.029341063;-0.05628522;0.0054580546
0.00628535;-0.051278174;-0.0018835565
-0.0027842203;-0.03477254;-0.014006845
-0.016289877;-0.024693033;-0.017455475
-0.008344401;0.011495574;-0.013964381
-0.0019880207;0.03732146;-0.011171505
-0.0015904167;0.04235717;0.022312796
-0.010647333;0.024510734;0.005350237
0.010232134;0.016483586;0.01053019
0.0050607068;-0.01181313;0.0021741516
0.013423566;-0.028200503;-0.004510679
0.007613852;-0.044435404;-0.034858543
-0.011096418;-0.019923322;-0.034136835
-0.033877134;-3.1365815E-4;-0.0023094674
-0.014601707;0.015374074;0.004402426
-0.005431366;-0.012700741;0.003521941
-0.005907593;-0.019535594;0.0028175525
0.0046489257;0.009371526;0.014754042
0.00996914;0.013747221;0.005553234
0.0142253125;-0.0140022235;-0.0018074131
0.01919275;-0.008076779;-0.013945931
-0.0158958;-0.006461423;-0.004906744
-0.01740414;0.010455862;0.014824605
1.3918798E-4;0.023989689;-0.013140316
1.1135038E-4;0.022316752;-0.004262253
-0.0061609196;0.008478401;0.0028401974
0.009133765;5.327209E-4;-0.003977842
0.033869512;-0.033948824;0.009317727
0.028658109;-0.02715906;-0.011295819
-0.009886012;-0.002977247;0.0034633449
-0.01103381;-0.027381798;0.0027706758
5.4795184E-4;-0.018780438;-0.02278346
-0.008936639;-0.0056493506;-0.030726768
-0.01964931;0.01110552;4.1858607E-4
-0.01728195;-4.905843E-4;0.025334869
-0.0044505587;0.018357532;0.020267894
0.026127053;-9.389739E-4;0.022464316
0.006839142;0.0023738209;-0.013278547
0.005471314;0.030024057;0.008127162
0.02000205;-9.807546E-4;0.0065017296
0.020689141;-0.0039096037;-0.0010486161
0.0024888127;-2.6829778E-6;-8.388929E-4
-0.02144645;-0.018752147;-6.711143E-4
-0.03278216;-0.011876717;-0.025536891
0.003461772;-0.018876374;-0.026679514
0.013706918;-0.005726099;0.0036563894
-0.007784466;-0.004580879;-0.0033248884
-0.014040072;0.015085297;0.009840089
-0.008107058;0.018318238;-0.0046279286
0.0013268535;0.01152959;0.0025476571
0.0026239827;-0.009526328;0.0082881255
-0.010400814;-0.0076210625;-0.0058694994
-0.005195651;-0.00922185;0.0078044003
0.025530979;0.00199752;-0.00625648
0.03761228;-0.014026984;-0.0050051836
0.006652327;-0.023721587;-0.016504146
-0.011865638;-0.00647727;0.0055466825
-0.01574251;0.013568184;0.010687346
-0.014156509;-0.0047704526;-0.003950123
-0.014450207;0.018058637;-0.009410098
-0.009997666;0.00819691;0.011221921
0.0013768675;0.0065575284;-0.0035224631
0.024538994;0.020871023;0.0096820295
0.008693695;0.0073218183;0.0014956236
-0.013357543;0.027732454;0.007446499
0.0049389647;0.012810963;0.0059571993
-7.363281E-4;-0.008501229;-0.0077342405
0.0025359376;-0.013050984;-0.012437393
-0.0057837497;-0.06669079;-0.016199915
-0.0280645;-0.06272763;-0.03795993
-0.0224516;-0.050182104;-0.030367944
-0.00233628;-0.024520682;7.05644E-4
0.015318476;-0.028991546;0.006814515
-0.0018077192;0.023681764;0.017951611
0.014178825;0.05332041;0.02686129
0.0019680597;0.04265633;0.015239032
0.007824448;0.06537506;0.012191226
0.0015720582;0.04917505;0.0035029803
0.0075076465;0.02371504;-0.0034476158
-0.012743883;-0.0029029679;-0.0027580925
-0.022695106;-0.046072375;0.004043526
-0.004093585;-0.0399829;0.0032348207
0.026412632;-0.03823632;-0.016162144
0.025817605;-0.046214055;-4.297147E-4
0.0050290846;-0.008846245;-0.0065937717
-0.010039233;0.0054230043;-0.0052750176
0.009156114;0.048088405;0.0020299861
-0.0036126086;0.066595726;0.026623989
-0.001327587;0.05327658;0.03379919
-0.01512457;0.05512126;0.014539353
-0.010537156;0.04409701;-0.0071185175
0.019695275;0.013402608;-0.024444815
0.022006221;-0.033027913;-0.013305851
-0.0011450237;-0.05142233;0.020605318
-0.004041019;-0.050512865;-0.0085157445
0.013954685;-0.031035291;-0.013062596
0.0033512479;0.009546767;-0.016700076
-0.020756502;-0.0017375867;-0.0071100616
-0.015042702;0.007984931;-0.005688049
0.006715839;0.012637945;-0.010800439
-0.010252329;0.022610355;0.03510965
-0.009764363;0.027463285;0.015587719
0.02343851;0.025095627;0.006220175
0.0062508075;0.029451502;-0.0012738599
0.006563146;0.0329362;0.017730912
-0.005686983;0.0075989612;0.014184729
-0.0045495867;-0.018920831;0.011347784
-0.005202169;-0.049511664;-0.015921773
-0.0057242354;-0.061484333;-0.01898742
0.012608112;-0.058562465;-0.027689936
0.0038364893;-0.040599972;-0.009651948
-0.0031808086;-0.004354978;-0.013971558
0.009955353;0.034016017;-0.0049272464
0.025151782;0.058462813;0.0335582
0.007621426;0.06552025;0.033096563
-0.03296536;0.0242912;-0.00477275
-0.021684788;0.0038079608;0.0024318
0.02015217;-0.015703632;-0.0043045604
-0.012003263;-0.034437906;-0.028443648
-0.023665112;-0.055675324;-0.010254919
-0.006432089;-0.02891526;0.010546065
0.021416828;0.0018677926;0.027186852
0.012445963;0.0014942341;-0.009500518
0.0037067705;-0.0050546126;0.004899585
0.018590417;-0.01654369;0.0039196685
0.007059833;-0.028859952;-0.009364265
-6.021335E-4;-0.026212962;-0.038741414
-0.020794207;-0.01784537;-0.018493129
-0.026010366;0.0013487044;-0.0022945039
-0.0036207924;0.022953963;0.004414397
-0.007584134;0.02773817;-0.008968483
0.012682693;0.006565537;0.017825214
0.013271154;0.0052524293;0.026760172
0.018429423;0.0042019435;-0.016091863
6.810388E-4;-0.034138445;-0.02537349
-0.01664267;-0.033560757;0.017201208
-0.003939135;-0.011223605;-0.011239034
0.023411192;-0.015228884;-0.021491228
-0.018771047;-0.015308107;-0.023442982
-0.013454338;-0.0028714857;-0.018754385
-0.00920097;8.278114E-4;0.0099964915
0.014514225;-0.0149627505;0.020497194
0.013173879;-0.0057202005;-0.0023522454
0.0011641035;0.0047988393;0.010618203
-0.006881217;0.025714071;-0.010255437
-0.016442474;0.017446257;0.0042956504
0.007158521;0.007707006;0.0034365202
-5.231832E-4;0.018665604;-0.009750783
-0.008231047;-0.010067516;0.017199373
0.0043526627;-0.017429013;0.0137594985
0.008169631;-0.017068211;-0.0014924012
0.0065357042;-0.044904567;-0.013693921
-0.0041464367;-0.051548656;-0.03595514
-0.015817149;-0.013113923;-0.016264109
0.0060962806;0.011383861;0.0057387124
0.014252025;0.015357089;0.00459097
0.01140162;0.04041067;0.028672775
-0.014316204;0.066703536;0.010438221
0.010422036;0.053362828;-0.0041494234
0.017712628;0.017690264;-0.015819538
-0.009267396;-0.01709779;-1.5563097E-4
-0.033976417;-0.03242823;-1.2450478E-4
-0.017806133;-0.050942585;0.006150396
0.007630093;-0.04075407;-0.001329683
0.024854075;-0.026353255;0.011436254
0.021445759;-0.011707604;-0.015850997
-0.0015933925;-0.018741082;0.012319203
-0.027837213;-0.011867866;-0.008894638
-0.008207271;0.009255707;0.0053842897
0.021559183;-0.0050954344;-0.014442569
0.021934846;0.014673652;-0.024054054
-0.004327123;0.002363922;-0.006743244
-0.014399198;0.017516138;0.013355405
9.806413E-4;0.035887912;-0.001815676
0.021097014;0.038085327;0.004797459
0.01687761;0.027343262;0.028837968
-0.020872911;0.01874961;-0.008179626
-0.010448329;-0.022500312;0.012206299
0.0088288365;-0.061750248;-0.0027349608
-0.0038744307;-0.0431502;-0.014687968
-0.028099544;-0.0063951598;-0.005500375
-0.011542136;0.010508873;0.0268497
0.023578791;-9.6790225E-4;0.00272976
0.029800532;0.027350679;0.020933809
0.025402926;0.028130542;-0.008252953
0.020322341;0.022504434;-0.0066023627
-0.03530463;0.033628546;-0.01153189
-0.029806202;0.023777837;0.022024488
-0.008219961;0.0033972703;-0.0011304098
0.0043615308;-0.0035321838;-9.0432784E-4
0.008176724;0.006549253;-7.2346226E-4
0.00810388;-0.010385598;-5.7876983E-4
0.0080456035;-0.036433477;-0.006713016
0.0033114832;-0.03852178;-0.011620413
-0.009850813;-0.018317426;-0.01554633
-0.02506815;-0.020903941;0.006312936
2.5797935E-4;0.011401847;0.0050503486
0.018956384;0.037246477;-0.014709721
-4.5989323E-4;0.039172184;0.013232223
-0.011305414;0.037587747;0.0043357788
-0.012169331;0.0363202;0.003468623
0.015264534;0.0040561575;0.015274898
0.05127413;-0.0155050745;0.012219919
0.009769302;-0.031154059;-0.0027240652
-0.028122058;-0.03429825;0.010320748
-0.022497647;-0.024313599;-0.004243402
-0.011748117;0.0024241216;-0.028394721
-0.0062734936;0.011314297;-0.016465778
-3.3129507E-4;0.015301438;-0.0069226217
0.002859964;0.00911615;0.025711903
7.254712E-4;0.0041679204;0.0018195221
0.005267877;0.0033343362;-0.0047943825
0.0010893015;0.005792469;0.014914494
0.0071214414;0.0015089752;-0.006818405
-5.52847E-4;0.0137071805;0.0070452765
0.0011202224;0.032840744;0.011886221
-0.002228822;0.032522596;0.022008976
0.026341943;-0.014606924;-0.0011428186
0.002323554;-0.03981054;-0.019664254
-0.040328655;-0.05059843;-0.009481404
-0.021325426;-0.049853746;-0.013835123
0.02043966;-0.021132996;0.0014319015
0.025726728;0.026843604;0.019895522
0.023706382;0.04647488;0.022166416
-0.0075973943;0.040304907;0.011483134
-0.017015416;0.022868926;0.027936507
-0.010487332;0.02454514;-0.0026507946
0.010360134;8.861119E-4;0.0041293646
0.022350607;-0.04304111;0.0033034915
0.006942986;-0.06255789;-0.028607206
-0.014758111;-0.068796314;-0.016635766
-0.021181488;-0.020662049;-0.03205861
-0.0075701913;0.014720361;-0.00689689
-0.001368653;0.05552629;0.006982488
-0.0010949224;0.09442103;0.03683599
-8.759379E-4;0.059911825;0.016968792
0.0024242497;0.03855446;-0.005174966
-0.0011856003;-0.028531432;-0.016639972
0.0068640197;-0.060325146;-0.013311978
0.024241216;-0.07326011;-0.0043995827
6.4297265E-4;-0.061733093;-0.009769666
-0.026048122;-0.021261474;-0.007815733
-0.009900997;-0.0107591795;-0.018752586
0.003016702;0.025767656;0.009997931
0.008663362;0.07998913;0.020498345
-0.02900681;0.0702413;0.022648675
-0.031017948;0.02494304;0.02436894
0.011123141;0.010579432;0.0069951527
0.044836015;-0.013411455;-0.013153878
0.023368811;-0.035729162;-0.023023102
-0.015679952;-0.03170833;0.012831518
-0.010981461;-0.040991664;-0.008484785
-0.00878517;-0.0015433318;-0.013037829
-0.017965635;0.0143903345;0.0020697373
-0.014372508;0.011512267;0.02040579
-0.011498007;0.037334815;-0.021175368
-0.009198405;0.04236785;-0.0044402946
0.031703778;0.04326928;0.033947766
0.03473802;0.009615425;0.014658212
0.010602917;-0.02355766;-0.013273431
-0.004017667;-0.018846128;-0.010618744
-0.0016516334;-0.015076903;-0.014744996
-0.012258807;-0.005811522;7.0400344E-4
-4.320454E-4;-0.010899218;0.019313203
-0.0065956363;-0.008719374;0.009200562
-5.890091E-4;-0.0038504992;-0.00513955
-0.0067212074;0.0062946007;-0.00411164
-0.0069394656;0.01441068;0.015460688
0.021010928;-9.714556E-4;-1.3144972E-4
-0.017566258;-0.0039021645;-0.01260516
-0.0015530065;-0.009371731;-0.03508413
0.025320094;0.008127615;0.009432698
0.0015060758;0.03462709;0.038796157
-0.02848264;0.037076674;0.024786927
-0.0040361113;0.03591134;-0.017670458
0.024896111;0.009979071;-0.0016363671
0.032416888;-0.032641742;-0.0013090936
0.05718351;-0.060488395;-0.026047274
0.02387181;-0.060890716;-0.0020878199
-0.024652554;-0.017462572;-0.0016702559
-0.041597042;0.017279942;-0.0013362047
-0.042652633;0.029448954;0.0051810364
-0.032559607;0.036059164;-0.002105171
-0.011985186;0.01634733;-0.007934137
-0.018963149;-0.005672136;0.012402691
-0.04954552;-0.026412709;-0.008827847
-0.017761415;-0.021130167;-8.122781E-4
0.06704087;-0.020029133;0.018100178
0.09113269;0.0027266932;0.020730142
0.035406154;0.008431355;0.010334114
-0.013862575;0.019245084;-0.0042327093
-0.01890256;0.021646068;-0.022136167
5.029516E-4;0.0016918535;0.007291066
-0.0136601385;0.0013534828;-0.006667147
-0.021865612;-0.014542214;-0.017833717
-0.033117488;-0.014758771;-0.026766974
-0.02649399;-0.011807017;-0.02141358
-0.019632693;-0.0063206134;0.014119136
-0.0032061543;-0.0050564907;0.017545309
0.034935076;0.0053298073;0.0140362475
0.01857306;0.013638846;0.004978998
0.021108449;0.0077860765;0.010233198
0.029386759;0.02185386;0.0019365586
-0.009303093;0.01748309;-0.029700752
-0.010567474;0.0077364715;-0.0050106025
-0.0068914793;-0.0031858229;0.03349152
-0.013325684;0.016201342;0.014293214
-0.0059730466;0.03171107;0.0051845717
-0.012590937;-0.0121311415;0.010397657
8.6475007E-4;-0.009704913;-0.004181874
6.918001E-4;-0.02026393;-0.0033454993
0.00992844;-0.031836145;0.0035736004
0.004817752;-0.034843914;-0.0033911197
-0.0023957985;-0.015375133;-0.021462895
0.0074583613;0.003324894;0.0015796835
0.012216689;0.018284915;0.032513745
0.009773351;0.027127933;0.026010998
6.18099E-6;0.018577347;0.014558798
0.014067445;-7.631234E-4;-0.025852961
-0.026246045;0.008764502;-0.02693237
-0.014746835;-0.011738399;-0.015295896
0.0069525316;-0.02501572;-0.0059867166
0.022749525;0.0018624247;0.032710627
0.0010121203;0.0014899398;-0.0050814985
-0.0023153038;-0.0050580483;-0.0228152
-0.001852243;-0.013421439;-0.012002159
-0.010856794;0.014262849;0.0028982728
-0.0039979354;-0.004214721;-0.016431382
-0.021948349;-0.0033717765;-6.4510544E-4
-0.009746179;0.0066775787;-0.006766084
-0.010921943;-0.007157937;8.371325E-4
0.005324946;0.02552365;0.019419705
0.016759956;0.03916892;0.021785764
0.016532965;0.053210136;-0.0013213882
0.022601372;-0.001181891;0.0051928894
0.014956098;-0.022820514;0.010404312
0.005714878;-0.03388141;-0.010426551
-0.0048030973;-0.033355128;-0.04584124
-0.013217478;-0.0391841;-0.017922992
-0.024636483;-0.003222282;-0.008088394
-0.0150216855;0.019297175;-2.2071518E-4
0.01610765;0.034187738;0.024823427
0.014448621;0.049225193;0.03860874
-0.016566103;0.045630153;0.005886994
0.0054971175;-0.0041208775;0.029709594
0.018460194;-0.047046702;0.011267676
7.056552E-4;-0.06263736;-0.04098586
-0.011935476;-0.04698489;-0.020288687
-0.0017358807;-0.031337913;-0.01623095
-0.0060762046;0.003054671;-0.00673476
-0.0048609637;0.04931874;0.007112192
-0.005451271;0.06445499;0.024439754
0.0081389835;0.06406399;0.013301803
0.020573687;0.013751193;-0.008108557
0.013333949;-0.017124046;0.012263154
-0.0018328406;-0.044949237;0.009810523
-0.0014662724;-0.060959388;-0.0109015815
-0.0058605177;-0.05189251;-0.021221265
-0.0031259144;-0.01963901;-0.04197701
-0.016563231;0.021788793;0.01016839
-0.008563085;0.045556035;0.008134712
0.018149532;0.030194828;0.0065077697
0.0067071253;0.04603086;0.017706215
0.0022407004;0.03369969;0.0079149725
-0.0013324397;0.008209752;-0.012418021
0.0020590483;3.1780128E-4;0.0025655825
-0.0014777614;-0.012245759;0.033302467
0.0066302908;-0.025421606;0.014141973
0.0053042327;-0.035962287;-0.0074364217
0.0073683863;-0.056894828;-0.012199137
-0.01598029;-0.039265864;-0.01600931
-0.004971733;-0.03453769;-0.012807448
-0.0024148864;0.012994848;0.014754042
0.009005591;0.026020879;0.0055532334
0.0072044726;0.0458167;0.0044425866
0.022951078;0.027278362;0.03480407
-3.8913742E-4;0.01244769;0.021593256
-0.02687381;0.009958152;-0.020225396
-0.013686548;-0.0045334785;-0.0036803165
-0.0062617385;-0.016126784;0.015805747
-3.218907E-4;-0.0097764265;-0.031105403
0.027867487;-0.014071141;-0.024884323
-0.0042685103;-0.011256913;-0.0074074576
-0.014352308;0.02224447;0.012824034
-0.0067943465;0.0021705758;0.010259227
0.0070645227;0.007986461;-0.0042926185
-0.0037233818;0.0063891686;-0.009684094
-0.0014162053;-0.010513665;0.017252725
-0.0105079645;-0.005285932;-0.01119782
-0.025593871;0.011396254;-0.015208256
0.009212403;0.015367003;-0.018416606
0.022994922;0.024793603;0.029016716
0.004333438;0.051084884;0.010713372
3.4175027E-4;0.028367905;0.014820698
0.0080859;0.016444325;-0.0068934415
0.0064687203;0.01003046;7.352468E-4
0.011424976;-0.013850632;-0.0056618024
0.009139981;-0.061080504;-0.029529441
0.010436985;-0.039489403;-0.011123554
-0.0025879121;-0.047216523;0.022351157
0.0026171703;-0.02839822;0.017880926
0.014593736;-8.4357517E-4;-0.0044452595
-0.011762511;0.01807514;0.0026937923
-0.02034751;0.023835111;0.0021550339
-0.025653007;0.02531809;-0.023275973
-0.0033349057;0.03587947;0.018879222
0.009832076;0.019328577;0.021353377
0.01255316;0.012337862;0.0045827017
0.011605028;-0.02762971;-0.008833839
-9.097736E-5;-0.012728768;-0.007067071
-0.003197782;-0.010183015;0.006846343
-0.015058226;-0.011271412;-0.013272925
-0.0057965806;-0.0058921296;0.02688166
0.007862736;-0.0047137034;0.021505328
-0.0030848114;-0.010020963;-0.0077957376
-0.002467849;-0.008016771;-0.00623659
-0.01916178;0.015461584;-0.004989272
-0.024704423;0.012369267;-0.022741418
0.008361462;0.006770414;-0.036943134
0.016064169;0.0022913308;0.007945493
0.011288835;0.026833065;0.025106395
0.015281068;0.012091451;0.0075851153
0.0059748543;2.981614E-4;-1.8190776E-4
-0.020220116;0.0033635292;-1.4552621E-4
0.0010114069;-0.012934176;0.012383579
0.016434126;-0.03222234;-0.015093137
0.0131473;-0.032027874;4.2549058E-4
-0.00823216;-0.016247299;0.012840392
-0.039398227;-0.0036228388;-0.014727686
-0.012768582;-0.006023271;-0.024282148
0.011660134;0.020181384;-0.006925719
0.0046406076;0.031770106;0.006959425
-9.7501406E-4;0.031666085;0.01806754
0.017969988;0.03158287;0.026954032
0.02375099;0.012766294;0.009063225
0.008063293;-0.033536963;-0.01774942
2.0063423E-4;-0.036204573;-0.014199535
0.0017230074;-0.022713657;0.0011403714
0.007628406;-0.036920927;0.025912298
-0.018897275;-0.02016174;-0.023020163
-0.011992821;-0.009879393;-0.012166129
-0.017406756;-0.004778514;0.002767096
-0.015487905;0.018052189;0.002213677
0.006359676;0.04256675;0.0017709415
-0.01834976;0.030928401;0.0014167533
0.008757693;0.018492721;0.0073834024
0.030443653;0.014794176;-0.006593278
0.0040424233;0.0055853412;-0.011524622
0.004796439;-0.008031727;-0.0029696978
0.003837151;-0.02205038;-0.014875758
-0.01568028;-0.014515305;-0.018150607
-0.0016067234;0.007137756;0.022979515
0.01590212;0.018210204;0.012133611
0.020534197;-0.0041818363;-0.0027931107
0.0023648576;-0.018970469;0.010265511
-0.015295614;-0.012051376;-0.01678759
-0.009111491;-0.0065161004;-0.007180073
0.013023308;0.016662119;-0.018244058
-0.022393854;0.016454697;-0.0020952465
-0.017915083;0.016288757;0.017073803
-0.015894568;0.0067810053;0.007409042
-0.0064656534;-0.003950196;-0.019072765
0.016702477;-0.028160157;-0.009008213
0.033674482;-0.047528125;0.00529343
0.023814585;-0.0161475;0.016734743
0.009676669;-0.009793;0.025887795
-0.0031961652;0.0046655997;-0.023039764
-0.0025569322;0.00998248;0.006568189
-0.0036080459;0.011110984;0.017754551
-0.0091364365;0.008888788;-0.017046358
-0.03230915;0.0071110297;-0.04488709
-0.02115982;0.018188823;-0.01090967
2.5964444E-4;0.011426059;0.022522263
0.022082716;-0.0064841527;0.03676781
-0.0026463275;0.004187678;0.004414249
0.008820438;-0.006024858;-0.0027186007
-0.013256149;-0.023569886;0.016575119
0.00970758;-0.018855909;-0.024239905
0.0046410644;-0.021334726;-0.031891923
0.0052753515;-0.023317782;-0.013013539
-0.0020297188;-0.006154225;0.014589169
-0.010998775;-0.0017983803;-8.2866487E-4
-0.01661152;0.026686296;-0.006912932
0.005460784;0.018224036;0.013219655
0.0012436272;0.005204229;0.0043257237
0.018182402;0.0010383835;0.01596058
-0.008891579;0.013330706;0.006518463
-0.008675762;0.016914565;0.0052147703
-0.0053781103;-0.014593348;0.010421816
0.03632251;-0.008549678;0.014587454
0.008745509;0.0025352575;-8.300375E-4
-0.021128593;0.014528206;0.01183597
-0.012215374;-0.004002435;-0.003031224
-0.023834798;-7.694817E-5;-0.021174978
0.0043696607;-0.0063115587;-0.0044399835
-0.023066772;-0.008174247;-0.034801986
0.011234083;-0.022164397;-0.00909159
0.008987267;-0.011481518;0.0052267285
9.39813E-4;-0.012310214;0.010431383
0.0038768505;0.0151518285;-0.029154893
-2.3519679E-5;0.018371463;-0.010823915
0.014043684;0.00844717;-0.014909132
0.023734948;0.009882736;0.013072695
0.006487958;0.020406188;0.0042081554
-0.008872134;-0.027425049;0.015866524
0.006964793;-0.037565038;1.9321953E-4
0.0040093344;-0.020677032;0.018904576
-0.013980033;-0.032166626;-0.0036263396
-0.017434025;-0.0101083;-0.027901072
-0.0139472205;0.01066336;-0.022320857
-0.0033452767;0.030405687;0.019643314
-0.0073637213;0.058699552;-0.0030353486
0.008171523;0.04695964;0.01632172
0.014349719;0.012567712;0.0068073766
0.017729774;-0.008695831;0.011695902
0.028246319;-0.0069566644;0.015606721
-0.007090444;-0.03056533;0.006235377
-0.005672355;-0.033827264;0.0049883015
0.0095246155;-0.03643681;-0.02100936
0.015432193;-0.03227445;-0.010557487
-0.011091746;-0.02269456;-0.008445989
-0.015123397;0.006844352;-0.0130067915
-0.016786218;0.014850481;-0.0041554333
-0.011866474;0.021255385;0.009175654
0.018631821;0.029504308;0.0010905226
0.007092957;0.011103447;-0.005377582
-0.014638134;0.008882757;0.0019479345
-0.0038980078;0.007106206;-0.0046916525
0.018756595;-0.0068150354;0.0024966781
0.013442775;-0.021077028;0.0144973425
-0.00174578;0.0018883774;0.011597874
-0.009209124;-0.017239299;-0.015721701
0.005132701;-0.03566644;-0.006327361
-5.8133935E-4;-0.02540815;-0.0050618886
-0.0051525715;-0.02657652;-0.010299511
-0.0072470573;-0.021261217;-0.014489609
-0.007360146;0.011116027;-0.005341687
-0.023075616;0.024517821;-0.01052335
0.0034145068;0.019614257;0.016581321
0.018356605;0.021941407;0.013265057
-0.008752216;0.026928125;0.016862044
8.107274E-4;0.015292499;-0.005260364
-0.014976418;-0.0065160003;0.002041709
-0.013543635;-0.0052128;-0.010866633
0.007915093;-0.02292024;0.016306693
0.006332074;-0.018336192;0.013045355
0.0035031592;-0.027168954;-0.014563716
0.0106150275;0.009514837;-0.030400973
0.014742021;-0.0017631304;0.0069292216
-0.014768883;0.0048394958;0.018043377
-0.004002606;7.4659655E-4;0.014434702
-7.7084806E-5;-0.018152723;-9.522385E-4
-0.0063116676;-0.020772178;-0.0070117908
-0.014424334;-0.0072427425;-0.011859433
-0.0052894675;-0.008919194;0.003012454
0.008268426;0.017864645;0.0086599635
0.003489741;0.0017917159;6.7797047E-4
0.010604293;0.004558373;0.0067923763
0.011608434;0.031771697;-0.013316099
0.009286747;0.009792359;-0.03565288
0.004304398;-0.0046661133;0.015227697
-0.015306482;-6.0789054E-4;-0.012817843
0.0065048146;-4.8631246E-4;-0.016504275
-0.0104211485;-3.8904996E-4;-7.0341927E-4
0.008850581;-0.00968624;0.0056872647
-0.008544535;0.011001008;-0.007950189
-0.017773127;0.0088008065;0.01863985
-0.0032810024;0.003915645;0.02741188
0.022375198;0.003132516;-0.0030704965
0.025712658;-0.013118987;-0.008706397
0.011195127;-0.0073701898;-0.0069651175
-0.009793899;-0.024646152;-0.005572094
-0.007835119;-0.02909192;-0.016957676
-0.012518095;0.007976463;-0.01981614
-0.008451976;0.009506171;-0.022102913
0.007300919;0.007604936;0.01981767
-4.0926467E-4;0.012333949;0.028354136
-0.008139912;0.0067421594;0.01643331
-0.01119943;-8.5627264E-4;-0.005603353
0.0082279565;-0.016310018;0.014267318
0.028457366;-0.0067980145;-0.0073361457
0.010265892;8.115884E-4;0.012881083
0.0019627137;-0.0056007295;0.0040548667
-0.007804829;0.004894417;-0.034256108
-0.014056363;0.016415533;-0.033654884
0.0028174093;0.013132427;-0.020673908
0.0053789276;0.023005942;0.008460874
-0.006634358;0.009029753;0.013018698
0.0071925134;-0.0021511975;0.010414959
0.012004011;0.007654042;0.0020819672
-0.009146791;-0.009501766;0.0016655737
-0.008879933;-0.029476414;0.007582459
-0.011791446;-0.0048311306;-1.840328E-4
-0.007870657;0.014885096;-0.0063972264
0.0015159743;0.008783077;0.001132219
-3.4972056E-4;-0.0023485387;-0.0053442246
0.013782724;0.004371169;-0.016775379
0.004776179;-0.005878065;0.005329696
0.014758443;0.026547547;0.010513757
0.013369255;0.0024880385;0.0021610055
-0.008054596;-0.016759569;0.014228804
-0.0142561775;-0.029032655;0.023883043
0.030782558;-0.051351123;0.019106435
0.0043135467;-0.0723309;-0.015964853
-0.05279916;-0.04848972;-0.06277188
-0.02192683;-0.016916776;-0.037717506
-0.012853964;0.03334158;0.026075996
0.008466829;0.036048263;0.014610796
0.017710963;0.06321361;0.024188638
0.009481271;0.078695886;0.01935091
0.021647517;0.044206712;-0.0032692722
0.032943014;-0.005259631;0.022384582
-0.0017705896;-0.051082704;-0.0070923343
-0.018603971;-0.08774117;-0.030673867
0.005429323;-0.092067935;-0.024539094
-0.0019065419;-0.045529343;-0.0071312753
-0.023400234;0.004201524;-0.01820502
-0.024970187;0.075236216;0.004185984
-0.01060115;0.07581398;0.022098787
0.011831581;0.08877618;0.02392903
0.017277764;0.064770944;0.037893225
0.013822212;0.0111917555;0.017814578
0.0094952695;-0.019171596;0.014251663
0.010721215;-0.07158728;-0.019848669
-7.9802773E-4;-0.06351982;-0.028378936
0.007174078;-0.022690857;-0.022703148
-5.1073777E-4;-0.0025276856;-0.0056625186
0.01365391;0.019852852;0.020469986
0.017173128;0.015882282;0.010125988
-0.023761498;-0.018544175;0.0018507903
-0.036196698;7.8966E-4;-0.011019368
7.301415E-4;0.019381728;-0.021315495
0.009959113;0.024880383;0.014197605
-0.0076577095;0.023029305;0.0051080836
-0.0045636673;0.0027984448;0.010336467
0.013536566;-8.8624423E-4;0.008269174
0.0030167527;-7.089954E-4;-0.0058846613
-0.014774098;-0.009942196;-0.004707729
-0.029006777;-0.020453757;-0.003766183
-0.023205422;0.011761994;0.015737053
0.007998162;0.025034595;0.012589643
0.02358603;0.010652676;-0.014928286
-0.012381176;0.02727214;0.0068073715
-0.023967441;0.021817712;0.005445897
0.016763547;0.01745417;0.0043567177
0.025910838;-0.0079116635;-0.002764626
-0.0011463298;-0.021954332;0.0165383
-0.0056045637;-0.030063465;7.3063944E-4
-0.0013586511;-0.024050772;-0.018165488
-0.0026494209;-0.0036156175;-0.00828239
0.0010054633;-0.002892494;-0.019125912
0.0023668706;0.010186004;-0.00280073
-0.015294003;0.020648804;-0.002240584
0.015889797;0.022769043;-0.0017924672
0.022086838;0.030715235;0.023566026
0.0051694703;0.024572188;0.03135282
0.0072605764;-0.01159225;0.006332257
-0.0098165395;-0.0186488;-0.026184194
0.004646769;-0.01804404;-0.0021973557
0.009967415;-0.03943523;0.0044921157
0.009536432;-0.040923186;-0.008906308
-0.028308354;0.0047614514;-0.019625045
-0.0054591834;0.013184161;-0.003200037
0.0128201535;0.038672328;0.00993997
0.016506122;0.027812863;0.014201976
-0.011795102;0.016000291;-0.007388419
-0.025061082;-0.009074767;0.012839265
-0.018486366;-0.010384814;0.010271412
-0.0022890922;0.0073171486;0.0019671295
0.004418726;-0.025396282;0.020323703
0.011347481;-0.017192025;-0.008741037
0.009077985;-0.01375362;-0.0069928295
-0.0068001123;-0.004752896;-0.018094264
-0.0023150898;-0.016302317;-0.014475411
-0.0018520718;0.0025831466;-0.024080329
0.0063308426;0.0020665172;-0.006764263
-0.010560326;0.007903214;8.3858956E-4
-0.006885761;0.009447571;0.019420872
0.0069913915;0.016933057;0.0030366974
0.018093113;0.013546445;-0.0038206421
0.03009949;-0.0016628436;0.015693486
-0.0071704076;0.0017947251;5.478903E-5
-0.018236326;0.01393578;0.0062938314
-0.006776561;0.017398624;-0.001214935
-7.337487E-4;0.0170439;0.030278051
0.011913001;-0.020739881;0.017972441
-0.0154695995;-0.041591905;-0.023122046
-0.028000679;-0.014523524;-0.0059976373
-0.0036505435;-0.002243819;0.02645189
0.028329566;0.0044549447;0.008661512
0.014851152;0.031688955;0.0069292095
-0.0053065782;0.031601164;-0.0069566322
-0.018307762;0.015905932;-0.036815304
-0.02089621;-0.0029002547;-0.010702245
0.012970532;-0.021070203;0.016438205
-0.0021235745;-0.026231162;0.013150563
-0.015761359;-0.02098493;-0.01447955
-0.0016715877;-0.038662944;-0.03033364
0.03616273;-0.021555355;0.013233089
0.0133051835;0.020255717;0.035586473
-0.011230852;5.795725E-4;0.0034691766
-0.018359682;4.6365804E-4;-0.009724659
9.3725417E-4;0.028495926;-0.014029727
-0.0055001965;0.02904674;0.0137762185
-0.009087658;0.016987393;0.023520974
-0.011957626;0.010464914;0.0063167796
0.0044963993;0.0021219314;0.011303424
0.02547212;-0.020177456;-0.009707261
0.0063151955;-0.013016964;-0.014015809
-0.0043228436;-0.01978857;-0.011212647
-0.006583275;-0.012705857;-0.027720118
-0.00526662;0.021085314;-0.009676094
0.020786704;0.051243253;0.011009125
0.011941863;0.025369601;0.0400573
0.0048659905;0.001545681;7.958398E-4
-0.0054822075;-0.023763455;6.3667184E-4
0.003426734;-0.019010764;-0.0057406626
-0.0019461128;-0.03395861;-0.00459253
-0.03749439;-0.020916888;-0.016174024
-0.020620512;0.008266489;-0.03168922
0.0069410903;0.044113193;0.0058986247
0.008677872;0.03841555;0.017218899
0.014754797;0.0026074422;0.02002512
0.019616337;0.0052109538;-0.0027299041
0.01100557;0.001043763;-0.008433923
0.010366957;-0.00541499;-0.0067471387
0.011418565;0.008168008;8.522891E-4
-0.0033651479;0.009659407;0.019431831
-0.0151921185;-0.014147474;0.015545465
-0.013716195;-0.023817979;-0.018813629
0.0046520443;0.009070616;-0.033800904
-0.0025283645;0.013506493;0.010459278
-0.017647691;0.010805194;0.020867422
-0.020368153;0.024269156;0.010443938
0.019642977;6.653244E-4;0.02710515
0.017276881;0.0067822593;0.0029341204
0.0044465056;0.021050807;0.0023472963
-0.012067796;0.001215646;0.014377837
-0.020591736;-0.052152485;-0.0072477306
0.0022766108;-0.016721986;-0.012048184
0.036196288;-0.01962759;-0.015888548
0.014894531;-0.012577072;-0.012710838
-0.0052718753;-0.0038116572;-0.016418671
0.003595;0.015700674;-0.0068849362
0.015376;0.028185539;0.013242051
-0.0033242002;0.038173433;0.02934364
-0.0026593602;0.011788745;0.023474913
-0.008377488;-0.024944004;2.9930092E-5
0.0011105095;-0.0449552;-0.024976056
0.019638408;-0.03596416;-0.0137308445
-0.015539274;-0.01939633;-0.023484675
-0.01711892;0.006357936;-0.01253774
-0.0027576352;0.008211349;0.0087198075
9.1889175E-4;0.01906908;0.013225846
0.0038601134;0.037130263;0.010580677
0.0077755908;0.029704211;0.008464541
0.0015329726;-0.0043616313;0.006771633
-0.008148622;-0.015989305;-0.025832694
-0.015893897;-0.025291445;-0.039416153
-2.1511804E-4;-0.013983156;-0.019032924
-0.0017345945;-0.011186524;0.0035236608
-0.0013876755;0.01292578;-0.0034310713
-0.00892264;0.025965624;0.003505143
0.027236888;0.0457725;0.059054114
0.03272701;0.033493;0.02849329
-0.0019433919;-0.0107056005;-0.008455367
-0.014054714;-0.03668948;-0.0067642936
-0.01905627;-0.019976584;-0.011661435
0.0128799835;-0.015981268;0.009420852
0.014991486;-0.031535015;0.013786682
-5.0681067E-4;-0.009603011;0.017279346
-0.009780449;0.007942591;0.0013234763
-0.0015743588;-0.006145927;0.007308781
-0.018446987;0.020083258;-0.012902975
-0.016320089;0.0066916067;-0.01657238
-0.0021185717;0.008478286;0.005492096
0.0076801428;-0.008842371;-0.0018563233
-0.0016683859;-8.2389737E-4;-0.0014850586
0.022102792;-0.006909118;-0.0011880469
0.020807233;0.0038477057;-9.504375E-4
0.0025832865;0.015578165;0.01173965
-0.0010583708;0.018712532;0.00314172
-0.019596696;-0.0037799748;0.008763376
0.0015101427;-0.015523979;0.0070107006
-0.009729386;-0.018669184;-0.02564144
-0.0030960087;-0.008685347;-0.02051315
-0.013414307;-0.016323278;-0.01641052
-0.029481446;-0.003683622;-0.019378416
0.009227344;-0.0060718977;-0.009252734
0.027694374;0.03889248;0.005097813
0.0377805;0.027988985;0.02907825
0.0020994;-0.011983812;0.0107626
-0.01394548;-0.01896205;0.0023600804
0.0013436159;-0.015169639;0.008138064
-0.011425108;-0.009010712;2.604514E-4
-0.0044525857;0.0052914307;-0.012291639
-0.008249569;0.0042331447;0.002666689
-0.0034746549;0.009636516;-0.016616648
-0.004342224;0.0077092126;-0.0070433193
-3.4877914E-4;0.01554237;0.013115345
0.005970977;0.015558896;0.016742276
0.021964282;0.009322117;0.0071438206
0.017571425;0.0074576936;0.0057150563
-0.0015678599;0.005966155;0.004572045
-0.012191788;-0.017102076;-0.021342363
-0.03006593;-0.007431661;-0.023323892
-0.019365244;-0.012195329;-0.018659113
0.0016953045;-0.012881263;-0.008677291
