-0.048187155;0.08258066;-0.018934187
-0.0026122232;0.053564534;0.009852651
0.04322272;0.014726626;0.01413212
0.034578178;-0.019468699;-0.0011943039
0.021412542;5.004035E-5;-0.025955442
0.031192534;0.050040033;0.016735645
0.061672777;0.024407025;0.050888516
0.0032444713;-0.008599379;0.034460813
-0.039591923;-6.2950345E-4;-0.028681349
-0.023861038;-0.028628603;-0.01669508
-0.03627633;-0.047902882;0.017893936
-0.049333565;-0.078947306;-0.02318485
-0.03165435;-0.09440784;-0.05604788
0.02780152;-0.07240128;-0.032338306
0.042553715;0.004578979;-0.0071206437
0.04341797;0.09116318;0.056803484
0.012859378;0.104180545;0.05794279
-0.003774998;0.102094434;0.02760423
-0.004582498;0.08167555;0.015833383
-0.013040999;0.03096544;-0.0123332925
-0.0291828;-0.053352647;-0.041116633
-0.046783738;-0.08330712;-0.026643308
-0.042114493;-0.076020695;-0.015064646
-0.008691593;-0.048316557;-0.030801717
0.008671725;-0.010528245;-0.0058913734
0.02256238;0.016577404;0.007786901
0.019612404;0.06638692;0.04372952
0.042252425;0.07810954;0.022483617
0.03848944;0.05311263;0.042986892
0.012041551;-0.0012598952;0.040639516
-0.02317926;-0.057257917;-0.029988388
-0.035730906;-0.07393134;-0.04899071
-0.017647225;-0.037270065;-0.0079425685
0.017132219;-0.001691053;-0.006354055
0.0027682753;0.026772158;-0.017583244
6.5212033E-4;0.030792726;-0.007816595
-0.021353304;-0.0034908191;-3.276026E-6
-0.017082643;0.006582345;-2.6208209E-6
-0.008978615;0.0083908755;-2.0966565E-6
6.296085E-4;-0.0057872995;0.018748323
-0.0010588132;-0.01400484;-0.003751342
0.02727795;-0.011203872;-0.0030010734
0.01088486;-0.043338098;0.010099141
-6.6711236E-4;-0.019045478;-0.004420687
-0.03490869;0.019138617;-0.02228655
-0.018551951;0.021560894;-0.042829238
0.0054709385;0.032873716;-0.03426339
-0.014373249;0.026298972;0.022589287
0.0025639005;-0.010210822;0.05557143
0.01298862;-0.04879366;-0.011792856
0.018203396;-0.060909927;-0.021934286
0.034875218;-0.05185294;-0.011297428
-0.0033498262;-0.035232354;-0.015287942
-0.02611736;-0.025060883;-0.024730355
-0.03808139;0.0018262942;-0.019784283
-0.02734011;0.029586036;0.021672573
0.015627911;0.05804383;0.08608806
0.015627328;0.08393506;0.06887045
0.020314364;0.07339805;-0.032403644
0.04125149;-0.04128156;-0.057172913
0.034563694;-0.12677525;-0.07073833
-0.005161546;-0.1764202;-0.025340665
-0.09162924;-0.15988615;-0.032772534
-0.08267839;-0.08415893;-0.076218024
-0.011455212;0.013922858;-0.06722442
-0.0013516693;0.095513284;-0.016279537
-0.016706336;0.14828563;0.043226372
-0.033677567;0.17175351;0.1158311
0.0011829453;0.1342778;0.08641488
0.043133855;0.08867224;0.012881902
0.06575709;-0.022812206;-0.0021944784
0.019793168;-0.17449977;-0.0017555828
-0.024790466;-0.23959981;-0.057654466
-0.049519874;-0.22605485;-0.096123576
-0.030240897;-0.15896888;-0.08939886
-0.011692719;-0.020925105;-0.052769087
0.0047083255;0.09575991;0.01403473
-0.00560834;0.12660794;0.07372779
0.011138328;0.14816135;0.096482225
0.019848162;0.12165408;0.045935784
0.04400353;0.05044826;0.036748625
0.016452825;-0.02526639;0.010648901
6.6225923E-4;-0.08583811;-0.02898088
-0.015095193;-0.11867049;-0.0794347
-0.013638654;-0.101186395;-0.051047765
0.0031515767;-0.059074115;-0.06583821
-0.006853739;-0.012884291;-0.0026705682
-0.0101704905;0.039692566;0.016613545
-0.020636393;0.063004054;0.019540837
-0.022759113;0.056653243;0.015632669
0.017730208;0.048447594;6.1352353E-6
0.028246667;0.032508075;4.908188E-6
0.021034833;0.02600646;0.031253926
0.016827866;0.020805169;0.05000314
0.030649794;-0.023980865;0.015002513
0.026082335;-0.05355969;-0.01924799
0.0068033678;-0.06784775;-0.027898392
-0.008619806;-0.082403205;-0.028568713
-0.064708345;-0.044047564;-0.02910497
-0.043954175;0.03038695;-0.048283976
-0.01641334;0.06493456;-0.007377181
-0.016255673;0.055072647;0.031598255
0.0041829622;0.040933117;0.044028603
0.04397137;0.0046214946;0.047722884
0.014864596;-0.027552804;0.013178307
0.015016677;-0.018917244;-0.020707354
0.01982584;-0.024508795;-0.022815883
-0.001326827;-0.032107037;-0.030752707
5.010384E-4;0.0024393713;-0.030852165
4.0083073E-4;0.0019514972;-0.018431732
-0.016866835;0.039061196;0.004004614
-9.934683E-4;0.03749896;-0.0030463089
0.016392725;0.045624167;0.035062954
0.0021766804;0.0021243333;0.021800362
0.0033038442;-0.029550534;0.00494029
-4.8192462E-4;-0.070515424;-0.0022977681
0.0027394602;-0.08453734;-0.033088215
-0.013433432;-0.055129874;-0.026470572
1.907546E-4;-0.0347289;-0.03992646
0.009527604;0.04409188;0.0055588344
0.004497083;0.100898504;0.07319707
0.014535166;0.0713438;0.039807655
0.008503133;0.07582504;0.031846125
0.019302506;0.035660036;0.0379769
0.031067004;-0.018346973;0.036631517
-0.017333895;-0.04280258;-0.020694785
-0.007617117;-0.049867064;-0.04155583
-0.026406193;-0.033643648;-0.058244664
0.011687545;-0.01128992;0.0096542705
0.017162535;0.034718063;0.007723416
-0.003457471;0.05277445;0.018678732
-0.007453477;0.06409456;0.033692986
-0.009087781;0.05127565;0.04570439
-0.0072702253;0.04102052;0.036563512
0.01449632;0.014066415;0.023000808
0.013159556;0.0050031324;0.005900647
0.0074026445;0.0071275057;-0.026529482
0.027797116;-0.019297995;-0.008723586
3.6269263E-4;-0.009188396;-0.019478869
-0.005959846;-0.016725717;-0.009333095
-0.012580377;-0.022755574;-0.013716476
0.007123199;-0.018204458;0.02652682
0.01976106;0.0010614329;0.014971456
0.006433847;0.050849147;0.030727165
-0.0089154225;0.059429318;0.049581733
0.008492663;0.06941845;0.020915385
5.441297E-4;0.061784763;0.010482308
0.033247802;0.02442781;0.014635847
0.006285743;0.013292248;-0.007041323
0.008153594;-0.004991201;-0.005633058
0.011210375;-0.016492961;0.014243553
-0.0050941994;0.011805631;-0.013605157
-0.01345036;0.009444505;-0.0046341256
0.012677212;0.026305605;0.0212927
0.01951677;0.046044484;0.010784159
-0.007824084;0.052460585;0.021127328
0.007803233;0.04821847;0.048151862
0.023430087;0.022949776;0.01977149
-0.012505931;0.02773482;0.0033171917
-0.038129743;0.047187857;0.015153754
0.0054337042;0.009625285;0.018373003
0.03715946;-0.026674772;-0.010301597
0.035977572;-0.03696482;-0.008241278
-0.013405443;-0.035821855;0.005906977
-0.031036856;-0.016157484;0.004725582
-0.010766984;-0.0066759866;0.0037804656
7.6141296E-4;0.016534211;-0.0032256276
-0.0056408695;0.022602368;-0.008830502
-0.0060751955;0.008706895;-0.0320644
-1.7265658E-4;0.010090516;-0.013151521
0.013924375;0.008072413;0.008228783
0.015827;0.00958293;-0.012166973
-0.017025901;0.004541344;-0.01598358
0.01137928;0.0036330754;0.012213137
0.009103424;0.01853146;0.02227051
-0.019279761;0.021075169;-9.335924E-4
0.0048886915;-0.023764865;0.030503126
0.016410952;-0.04401189;0.036902502
0.011566263;-0.028959515;-0.007978
-0.00793449;-0.032542612;-0.0313824
-0.003222592;-0.022909088;-0.03135592
0.0036719264;0.04104773;-0.0063347355
-0.011124959;0.06408818;0.0074322117
-0.008899967;0.048145548;0.024695769
-0.011807473;0.060391437;0.013506616
-0.012570979;0.03581315;0.023305293
0.018068217;-0.01822448;0.031144233
0.019142073;-0.011454584;-8.461294E-5
-0.012811341;-0.06541367;0.02493231
0.003813427;-0.08045594;-0.023804152
-0.0031992584;-0.051864747;-0.04404332
-0.016621906;-0.016491797;-0.041484658
7.649746E-4;0.002431562;-0.039437726
-9.505203E-4;0.011320249;-0.02530018
-0.011697916;0.0215562;-0.0077401446
0.004704167;0.01099496;-0.012442116
-0.010299167;-0.006829032;0.0025463074
-0.012926833;-0.008588226;0.008287046
-0.008778966;-0.02874558;-0.012120363
0.019539326;-0.051121466;0.0028037094
0.014068961;-0.07527217;0.014742968
-0.010619831;-0.078967735;-0.025705626
-0.039745864;-0.04129919;-0.0393145
-0.03960919;-0.014289352;-0.0189516
-0.0019998534;0.03856852;-0.008911281
0.007775117;0.068354815;0.030370975
0.014032594;0.057808854;0.024296781
-0.0028364249;0.043122083;6.874244E-4
0.00398086;0.028247666;0.0067999396
0.021934688;0.019473132;-0.007060048
0.0050477507;-0.012546495;-0.024398038
9.132003E-4;-0.050662197;-7.68431E-4
-0.00708194;-0.049904756;0.011885256
0.024021948;-0.039923806;0.009508204
0.017655058;-0.047564045;-0.017393436
0.0047490466;-0.041176233;-0.020164749
-0.010263262;-0.014190989;0.008868201
-0.01914811;-0.0019777906;-0.01790544
-0.015318488;0.023417767;0.016925648
0.01118271;0.043734215;0.007290519
-0.012928832;0.04436237;-4.1758505E-4
-0.0103430655;0.029239897;-0.012834068
-0.008274453;0.026516918;-0.016517254
0.005880438;-0.0037864659;0.011786196
0.02345435;-0.04990417;0.021928957
0.03282598;-0.058673337;0.017543165
0.018448284;-0.02818867;-0.017215468
6.9612736E-4;-0.041300938;-0.026272373
-0.0135055985;-0.03304075;-0.0085179
-0.042054478;-0.0139326;-0.006814319
-0.03676858;0.010728921;0.025798544
-0.0012898663;0.036708135;0.0018888357
0.013030607;0.05124151;-0.0047389315
-0.011450514;0.053493205;-0.022541145
-0.0013479115;-0.0040804343;0.019467084
0.012984171;-0.015764348;-0.021926332
0.022887336;-0.025111478;-0.017541066
0.016747368;-0.023214182;0.023467148
-0.0022271045;-0.043571346;0.018773718
-0.023656683;-0.009857076;-0.016231027
-0.028300347;-0.02976066;-0.03173482
-0.0070152776;-0.014433529;-0.019137857
0.020950278;0.022828177;-0.0028102852
0.024572723;0.012012541;0.010251772
-0.014716822;0.028360033;0.020701418
-0.0023984576;0.028938027;0.004061134
-0.003481266;0.029400421;0.015748907
0.0065899873;0.017270338;0.006349126
-0.0041030105;0.0044412697;0.011329301
0.017030092;-0.0026969844;0.02156344
0.010499073;-0.027157588;-0.0014992476
0.0021492587;-0.01860107;-0.013699398
-0.001405593;-0.008630856;-0.03595952
-0.032374475;0.018095315;-0.0037676147
-0.011837079;0.017601252;0.009485908
-0.015719663;0.023456002;0.0075887265
0.006174269;0.028139802;0.018570982
0.011189415;0.0068868413;0.027356785
-0.014485967;-0.031990528;-0.009364572
-0.022526274;-0.025592422;-0.013741658
0.01166648;-0.0017239373;-0.017243326
0.024958184;-0.02325415;-0.0012946608
0.018404048;-0.02172832;0.017714271
-0.011839262;-0.017382655;-0.010828583
-0.011033909;-0.010781125;-0.027412867
0.019297872;0.019500101;0.015569706
-1.867021E-4;0.02185008;-4.4234475E-5
-0.015774362;0.029980063;0.0062146126
-0.017306989;0.027109051;-0.01377831
0.008029409;0.009187241;-0.017272647
0.026736027;0.016724793;0.04868188
0.0042013214;0.004004834;0.013945505
-0.004451443;0.0032038675;-0.045093596
0.008938846;-0.041186906;-0.004824877
-0.014723923;-0.039199524;0.008640098
-0.011779139;-0.03760962;0.006912079
-0.014110811;0.0011623041;-7.2033686E-4
-0.026913648;0.025929844;-0.03807627
0.009719081;-0.013631125;-0.011711015
0.048400264;0.0015950997;0.03438119
0.0012202119;0.03565108;0.00250495
-0.025586331;-0.0058541363;0.00200396
0.017030936;-0.020308308;0.020353168
0.04174975;0.008753353;0.0037825345
0.0052747987;-0.021122318;-0.0032239724
-0.01921766;-0.041897856;-0.008829178
-0.020061629;-0.039768282;-0.025813343
-0.025424303;-0.06306463;-0.033150673
-2.6942427E-5;-0.019201702;-0.03277054
-0.012521554;0.009638639;-0.013716431
-0.010017243;0.0077109113;-0.010973145
-2.0129452E-4;0.03741873;-0.002528516
0.0045264643;0.07368498;0.04172719
0.016121171;0.07144798;0.02088175
0.019146938;0.02590839;0.0292054
-0.0018699502;0.014476711;0.01086432
0.0016290398;-0.03216863;0.008691456
-0.011196768;-0.0788599;-0.011796835
-0.0011449145;-0.063087925;-0.04693747
0.028771568;-0.05672034;-0.0062999744
0.0058297548;-0.036001272;0.0074600205
-0.010961196;0.021198982;-0.0065319836
-0.008768957;0.026334187;-0.011475587
0.0101723345;0.039817348;0.02831953
-0.023112133;0.04122888;0.035155624
-0.009114706;0.029858103;-0.0281255
-0.0041667647;0.036386482;0.014999599
0.021666588;0.016609186;0.01199968
0.0063957707;-0.005462651;-0.015400256
-0.010508384;-0.02312012;-0.012320205
-0.017781707;-0.024746096;-0.009856164
0.020149635;-0.022921877;0.01711507
0.036432207;-0.021462502;0.013692055
0.007270766;0.010954998;0.004703644
-0.025433388;-6.110012E-4;0.022512915
0.0046532904;-0.003613801;0.005510332
0.0021601322;0.03148396;0.004408266
-0.027959393;0.0033121675;-0.027723387
-0.008305015;0.008899734;0.01532129
-0.0066440124;0.007119787;0.018507032
0.00405979;0.01507083;0.008555626
-0.012377168;0.024556663;5.945005E-4
-0.013026734;0.010270331;-0.0057743997
0.009891112;-0.0074087353;0.0016304803
0.00791289;-0.002801988;-0.004945616
-0.010857188;-0.02099159;-0.010206493
-0.0039982502;-0.026168272;-0.0019151941
0.010863899;-0.002184618;0.0047178445
0.02900362;-0.004872694;-0.002475724
0.013827896;-0.019523155;-0.01448058
-0.009250184;0.0062564756;-0.0053344634
-0.004275147;0.030005181;0.00823243
0.009079883;0.017754145;0.0065859435
0.0072639063;0.017328316;0.024018755
0.005811125;0.010737652;4.6500374E-4
-0.0156636;0.002340122;-0.005877997
0.0015316199;0.0049970974;0.0015476024
-0.009712204;-0.008502322;0.001238082
-0.0030822633;0.018198142;0.0134904655
0.019409189;-0.001066486;-0.0017076276
0.0030273516;-0.016478188;-0.0326161
0.0024218813;-0.04130755;-0.026092881
-0.010562495;-0.02367104;-0.0021243053
-0.011574996;-0.009561833;-0.007949444
0.0016775032;0.017350534;0.012390445
0.0029045024;0.023255426;0.016162356
-0.0039263978;0.024854342;-0.012070116
0.0062338817;0.010508473;0.0028439076
-0.009075395;0.0021567787;0.014775126
0.0146146845;-0.007649577;-6.798991E-4
0.016379246;-0.027994663;-0.05679392
-0.002521602;-0.025520729;0.0045648646
-0.0020172817;-0.0110415835;0.022401892
-0.0063013253;0.025541734;-0.0070784865
-0.01754106;0.026683386;5.8721064E-4
0.006279652;0.027596708;0.0067197685
3.3622142E-4;0.018952368;0.011625815
0.017456478;-0.0067131063;-0.021949349
0.010840181;-0.011620485;-0.011309478
0.0024221453;-0.021796389;0.015952418
3.752163E-4;-0.03931211;0.031511933
-0.013762327;-0.028324688;0.006459547
0.0014901385;-7.847506E-4;-0.019832361
-0.0066203894;-6.278005E-4;-0.00961589
-0.0099838115;0.015122759;0.017307289
-0.004862049;0.015223208;0.01384583
-0.008577139;0.0028035662;0.0048266645
-0.0131117115;0.0053678527;-0.014888668
0.01919813;0.0042942823;-0.005660935
0.023171004;-0.009064574;-0.0107787475
-0.014275696;-0.013501659;0.010127001
0.005766943;-0.013926327;0.0018516014
-0.014136446;0.004483938;-0.011018719
-0.0034966564;-0.008912849;-0.033814974
-0.013734825;0.033494722;0.00419802
0.0015121398;0.011170777;0.003358416
0.027772212;-0.01918838;-0.0035632672
0.00815527;-0.0028507032;0.015899386
0.0018367156;-0.014780562;0.006469509
-0.0047806273;-0.00244945;-0.0010743928
0.007112998;-0.00195956;0.011640485
-0.016184602;0.03280735;0.0093123885
-0.0051351814;0.02624588;0.0011999109
0.006829355;-8.7829476E-4;9.599287E-4
0.0054634837;-7.026358E-4;7.67943E-4
-0.020629212;-0.016187109;6.143544E-4
-0.013378371;-0.016074687;-0.012008516
-0.004452696;-0.0034847495;0.0028931869
0.001125343;0.0128372;0.014814549
0.014962775;0.0071447603;0.01810164
0.02603272;0.027590808;-0.004268688
0.013013676;0.009572647;-0.0034149508
-0.0036515596;-0.011091882;0.0035180394
2.0375241E-4;-0.024498506;-0.022185568
0.004850502;-0.032098804;0.026001545
0.011692901;-0.025679044;-0.016698765
-2.0678768E-5;-0.008043235;-0.013359011
-0.007829043;-0.0095595885;0.008062791
-0.0015757345;-0.017022671;0.012700233
-0.026260588;0.011381864;-0.033589814
-0.01007097;-2.6950912E-4;-0.020621851
0.006005724;-0.012715607;0.00850252
0.009492079;-0.010172485;0.0068020155
0.031031163;-0.03001299;0.030441612
0.013887431;-0.014635391;-6.4671016E-4
-0.021702556;-0.0054583126;-0.006767368
-0.007987045;0.01438335;-0.011663894
0.0045478647;0.04275668;-0.0093311155
-0.0072992085;0.043580342;-0.0012148925
-0.023026867;0.019239275;0.011528086
0.009703507;-0.00960858;-0.0032775311
0.007762805;-0.038936865;-0.015122025
-0.0031647556;-0.024899492;-0.03084762
0.019343195;-0.023044594;0.006571904
0.010787057;-0.0059356745;0.011507523
-0.021057855;0.010876461;-0.028293982
0.001903716;0.018076168;-0.003885185
-3.9527167E-5;0.033210933;0.021891851
0.015593378;0.03281875;-0.0074865185
0.0062247026;0.029379997;0.012760785
2.922621E-4;-0.0108710015;0.003958628
0.0033588097;-0.021196801;0.0031669026
-0.0051254523;-0.03258244;-0.003716478
5.871382E-4;-0.032315955;-0.027973182
-0.0010927895;-0.016477762;0.008871454
0.0038132684;0.0024427902;0.025847163
-0.007886886;0.008204232;0.014427731
0.014002992;-0.012186614;-0.013457815
-0.0028601065;0.012125708;-0.023266252
-0.019475585;0.0065755667;-0.024863003
-0.0015179683;-0.013489546;0.0113595985
0.015973125;0.004833363;0.02158768
0.0143410005;0.01011669;0.017270142
0.0052228;0.008093352;0.0138161145
-0.0130092595;0.012724682;-0.0014471085
-0.0025949078;-0.0023202547;0.011342313
-0.013013426;-0.0049812035;-0.015926149
-0.015098241;-0.013359963;-0.0064909197
-0.015203592;-0.02631297;-0.036442734
-0.009037875;-0.039800376;-0.010404188
-0.0119178;-0.028715301;-0.0020733508
-0.0017217395;-0.010472241;-0.0079086805
0.023622608;0.007247207;-0.0063269446
0.012648087;0.049547765;0.019938445
-0.007069031;0.049013212;0.022200756
-9.677245E-4;0.00483557;-0.0072393958
-0.0038991796;0.0038684562;-0.012041517
0.0031306562;-0.006280235;-0.009633213
0.010317025;-0.030024188;-0.0077065704
0.01762862;-0.02089435;-0.012415256
-0.015584604;0.017659519;0.008817795
0.0015948168;0.007877615;0.007054236
0.0012758535;0.0063020927;0.0056433887
0.018208183;0.0050416742;-0.026735289
0.0067540463;0.010283339;0.016111769
0.002278237;-0.019898329;0.019139415
-0.02005241;-0.028418662;-0.015938468
-0.005104428;-0.0071099303;-0.012750775
0.016228957;-0.0025629443;-0.0039506196
-0.008891834;0.016699644;0.021839505
-0.014925967;0.022734717;0.0112216035
0.008371727;0.018187772;-0.009772717
0.008259881;-0.010449782;0.010931826
0.0081704045;-0.020859826;0.014995461
-0.002838676;-0.013562861;0.005746369
0.005541559;-0.02335029;-0.001652905
0.0044332473;-0.012430231;-0.007572324
-0.026140902;0.018180816;1.9214083E-4
-0.0068502217;0.014544653;-0.018596288
-0.0023551774;0.024135722;0.02262297
0.005928358;0.009933578;0.011848376
0.025055187;0.004821862;-0.0092712995
0.0028566492;-0.00551751;-0.01991704
-0.021152182;-0.023164008;-0.02218363
-0.0044217445;-0.027906207;-0.005246905
0.008962604;-0.0066999653;0.020802476
-0.0022049164;0.016515028;-0.02710802
-0.017388932;0.022587022;0.015813585
0.0017138534;0.027444618;0.025150867
0.009183583;0.006330694;-0.004879306
0.012034366;-0.0043104445;0.008596555
-0.002872507;-0.0065733558;-0.0056227557
8.2699436E-4;-0.011508685;0.014251796
0.013161596;1.6805234E-4;0.005151436
-0.0050957236;0.0032594418;-0.014628851
-0.010326579;0.008857554;-0.017953081
0.002676237;-0.0022889571;-0.0018624646
0.01776599;0.0137938345;0.023510028
-0.0014122084;0.007910067;-0.012441977
0.0035577333;0.003203054;-0.009953582
-0.0018413133;-0.013062557;0.0045371344
0.0047769495;-0.019825045;0.034879707
0.011634059;-0.0033600363;0.009153766
-0.0016302525;4.3697088E-4;-0.011426987
-0.009116702;0.009724577;-0.01539159
-0.022918362;0.042154662;-0.012313272
4.1531076E-4;0.03059873;0.0026493827
0.012832249;0.018228984;0.014619506
-0.005359201;0.027083186;-8.043951E-4
0.003525139;-0.0064584506;0.011856484
-0.008117389;-0.00829176;-0.003014813
0.006006089;-0.034758408;0.0038381496
0.011054872;-0.024681726;0.02182052
0.021343896;-0.029120382;0.017456416
0.010825117;-0.023296306;0.0014651327
-0.008527406;-0.024887044;-0.0113278935
-0.0021344246;-0.010534636;-0.002812315
-0.025145039;0.022822293;-0.014749852
-0.031053532;0.052632835;0.013200118
-0.0029678254;0.042106267;-0.020689905
0.0038757396;0.039935015;-0.010301924
0.007788092;0.04757301;0.02925846
0.0140429735;0.03180841;0.029656768
0.004984379;0.009821727;0.011225414
-0.005387497;-0.0077676186;-0.009769668
-0.0027474978;-0.024964094;-0.014065734
0.004052002;-0.051221278;-0.017502587
0.0032416014;-0.04410202;-0.01400207
-0.0020942187;-0.022781616;-0.048701655
-0.011050375;0.022399707;-0.032711323
0.0052222;0.039794765;0.03008094
0.00574026;0.044335812;0.055314753
0.010842208;0.02609365;0.044251803
0.010236266;0.00524992;0.010401442
0.012876513;-0.011425064;-0.016678847
-0.0037612894;-0.012265052;0.0054069227
-0.0108215315;-0.05043704;0.004325538
-0.005532225;-0.040349633;-0.015289569
-0.03411328;-0.019779706;-0.012231655
0.0023968758;-0.003323765;-0.0035353245
0.008167501;0.028590988;-0.00907826
0.0049715005;0.016622791;0.036487393
0.0071022003;0.003923232;0.010439914
-5.6823966E-4;-0.028111415;-0.016648069
-0.009829592;-0.025614131;-0.025818456
0.009323827;0.013883695;0.010595236
-0.0019159387;-0.001393044;-0.0040238113
-0.009345251;0.0051355646;-0.015719049
-0.007476201;0.004108452;0.006174761
2.690394E-4;0.02828676;0.011189809
0.011152731;0.02887941;-0.0035481532
-0.003577815;0.026228527;0.009661477
0.0018252481;-0.0071421782;0.013979182
-0.0063523017;-0.027588742;-0.026316654
-0.008206842;-0.034570996;-0.008553323
0.002809527;-0.024531795;0.0056573413
-0.014939878;-0.010250436;-0.007974127
0.0036730974;0.010549651;0.0248707
0.013875978;-0.004060279;-0.0051034414
-0.006086718;-0.0032482233;0.002167247
-1.8187417E-4;0.0067764213;-0.0045162025
0.0045420006;0.030421138;0.015137038
0.0067586005;0.01183691;0.012109631
0.01946938;0.006344528;0.0034377044
0.0062005045;0.008200622;0.0027501634
-0.020039596;0.009685498;-0.010299869
-0.009781677;0.0014983983;-0.008239895
0.009362158;-0.0019262815;0.0059080836
-0.0018852734;-0.026541024;0.004726467
0.007866781;-0.021232821;-0.039968826
0.020355925;-0.032611255;-0.019475061
-0.00402776;0.008285996;0.03441995
-0.007909708;0.009753796;0.015035961
-0.020390267;-0.0015719631;-0.006721231
-0.019437212;0.03624243;8.73015E-4
-0.0046122703;0.028993944;6.9841195E-4
0.018185183;0.023195155;5.587296E-4
0.009860647;0.012306124;-0.012053017
0.021951018;-0.008905101;-0.003392413
-0.012126686;-0.02587408;0.016036069
-0.0018888488;-0.026949264;0.0065788557
0.004738921;-0.030934412;0.011513084
0.011603637;-0.0059975293;-0.015789533
-9.209058E-5;0.0014519766;-0.018881626
-0.014136173;0.013661581;0.0036446992
-0.0081839375;0.017179266;0.027915759
0.02626535;-0.005006588;-0.0026673924
-0.0039877202;0.0022447295;-0.0146339135
-0.0031901763;0.0049207835;-0.005457131
-0.007239641;-0.0023133731;-0.023115706
-0.010479213;-0.0018506985;0.012757436
-0.0021333701;0.02664444;0.016455948
-0.0063941963;0.018190553;-0.018085241
-0.014490357;0.011427443;-0.0019681926
0.0040327143;0.018516954;0.017175445
0.021976171;-0.016436437;0.0074903565
0.0050809374;-0.03189915;0.0059922854
-6.227502E-4;-0.04426932;0.0047938284
0.0026267997;-0.035415456;-0.027414937
-0.01352356;0.0060426355;-0.00318195
-0.0014438481;0.01733411;0.00995444
0.0066574216;0.054492287;0.007963552
0.005325937;0.06546883;0.012620842
0.00738575;0.039875064;0.0038466733
-0.0065914;0.02565005;0.009327339
-5.856202E-4;-0.010729959;0.007461871
-0.011405996;-0.039833967;0.005969497
-0.010687297;-0.025617175;-0.0014744026
0.016450163;-0.05174374;0.0050704777
0.00378513;-0.04139499;-0.008443617
0.028028104;-0.033115994;-5.048941E-4
0.0021099832;-0.0046177944;-4.039153E-4
-0.015499514;0.011930765;-0.012823132
-0.015524611;0.04079461;0.0022414941
-0.007732189;0.04201069;-0.0044568046
6.4249114E-5;0.052358553;0.0089345565
0.0234889;0.03876184;0.032147646
0.02191612;0.018509474;0.013218116
3.4539556E-4;0.0023075782;-0.008175507
2.7631645E-4;-0.03877894;0.005959594
0.0049085533;-0.04664815;-0.013982325
-0.0116981575;-0.03731852;-0.02993586
-0.0031085259;-0.039229818;0.0010513123
-0.0149868205;-0.018883852;-0.01165895
-0.015114456;-0.015107082;0.0031728398
0.0050959345;0.031664334;0.002538272
-0.013110752;0.056581467;-0.0042193825
-0.010488601;0.045265175;-0.003375506
0.0041091186;0.061212137;0.009799595
0.0017247949;0.04271971;0.020339675
0.017004836;0.012300769;0.01627174
-0.0035836312;-0.021409385;-0.011982608
0.006508095;-0.06400251;-0.0033360857
0.028643977;-0.060577005;-0.0026688688
0.010415181;-0.07346161;-0.002135095
-0.005730355;-0.040019285;-0.026708076
-0.0123967845;-0.010140427;-0.0026164607
-0.008354927;0.026262658;-0.0020931687
0.002691058;0.055385128;0.029575465
0.008402847;0.0630581;0.042410374
-0.007340223;0.05044648;-0.0035717024
-0.0058721784;0.040357184;-0.002857362
0.0078022573;0.0010357478;-0.01478589
0.017179307;-0.008546402;0.025671288
0.004368445;-0.0037121214;0.02053703
-0.0011927442;-0.043594696;-0.039820377
-0.013454195;-0.016125757;-0.031856302
-0.027950857;-0.012900606;-4.8504028E-4
-0.005173185;-0.029070485;-3.880322E-4
0.0130489515;-0.023256388;-0.019060425
-0.011435838;-0.018605111;-0.02774834
-0.00914867;0.016365912;0.009051328
0.023931064;0.03184273;0.019741062
0.025394851;0.037974183;0.02829285
0.0031283805;0.027254347;0.022634279
-0.009997295;0.012428477;0.018107424
-0.020497836;-0.008807218;-0.010514061
-0.014835769;-0.019545775;0.010338752
0.014693885;-0.04376162;0.002021001
0.0101926075;-0.047509294;-0.010883199
-0.0012209138;-0.047382437;-0.03370656
-0.02597673;-0.012905949;-0.033215247
0.005781115;0.0021752405;0.010927802
0.021812392;0.045490194;0.021242242
-0.015362586;0.080142155;0.0044937935
-0.02010257;0.06411372;0.0035950346
-0.006707055;0.04191598;-0.022123972
0.018071856;0.014782783;-0.0051991777
0.016019985;-0.016298775;0.014590657
-0.0028090123;-0.053664017;0.005422526
-0.01630971;-0.061681215;-0.001911979
0.008827232;-0.04934497;-0.0015295832
-0.0023132144;-0.026975978;0.0050263335
0.0028369285;-0.0090807825;0.016521066
0.0022695428;0.014610374;-0.011783146
-0.015371866;0.052313298;0.009323482
-0.0060474924;0.05122564;0.019958787
0.006099506;0.037855513;0.009717029
0.0048796046;0.030284408;0.020273624
-0.016408816;0.0054775276;-0.008781102
0.004060447;-0.011242978;-7.7488116E-4
0.009498358;-0.027744383;-6.1990495E-4
0.007598686;-0.040945508;-0.012995924
-0.007983551;-0.017131405;-0.029146738
0.009238159;-0.023080124;0.007932609
-0.0051094727;-0.009089099;-0.006153913
-0.004087578;-0.013521279;-0.02992313
-0.0032700626;0.011057977;-0.023938505
0.00519645;0.018221382;0.024599196
0.0072821598;0.027077105;0.019679356
0.005825728;0.009161684;0.009493486
0.004660582;0.007329347;0.013844789
0.002165966;0.021488478;0.004825831
0.0017327727;-0.0078092176;-0.0023893353
-0.0111137815;-0.015622375;-0.008161468
-0.0057660253;2.100621E-6;-2.791746E-4
0.012574679;-0.0031233195;-0.01272334
-0.016502757;-0.024373656;-0.010178672
-0.036639705;-0.019498924;-0.026892938
-0.004311764;2.5860414E-5;-0.00901435
0.009050589;0.031270687;0.01153852
0.013490471;0.03751655;0.034230817
0.004542377;0.0018882406;0.0023846528
-0.0010535986;0.0046355925;0.0019077223
0.021032121;-0.008791526;0.0015261779
-0.001924303;-0.022658221;0.0012209422
2.3057544E-5;-0.008751577;-0.005273246
-0.004669054;-0.03200126;-0.010468597
-0.003735243;-0.006851009;-0.014624878
0.0016993055;0.010144193;-0.0054499023
0.0060469443;0.011240354;0.0018900783
-0.0029749444;0.030867284;-0.023487937
0.011682545;0.005943827;0.01870965
0.023408536;0.011005062;0.02746772
0.015601829;0.011929049;0.028224176
-0.017206037;-0.027956761;0.02257934
-0.0012648298;-0.02861541;-0.0069365273
-0.016636863;-0.016642326;-0.04304922
-0.014871991;-0.0070638615;-0.034439377
0.0037274072;0.01309891;0.003698498
0.0076694256;0.0073541286;0.0029587983
0.0061355405;0.009008303;-0.010132961
-0.015404068;9.566423E-4;0.01689363
-0.002948254;0.013265314;-0.005235095
0.013266397;0.013737251;-0.010438076
0.009050617;-0.0015101992;-0.002100461
-0.017759506;0.00816684;0.01706963
-0.022020105;-0.018466527;0.007405705
-0.006678584;-0.017898222;-3.25436E-4
0.008719633;-0.0049435776;-0.04401035
7.2570634E-4;-0.010204862;-0.0039582793
0.006830565;-0.00816389;0.009333377
-0.002348048;0.015343889;0.019966701
0.010621562;0.012275111;0.009723362
0.008497249;0.0035700884;-0.0109713115
-0.0010147005;0.005981071;-0.008777048
-0.0039367606;0.0016598566;-0.013271639
-0.0031494084;-0.008047115;0.008132689
0.0131054735;-0.018937692;2.56151E-4
0.0057968786;-0.018275153;0.006454921
0.0015125029;0.0041298773;-0.013586063
-0.020664997;-0.006071098;0.0016311493
6.5550185E-4;-0.0017318785;0.02630492
-0.0010380985;0.011114497;-0.0039560646
0.014794521;0.008891597;0.028085148
0.004023117;0.003988278;0.0037181186
-0.0030315064;0.015690623;-0.003275505
-0.011800205;0.025052497;0.003629596
-0.009440164;-0.0112080015;-0.015846323
0.009635368;-0.012091401;-1.7705857E-4
-1.04205035E-4;-0.01592312;0.0123583535
-0.001645864;-0.009613497;0.009886683
-0.0028791912;-0.010815797;-0.023340654
-0.0069908528;-0.024277639;-0.012422523
-9.051824E-4;-0.0069221104;0.021311982
0.005525854;0.006962312;0.010799585
0.007545683;0.01494485;-0.0038603318
-0.009588453;0.0025808795;0.0031617344
-0.0061082626;0.008314704;0.027529387
0.00917589;0.0035267628;-0.00297649
-4.7178814E-4;-0.00655359;-0.0023811918
-0.009752431;-0.020867871;-0.008154954
0.009385556;-0.0041942974;-0.019023962
0.012195945;0.012269562;-0.00896917
0.0035067557;-0.0058093504;-0.013425336
-0.0034445955;0.01097752;0.001759731
-0.005880676;0.008782016;0.0014077849
0.0077954587;7.756126E-4;-0.011373772
-0.001576133;-0.0025045099;-0.015349017
-0.0043859063;-0.008253608;-0.012279214
-0.005071225;0.0027721138;0.0026766288
0.00688052;-0.007157309;0.002141303
0.002379416;0.009899152;0.03296304
-0.0012214673;-0.0077056778;0.007620434
0.0037103263;-0.015539542;0.0060963472
0.002968261;-0.012431634;-0.0013729223
0.003937109;-5.70307E-4;-0.0073483377
0.012524687;0.008918755;-0.00587867
-0.0071677505;0.025885003;0.0015470638
-0.013546701;0.026958004;-0.011262349
0.0047876397;-3.0859775E-4;-0.009009879
0.002267612;0.018503122;0.0052920966
-0.0106859105;0.024177497;-0.008266322
-0.021048728;-0.015033002;-3.6305815E-4
-0.016838983;-0.0057764016;-0.012790446
0.014653814;-0.004621121;0.027267642
0.042973053;-0.047446895;0.028064115
0.03437844;-0.08483252;-0.015048709
-0.019372247;-0.08349101;-0.04328897
-0.026435297;-0.035542812;-0.047131173
-0.0070857382;0.027815752;-2.0493881E-4
-0.0025435907;0.0785026;0.04358605
0.0026526274;0.094052084;0.028618839
0.005247102;0.081491664;0.022895072
0.004197682;0.04331833;-4.3394294E-4
-0.013829355;-0.012220334;-0.0065971543
-0.007938484;-0.053526267;0.013472277
-0.001663287;-0.08344601;-0.007972179
2.3187038E-4;-0.08863181;-0.031377744
-0.007627004;-0.06153045;-0.043852195
-0.007664103;-0.02422436;-0.022581756
-0.009256283;0.018120512;6.8459555E-4
-0.0011550259;0.05824641;0.019297676
-9.240207E-4;0.07159713;0.015438141
-0.0023017165;0.047902703;-1.4948707E-4
0.015346127;0.019572161;-0.00636959
0.012276901;0.01565773;-0.005095672
0.019196521;0.0062761838;0.014673463
-0.0018302831;-0.010604053;0.01173877
0.0032232734;-0.027233243;0.003141016
-0.005233881;-0.056161594;-0.028737187
0.005187895;-0.019929275;-0.0042397496
-0.0036621839;-0.015943421;-0.0221418
-0.009179747;-0.022129737;-0.00521344
-0.019843798;-0.0020787888;0.027079249
0.004437462;0.020211969;0.0216634
4.2496945E-4;0.025544574;-0.0014192812
-0.023097524;0.02043566;0.005114575
0.01902198;0.003848528;0.01034166
0.010530084;0.0062038223;-0.004226672
-0.0087634325;0.004963058;0.0028686624
0.014864254;0.010220447;0.00854493
0.016578903;0.001926357;-0.018164055
0.0038881225;-0.020333914;-0.0145312445
-0.003139502;-0.035017133;0.013375004
-0.013449102;-0.028013704;-0.014299997
-0.0013842812;-5.3596415E-4;-0.011439998
0.008267575;-4.287713E-4;0.0033480022
0.01598906;0.005906983;0.0026784018
-0.035646252;0.020350587;-0.010357278
-0.014454502;0.025655469;0.004214177
0.018123899;0.0142743755;0.028371342
-0.0026883811;0.0020445003;0.016447073
0.0056617954;-0.0046143997;-0.0055923415
-1.5806385E-4;-0.01306652;-0.016973874
-0.003251451;-0.0010782159;-0.0135790985
0.014586339;0.014762428;0.0016367212
-0.0023934287;-0.010065058;-0.011190623
-0.028477242;-0.029927047;-0.021452498
0.0037807056;-0.030191638;0.026588
0.021774564;-0.0022783098;0.021270402
-0.009142849;0.0075523523;0.017016321
-0.015126779;0.018541882;0.0011130567
0.008211077;0.039833505;-0.0053595547
0.014381361;0.025616804;0.008212356
5.675893E-4;-0.013881557;0.006569885
-0.012045928;0.017019754;-0.007244092
0.0028632572;0.0011158038;-0.012045274
0.019478105;-0.027232356;-0.009636219
-0.0031675154;-0.034285884;-0.0014589751
0.009965988;-0.014928709;-0.0011671801
-0.01077721;-0.033817966;0.011566256
-0.002371768;-0.014554373;0.0030030047
-0.0018974143;0.022731502;-0.010097596
0.007857068;0.015060201;-0.001828077
0.0031606548;0.02454816;-0.0014624615
-0.014658976;0.038388528;0.0050800308
-0.003914681;-0.0036641771;0.010314025
0.012493256;-0.021681342;0.02075122
0.016244603;0.0014049266;0.010350976
0.0020581833;0.013623942;0.014530781
0.011021547;-0.014100847;-0.013375375
0.0072547374;-0.0081556775;0.0017996996
-0.02075871;-0.006524542;-0.00481024
-0.008794468;-0.023969634;-0.022598192
-0.0039105746;-0.03480071;-0.024328554
-0.012503459;-0.009090565;-0.044462845
-0.0131277675;0.008352548;-0.016820274
0.0019977859;0.022307038;0.01779378
0.0031607286;0.05222063;0.026735025
-0.002158917;0.032401506;0.008888019
0.018585367;0.0352962;0.025860416
0.007055793;-0.0030130371;0.020688333
-0.0021678656;-0.03366043;-0.014699334
-0.0032967925;-0.064428344;-0.018009467
0.006737566;-0.051542673;0.004342426
-0.010234947;-0.03498414;-0.002776059
-0.019125458;0.0063876878;-0.014720847
-0.005925366;0.02698515;-0.0055266777
-0.012552793;0.043463122;0.026828658
-0.005354734;0.050395496;-0.0035370737
0.0050912127;0.055941395;0.003420341
0.02438547;0.022878118;0.027736273
0.027320877;-4.4750594E-4;0.0034390183
-0.0078308;-0.0066080047;-0.015998786
-0.004702139;-0.039661404;0.012200972
0.024363289;-0.03485412;0.0035107774
0.0069906306;-0.027883299;-0.009691378
-0.011594995;-0.025431639;-0.0077531026
-0.013963496;-0.01722031;-0.024952482
0.002891703;0.0018487512;-0.013711985
0.0054383622;0.032729;0.0015304115
0.02153819;0.019933201;0.019974329
-0.017144447;0.03469656;0.015979463
-0.0074655586;0.04338225;0.01903357
0.019027553;0.009705799;0.021476857
-0.0019654573;0.007764639;-0.0015685147
-0.014072366;0.006211711;-0.007504812
-0.014382892;-0.016905632;0.0064961505
-0.014631314;-0.026024505;0.01144692
0.013294948;-0.030194605;-0.015842464
0.015323459;-0.030405683;-0.0064239707
-0.014303733;-0.014949546;-0.0051391767
-0.009880486;-0.0025846371;-0.004111341
-0.006341889;0.013557291;-0.003289073
0.0011764888;0.020220833;-0.015131258
9.4119104E-4;0.038051665;-0.012105007
0.0023154528;0.046066333;0.027815994
-0.023147637;0.039978065;0.009752796
0.0033568898;-0.0023925472;-0.023447763
0.029248012;0.0012109623;-8.210781E-6
0.014023409;-0.00528123;0.02499343
-0.0075312722;-0.022974985;-0.005005255
0.011162482;-0.049629986;0.0022457961
-4.4501436E-4;-0.02407899;-0.0044533634
0.01683149;-0.019263191;-0.00981269
-0.0068473094;-0.027910553;0.0046498477
0.008584653;0.015171558;-0.002530122
-0.0040697777;0.021512246;-0.008274098
-0.009505822;0.026584797;0.005880722
-0.012292158;0.049392838;-0.0015454225
-0.014521226;0.03326427;0.011263662
-0.01786698;0.0141114155;0.0027609298
-2.3108482E-4;-0.010585867;-0.010291256
0.012315132;-0.033468693;0.004266995
0.008289605;-0.039274953;0.040913597
0.0050691846;-0.043919966;0.0014808768
0.014992848;-0.010135971;-0.0050652986
0.004181778;-0.001858777;-0.010302239
-0.016967077;0.0047629783;-0.014491791
-0.013573662;0.04131038;9.0656715E-4
-0.012421429;0.045548305;-0.011774747
0.011937857;0.014563645;0.003080203
0.0017377851;-0.0039740843;-0.010035838
-0.007984772;-0.021929268;-0.0017786701
0.0014246824;-0.023793414;0.004827064
0.0105147455;-0.015909731;-0.02738835
-0.0025257033;0.009147216;-0.003160679
0.0073544374;-0.008307228;0.016221456
0.00432105;-3.957823E-4;0.0067271655
-0.01060566;0.012183374;-0.013368268
-0.010047028;-0.021503301;-0.023194615
-0.008037622;0.0046723597;1.9430867E-4
-0.009555098;0.0037378876;0.012655447
0.0126684215;0.02799031;0.0038743576
-0.0054902625;0.04426725;0.015599486
0.01123279;0.029163798;0.0062295888
0.008986232;0.013956039;0.029983671
9.389855E-4;-0.007585169;0.0052369367
0.005438688;-0.040443134;0.01043955
-0.008149049;-0.044854507;-0.01039836
-0.0033942393;-0.023383606;-0.033318687
-0.010527891;-0.009331885;-0.0079049505
0.004077687;0.011284492;0.03117604
0.01576215;0.015277593;0.024940832
0.0047972198;0.037222076;-0.005047335
-0.011787225;0.032902658;-0.0040378678
0.021820221;0.016947128;0.015519706
0.022143677;-0.011442298;0.0061657648
-0.0041600587;-0.018528838;-0.0013173883
-0.015828047;-0.03044807;0.0114460895
-0.0064124377;-0.030608457;0.009156872
0.02299505;-0.018236766;-0.017674502
-0.02535396;-0.0083394125;-0.039139602
-0.014033169;-0.01292153;-6.16818E-5
-0.0065390347;-9.6222374E-4;0.012450655
-0.011481227;0.03985522;-0.027539477
-0.009184982;0.03188418;-0.022031581
0.011402015;0.03175734;0.007374735
-2.533885E-4;4.0587314E-4;0.018399788
0.0013597892;0.0065746987;-0.01653017
-0.008287169;0.0021347587;-0.025724135
0.0027452651;-0.023292193;-0.014329309
6.3371204E-4;1.1624564E-4;0.026036553
-0.01199303;-0.009282003;0.0083292425
-2.1942428E-4;-0.007425603;4.1339407E-4
-1.7553942E-4;-0.0028154822;0.006580715
0.013922068;-0.0022523857;0.0052645723
0.026762655;0.0075730914;0.010461657
0.019847624;-0.006441527;0.008369327
0.003378099;0.010471779;0.012945461
0.0073899794;0.008377423;0.004106369
-3.380166E-4;-0.008923062;-0.002964905
-0.020582912;0.014736551;-0.021121925
-0.011778831;0.03053924;-0.010647539
-0.0047355643;0.030681392;-0.014768031
0.011836548;0.024545114;0.025685575
0.01884424;0.016511092;0.02679846
-0.005237109;-0.021166127;0.0026887679
-0.013564687;-0.0356829;-0.004098986
0.0047732503;-0.03479632;-0.028279189
-0.0024314;-0.018462056;-0.02887335
0.01055488;-0.014769645;0.02065132
0.019381404;-0.0055657164;0.016521055
-1.19876706E-4;-0.004452573;0.019466843
-0.007908401;-0.012937059;0.009323476
-7.6721095E-5;-0.013474647;0.019958781
0.006188623;0.017345283;-0.0027829758
-0.016924102;0.026376227;-0.027226381
-0.015101781;0.033600982;-0.0030311043
-0.010518925;0.020630784;0.0100751165
-0.01154014;0.0071296277;0.008060093
1.4288802E-4;-0.0036712978;-0.0060519255
0.01573931;-0.0029370382;-0.017341541
0.007903948;-0.01172463;0.011126768
0.0016356587;-0.050004706;-0.009848586
0.013808527;-0.033753764;-0.0016288686
0.0063593215;-0.04887801;0.004946905
-0.008975043;-0.014102409;-0.008542476
-0.021242535;0.016843073;-0.03183398
