0.036805607;0.022357304;0.0014861865
0.016163237;0.013198343;0.013688949
0.0066805896;0.0043086745;0.02970116
0.019406972;-0.02311556;0.0050109276
0.0053693275;-0.01849245;-0.014741258
-0.006642038;-0.024168959;7.0699357E-4
-0.015469881;-0.033397667;-0.011934405
-0.037375905;-0.029843133;-0.003297524
-0.031463224;-0.022312006;-0.008888019
-0.011889329;-0.016287105;-0.019610416
0.007676037;-0.028654685;-0.015688332
0.01629708;0.0036387525;0.031199334
-0.015868586;0.0575985;0.043709468
5.863809E-4;0.0585788;0.016217574
0.012187854;0.04686304;-0.012025941
0.019125285;0.040615432;0.009129248
0.027018977;0.034054846;0.032303397
0.013802682;0.028806377;8.4271823E-4
0.007135895;0.0027326017;-0.011825825
0.015083716;-0.016563918;0.00928934
0.004254473;-0.016376134;0.013681471
-5.026716E-4;0.022836592;0.0046951775
-0.0074333875;0.027644273;0.010006142
-0.01766546;0.04399042;-0.0044950866
-0.016476117;0.033629835;-0.009846069
-0.009274644;-0.002783632;-0.014126855
-0.008982215;-0.036601905;-0.011301484
6.2672765E-4;-0.054281525;-0.0027911875
-0.0034048678;-0.04498772;-0.00848295
-0.0011613943;-5.267562E-5;-5.3635996E-4
0.010789635;0.03902036;0.018320912
0.008631708;0.031216288;0.01465673
0.024092866;0.035910532;0.0054753837
0.032555543;0.006853424;0.023130307
-0.016143065;-0.010142261;-2.4575443E-4
-0.018383203;-0.03936381;0.012303396
-0.017050313;-0.04711605;-0.0026572829
-0.0269215;-0.05956784;-0.039625827
-0.00981845;-0.05546677;-0.03795066
-4.2259762E-5;-6.23416E-4;-0.03036053
0.005434942;0.015126267;7.1157695E-4
-0.014402046;0.021476014;0.0068192617
0.03222836;0.04686831;0.024205409
0.03515769;0.07343215;0.038114328
-0.0062488476;0.013433219;0.005491462
0.004375922;-0.050190926;-0.02685683
0.009750738;-0.05734024;-0.033985466
0.00389434;-0.03649719;-0.0021883715
-0.004697028;-0.030760253;0.0044993027
-0.03657012;-0.018358203;0.016099442
-0.04409985;-0.020936562;-0.018370446
-0.035279877;0.01918825;-0.008446357
-0.017286403;0.0622256;0.011992915
0.0017958778;0.03259298;-0.015405669
0.010811702;0.012011884;-0.018574534
0.008649362;0.0033595073;0.010140372
0.028013239;0.0026876058;0.008112297
0.009129342;-0.019724915;0.006489838
0.022928473;-0.018904932;-0.01355813
0.0050615286;-0.018248945;0.0016534964
0.0017054729;-0.030224157;0.013822797
-0.0064481217;-0.022616826;-0.0076917624
0.012029002;-0.02434346;0.0063465904
0.008060702;-0.035099767;0.017577272
0.006448562;-0.009329814;0.0015618177
0.0051588495;3.4864835E-4;0.0012494542
0.009595829;0.026841419;-0.030250438
-0.0071670865;0.030848134;-0.0054503493
-0.025264919;0.03249101;0.0018897206
-0.024118185;0.044742808;-0.0047382237
-0.0075757983;0.007669245;-0.0037905788
0.009564362;-0.032927103;-0.0030324631
0.009213989;-0.06852918;0.01632403
-4.413087E-4;-0.08919834;5.5922364E-4
-0.0151967965;-0.051046178;-0.018302621
-0.027782438;-0.029899443;-0.027142096
-0.00660095;-0.014544553;-0.015463677
0.01346924;0.04930186;0.037629057
0.014681642;0.08475398;0.023853246
0.025026564;0.086553186;0.025332598
0.031740002;0.07705505;-0.0047339224
-0.0074204993;0.01789404;0.002462862
-0.0231239;-0.043497268;-0.02927971
-0.01615537;-0.07229781;-0.029673768
3.5695435E-4;-0.07658825;-0.017489014
-0.0075269365;-0.053458102;-0.0014912117
-0.0021152992;-0.02089148;0.011307031
0.0022140106;-0.019838184;0.021545624
-0.0044787917;0.018504452;0.0047365
-0.012958033;0.053866062;0.0100392
-0.011928926;0.06028035;-0.0044686403
0.009206858;0.032599278;0.015175087
0.013615487;0.040141925;0.02464007
0.02807989;0.030551039;9.620562E-4
0.020120163;-0.005246669;0.007019645
0.02000238;-0.029197335;-6.3428405E-4
0.0027206535;-0.040545367;-0.013007428
0.0021765227;-0.044936296;-0.004155942
-0.027165031;-0.021886535;0.021675246
-0.023294525;0.0059282715;0.017340198
-0.03191687;-0.014007383;-0.023627842
-0.025533495;-0.017455906;-0.031402275
-0.014958047;-0.004589725;-0.012621819
-0.014310188;0.03070322;-0.010097455
0.0119893495;0.049562577;0.023172036
0.02834148;0.05527506;0.043537628
0.038298182;0.037970047;0.003580103
0.017357297;-0.005561461;-0.028385917
0.009979588;-0.010699169;-0.016458735
0.011889921;-0.028871834;-0.0069169872
-0.006113064;-0.07309747;-0.00553359
-0.008796701;-0.06472798;-0.023176871
-0.014068611;-0.05334488;-0.049791496
-0.008129889;-0.033300903;-0.027333198
-2.5391096E-4;-0.003203223;0.0031334416
-0.015828129;0.045874923;-0.0037432467
-9.43753E-4;0.06638744;0.022005403
-0.0062237526;0.07498495;0.036354322
0.012208498;0.06155046;0.010333458
0.0074230484;0.013302868;-0.0042332336
0.009844689;-0.020607706;0.015363413
0.002407001;-0.047736164;0.0060407305
-4.181492E-4;-0.052251432;-0.020167416
-0.008147019;-0.041801147;-0.0036339327
0.018482385;-0.005315916;-0.009157146
0.009317158;0.009809767;0.005174283
0.0035474761;0.015660314;0.029139426
-0.004974519;0.04377825;0.01706154
0.011645385;0.038147602;-0.011350767
-0.0102149425;0.04770558;0.0034193865
0.012921796;0.013164464;-0.0035144908
-0.012318813;0.012094071;0.015938407
-0.01766755;-0.0012622428;-0.005999274
-0.01804029;-0.029134795;-0.023549419
-0.008182232;-0.035807837;-8.9535475E-5
4.8546417E-4;-0.041146267;-0.0063216286
0.0066383714;-0.028229514;-0.005057303
-0.0103143025;-0.008521112;-0.004045842
-0.012157693;-5.6688936E-4;0.009263326
-0.009726154;0.021421488;-0.005089339
-0.007780923;0.01713719;-0.0040714713
0.014869012;0.012147252;0.002992823
-0.005292291;3.4280212E-4;0.014894258
0.0152974175;0.017461741;-0.006834593
0.009894184;0.032719392;-0.0054676747
0.014165347;0.026175514;0.00812586
0.012894778;0.03812791;0.0065006884
0.011878322;0.02112733;0.03645055
0.013408908;-0.0065356363;0.01666044
-0.0064603738;0.011958991;0.013328352
-0.002824549;-0.0013703073;-0.033087317
-0.031165889;-0.032346245;-0.020219855
-0.013213961;-0.057126995;-0.016175883
0.004272581;-0.016014097;-0.006690707
0.019043066;-0.03468628;8.974345E-4
-0.0042967983;-0.030874023;7.179476E-4
-0.0010936885;0.0065507824;0.006824358
0.006937549;0.034928124;0.030459486
0.011018789;0.05138;0.005617589
-0.008372469;0.059854;0.023244072
-0.023885475;0.0181957;0.012345257
-0.0073896297;-0.0057559395;-0.015123795
-0.004349204;-0.02647975;-0.018349035
0.013708137;-0.033683803;-0.027179228
-7.522405E-4;-0.044134542;-0.009243383
0.0017419576;-0.044682633;-0.0073947064
0.005299816;-0.016996106;0.006584235
-0.002010147;0.016090615;0.024017388
0.015579382;0.026934993;0.019213911
0.006994756;0.057485495;0.0028711283
-0.019404195;0.035050895;-0.010203097
0.0055703935;0.024915716;-0.014412478
0.027893815;0.0027450726;0.013470017
-0.008934948;-0.004053942;-0.020473985
-0.0071479585;-0.018868154;-0.022629188
-0.011187117;-0.0025945227;0.02564665
0.0043315566;0.013549382;0.014267319
0.0034652452;-0.006347995;0.0051638554
0.012147197;-0.0035158957;-0.0021189158
0.015967757;-0.0043752166;0.0045548673
0.008867956;0.0027498268;0.016143894
-7.181355E-4;0.014699861;4.1511518E-4
-0.025574509;-0.027302612;-0.012167908
-0.032178357;-0.012467089;-0.028484326
-0.015586436;0.010338829;-0.010287461
8.121017E-4;-0.007353937;0.004270031
0.013930932;-0.02150815;0.022166025
-0.004480255;-0.0078315195;0.02398282
-0.0012404539;0.015609784;-0.024563745
0.020101387;0.024987828;-0.025900995
0.010612359;0.023115262;0.016779203
0.0022398876;0.02317971;0.025923364
-0.01695809;0.018543767;0.020738691
-0.009660222;-0.002352486;-0.0084090475
0.013365572;-0.014381989;-0.012977238
0.013817458;-0.028693091;0.0021182096
0.007928967;-0.030766973;-0.0045554326
-0.0014693269;-0.04648858;-0.009894346
-0.0011754616;-0.035628363;-0.020415477
-9.403692E-4;-0.02850269;-0.01633238
-7.5229537E-4;-0.022802152;-0.013065905
-6.018363E-4;-0.018241722;-0.010452724
-4.8146903E-4;0.0025941227;-0.020862179
-0.0042914255;0.0411378;-0.004189743
-0.00577689;0.025097739;0.015398205
0.018815989;0.020078192;0.018568564
0.01114654;-0.0073749474;0.027354851
-0.006707768;-0.038712457;0.0031338811
-0.030366214;-0.052844968;0.015007105
0.0030507785;-0.032900974;0.005755684
0.015721872;-0.015383278;0.023354547
-0.010860002;0.0017558773;-0.031316362
-0.025875501;0.031092202;-0.01255309
-0.008981651;0.052998763;-0.003792472
-0.007185321;0.05958651;-0.0030339775
-2.795067E-4;0.033606708;0.010072818
-0.009598605;0.008135366;-0.010691745
0.015758615;0.0018207927;-0.008553397
0.03370064;-0.018855866;0.0056572827
0.019148014;-0.016647194;0.0045258263
-0.0018690887;-0.018005254;0.02862066
6.7229E-5;-0.012841703;0.035396527
-0.011664967;-0.024335863;-0.002932777
-0.030425724;-0.03978119;-0.014846222
-0.01652808;-0.003699952;-0.030626977
-0.014784963;0.020477539;-0.024501583
-0.02120297;0.01325703;0.011648734
-0.0075873765;0.019980624;0.0030689877
0.001742599;0.0253595;0.00245519
0.024050329;0.026537599;0.020714153
0.027052764;0.02904258;0.010321322
0.009923461;-2.034362E-4;0.014507057
-0.009248732;-0.01891275;0.0116056455
-0.008961485;-0.0307552;-0.0032154834
0.010018311;-0.018354159;-0.033822387
0.0212959;-0.020933328;-0.020807909
-0.0024945305;-0.007371662;-0.010396328
-0.0059018745;0.030040171;0.022932937
0.0069972505;0.056844637;0.0058463505
0.02512905;0.06891321;-0.0015729197
0.02400949;0.055130567;0.017491665
-0.005792408;0.017541954;-0.0047566686
-0.024165176;-0.004716437;-0.003805335
-0.024800891;-0.04439815;0.009455732
-0.0026532128;-0.06989352;0.032564584
-0.00759132;-0.091852315;-0.0051983315
0.008770694;-0.09535685;-0.047908664
0.016391555;-0.03722298;-0.025826933
0.028738244;0.046784114;-0.0019115458
0.005803095;0.10305229;0.023470763
-0.0047325236;0.09650433;0.01877661
-0.006129769;0.08189096;0.015021289
-0.004903815;0.06551278;0.012017031
-0.003923052;0.05241022;0.009613625
-0.0031384418;0.041928176;0.0076908995
0.017020497;-0.07426996;0.01240272
0.0018976473;-0.090665966;0.0036721758
-0.017231882;-0.077220276;-0.028312258
-0.0044105058;-0.04458872;-0.022649808
0.025377845;-0.024733476;-0.005619846
0.0101460265;-0.0010367805;0.0017541233
0.0026480712;0.056983076;-0.011096701
-0.013506543;0.05183646;0.009872639
-0.029555235;0.061781667;0.007898111
0.0052620624;0.041612834;6.848887E-5
0.0081159;0.0067277676;0.01880479
0.00805522;-0.007117786;0.0025438329
0.004881676;-0.016631728;-0.0042149336
0.01874909;-0.057055384;0.002878053
0.013436773;-0.0800193;-0.0039475574
-0.014250582;-0.07182795;-0.034408048
-0.015306716;-0.030899856;-0.027526436
-0.029432872;0.026842615;0.009228851
-0.019640047;0.08709909;0.00738308
-0.010243288;0.077491775;-3.4353568E-4
0.008992869;0.06355592;-2.7482852E-4
0.022819296;0.0070947353;0.012280137
0.015911687;-0.020886712;-0.0026758902
0.0033543492;-0.026084369;-0.0021407122
-0.009035271;-0.045867495;-0.020462569
5.8428344E-4;-0.053881496;0.002379944
-0.0010950733;-0.014980197;-0.016846044
-0.012594809;0.0036408422;0.0052731642
-0.015544597;0.024787674;0.0042185313
-0.008529427;0.043267637;0.015874825
-0.005261042;0.02055161;-0.0060501397
0.016884916;0.007066289;0.013909888
0.017414182;0.010340531;0.017377911
0.017837597;-0.018290075;-0.004847672
0.014270077;-0.05056956;0.0023718628
-0.005771438;-0.03889315;-0.02310251
0.0086640995;-0.0076770186;-0.012232007
-0.00869372;0.007920885;0.008964393
-0.0046112263;0.025086708;0.019671515
-0.01697023;0.024756867;0.015737211
0.003611315;0.016680494;0.0063397693
-0.0010171979;0.032094393;0.023821816
-0.024251258;0.036613017;0.019057453
1.3024334E-4;0.026165413;0.015245962
0.0040104445;-0.00719267;-3.032304E-4
0.031333357;-0.033879135;-2.4258431E-4
0.010222934;-0.031790808;-0.03144407
0.0027095976;-0.03480765;-0.018905254
-0.0040823217;-0.024721118;-0.021374203
-0.0032658575;0.014598106;-0.023349363
0.005199814;0.047615986;0.00632051
-0.0169339;0.028717788;0.011306408
-0.005734619;0.0073492303;-0.0034548736
0.016506055;-0.020683115;0.009736101
0.0014860939;-0.046233993;-0.010961119
-0.0042798747;-0.057299696;-0.0025188953
-0.0018614;-0.047402255;-0.014515116
-0.01086412;-0.012921805;-0.005362093
-0.016503796;-0.013462444;-0.010539674
-0.005390537;0.0017300453;0.02281826
-0.00821868;-0.014240963;-0.012995391
-0.027668694;-0.011392771;-0.010396313
0.0067712953;0.019010784;0.004182949
0.022604536;-0.0019788735;0.0033463596
0.018083628;-0.0375206;-0.016072912
0.0050919033;-0.017516479;-0.01285833
0.011104773;0.006299317;0.002213336
0.016696317;0.037851952;0.014270669
-0.011642946;0.024031563;0.0051665353
-0.0030643565;-0.0010872498;-0.0021167719
-0.006357735;-0.0102448;-0.0016934176
-0.0074299383;-0.014445839;0.017395265
-0.0129752;-0.009994172;0.0014162128
-0.02209891;-0.012682837;-0.0113670295
-0.0059603783;0.01016623;0.003406376
-0.0016433026;0.050320484;0.0027251008
0.010404108;0.03244389;0.020930082
0.010667036;0.03376761;0.022994064
0.004627379;0.003576588;0.012145252
-0.0041105966;-0.03463873;-0.027783798
0.009992773;-0.037085984;-0.009727039
0.027525468;-0.018731287;0.004718369
0.011864125;-0.013422529;-0.002475305
0.0024600495;-0.0076130237;-0.014480244
-0.01756321;0.012659581;0.007165805
-0.027331818;0.030440165;0.005732644
-0.0031154547;0.03841463;-0.014163885
0.014695136;0.013544206;-0.005081108
0.011756109;0.0045853644;0.020935114
0.0023736372;0.01616829;0.004248091
-0.01372609;0.0066846334;-0.021601528
-0.014887122;-0.0024647934;0.007718778
-0.013472198;-0.034784336;-0.012574977
-0.006871508;-0.065327466;-0.003809982
0.0077840434;-0.025699474;-0.009297986
-0.007054015;-0.009622079;0.01756161
-0.0040807123;0.011052337;0.007799289
0.00611043;0.04165437;-0.0062605687
-0.002924156;0.0645735;0.0074915453
-0.015620574;0.06884629;0.012243236
-0.008590209;0.030077036;0.016044589
0.018127833;0.0068741296;0.012835671
0.022314766;-0.033563197;-0.014731463
0.015508062;-0.033100557;-0.01178517
-0.0047810497;-0.037417945;-0.009428136
0.01023766;-0.058059357;-0.0012925091
0.017565127;-0.032384984;0.011465993
7.7085244E-4;0.027217012;-0.015827205
-0.018914567;0.03271111;-0.018911764
-0.019037904;0.024606388;0.009870588
-0.016792823;0.01968511;0.02664647
0.015471991;0.03762309;0.0025671765
0.010033843;0.009785971;0.0020537411
0.008027074;0.007828777;0.001642993
0.010327909;0.003138021;0.0013143944
0.016074827;0.0025104168;-0.0051984843
0.008953612;0.0051333336;-0.010408788
-0.0123683605;-0.016205832;0.00417297
-0.019269688;-0.020777166;-0.009161624
-0.0208845;-0.033809233;-0.0010792993
-0.0073326007;-0.017672386;-0.025863439
-0.0058660805;-0.0063254093;0.0043092486
-0.008599115;-0.04568533;-0.021552602
0.010308209;-0.019360762;-0.02974208
0.012152817;0.03138639;-0.005043665
0.008159754;0.03760911;0.03346507
0.008090302;0.04883729;0.014272055
-0.0029027578;0.018757332;0.036417644
0.0054902937;0.011880865;0.022884116
-0.005764015;-0.020182807;-0.012942708
0.012576288;-0.042708747;0.0021458336
0.0045922804;-0.057604495;-0.023283333
-0.018982425;-0.066396095;-0.043626666
-0.0042484407;-0.018741878;-0.022401333
0.006757498;0.031881496;8.2893344E-4
-0.015687753;0.028630199;0.019413147
-0.016456451;0.061966658;0.021780517
0.0016785888;0.052698325;-0.013825586
0.03024912;0.03747116;0.038939532
0.029668046;0.028414428;0.024901625
-0.016109312;-0.039768457;0.0011713
-0.00507495;-0.047439765;-0.00531296
0.0037525399;-0.022326812;-0.023000369
-0.011060468;-0.02567395;-0.0059002945
0.009120376;-0.00960166;0.014029765
0.0033900505;-0.004556328;0.017473811
-0.0011942097;0.029167438;-0.004770951
6.071323E-4;0.02333395;0.008683239
-0.014358045;0.02335466;-0.0055534085
-0.011486435;0.012433728;-0.016942726
-0.009189148;0.0068219826;0.017695818
0.02311743;0.017957587;0.020406654
0.014587695;0.011241069;0.003825324
0.007763906;0.030867854;0.02181026
0.0077736247;0.010631784;0.011198208
0.0030939;-8.695728E-4;-0.022291435
-0.0014311301;-0.04132066;-0.011583148
-0.008957404;-0.065869026;0.015733482
-0.0071659232;-0.052695222;0.0125867855
-0.0057327384;-0.04215618;0.010069429
-0.006929941;-0.039974943;-0.004444457
0.008518548;0.035207547;-0.028555566
-0.011153912;0.06879104;-0.010344452
-0.0050168796;0.08159533;0.016724437
0.020986496;0.054338764;0.03212955
0.026164196;0.03722101;0.0132036405
0.013900108;0.006339309;-0.014437088
-0.004504914;-0.038678553;-0.030299671
-0.034072682;-0.057505343;-0.024239736
-0.013976895;-0.053816773;-0.03189179
-0.020556515;-0.04617842;-0.013013431
-0.0031639629;-0.026005235;0.002089255
-0.01034367;0.027633311;0.0016714041
0.007350064;0.05960665;0.020087123
-3.6994892E-4;0.07893532;0.0160697
0.013766541;0.06314825;0.031605758
0.020388233;0.027081104;0.025284607
6.855861E-4;-0.0017726164;-0.011022314
0.004454719;-0.015480593;-0.015067851
-0.0058112247;-0.049884476;0.006695719
0.00472602;-0.06022008;-8.934249E-4
-0.013406684;-0.079426065;-0.01321474
-0.022444097;-0.04479085;-0.029321792
-0.0077990275;0.015729818;-0.0047074337
-0.003114222;0.032896355;0.014984054
0.0014148722;0.041942086;-5.1275745E-4
-0.026993101;0.04761617;0.018339794
0.008874268;0.053717934;-0.010328164
0.045380663;0.03984935;0.0042374684
0.019117031;-0.0024955224;0.0033899746
0.007481125;-0.044183917;-0.0035380204
0.0231724;-0.052534636;-0.0028304162
0.01072542;-0.059215207;0.003985667
-0.006263414;-0.050497167;0.009438533
4.5801894E-4;-0.018522732;-0.042449173
-0.015258585;-0.0132556865;-0.027709339
-0.023144368;0.011270451;-0.0034174707
-0.014609245;0.04026636;0.009766024
-0.014031146;0.04627559;0.02656282
-0.022943666;0.04483297;0.008750255
-0.014448683;0.020241376;0.007000204
1.5980353E-4;-9.943986E-4;-0.019399837
0.021221593;-0.016420519;0.009480131
0.028696025;-0.045948915;-0.0049158954
0.03780057;-0.041446634;0.0023172835
0.0036779556;-0.039407305;0.0018538268
-0.010338886;-0.008088345;-0.023516938
-0.01608361;0.034154326;-6.3550826E-5
-0.012866886;0.04138596;0.02494916
-0.02591851;0.019046267;0.013709327
-0.0066723074;0.012112014;0.0047174618
0.0016934039;0.023752112;0.010023969
0.011510973;-0.010685811;-0.010730824
0.0053025284;-0.03667365;-0.014834659
0.009710773;-0.04808892;-0.0056177275
0.0022998683;-0.055658635;-0.04199418
0.009652395;-0.014839408;-0.008595346
0.0053781657;0.036565974;-0.013126276
-0.024603717;0.03081528;0.026998978
-0.046245474;0.024652222;0.021599183
-0.006527629;0.029096778;0.029779347
0.033059146;-0.0017225773;-0.019926524
0.013166067;-0.037315562;-0.015941218
-0.008217146;-0.025164949;-2.5297463E-4
-0.006573717;-0.020131959;-2.023797E-4
-0.0036964735;0.019831933;-1.6190376E-4
0.014230321;0.014303046;-0.012629523
0.009821757;0.022379937;-0.010103619
-0.0038613444;0.05384145;0.004417105
-0.0030890754;0.047760658;0.028533684
0.01080999;0.019458527;0.016576948
0.014116742;0.010879322;7.615579E-4
0.019105893;-0.025671542;6.092463E-4
0.023097215;-0.048662234;4.8739705E-4
0.013009022;-0.018617287;-0.018360082
0.015875967;-0.02270633;0.016561935
0.039263275;-0.013477564;0.019499548
0.020473119;-0.002969551;0.015599638
-0.0031527546;0.022624359;-0.00627029
-0.032990955;0.013411988;-0.030016232
-0.04983026;-0.03302041;-0.042762984
-0.04689546;-0.043603826;-0.015460389
-0.016422618;-0.027070563;-0.024868311
-0.019388095;-0.01853145;-0.013644649
-0.009260476;-0.03201266;0.0015842812
-0.00975213;-0.027172629;0.013767425
0.017198296;-0.0045506023;0.01101394
0.030946136;0.011984518;0.015061152
0.007569409;0.011150114;0.018298922
-0.0033194728;0.032357592;-0.004110863
-0.004999328;0.022761073;-0.0032886902
-0.022749463;0.038521357;0.022369048
-0.02054332;0.029254587;0.017895238
-8.09656E-4;-0.00784633;-0.010683809
-6.4772484E-4;-0.031277064;-0.021047048
-0.01379943;-0.007834151;0.020662362
-0.0094770435;0.028107679;0.010279889
0.008043365;-0.004076357;0.014473911
0.006434692;-0.0032610856;-9.2087063E-4
0.014522754;0.030203631;-0.0069866967
0.010055703;0.046037905;6.606428E-4
0.0041383123;0.047767825;0.013028515
0.01112315;-0.016473241;-0.008327189
0.02374227;-0.03192859;-0.006661751
0.018993815;-0.022417873;-0.011579401
0.015195053;-0.0179343;-0.00926352
0.012156042;-0.01434744;-0.0074108164
-0.0051189163;0.02914705;0.006571347
-0.011907633;0.029567638;-9.929226E-4
-0.0134323565;0.03459161;-7.94338E-4
-0.0013708852;0.02923579;0.01186453
-0.012815458;-0.004736369;-0.0030083763
-0.0063461163;-0.011601595;0.010093299
0.018360607;-0.0014687761;0.008074639
0.010782235;0.03163748;0.006459711
0.0031570385;0.028434983;-0.007332231
-0.0013806194;0.022747986;3.8421524E-4
-0.0073544956;0.01038589;0.025307372
3.6640363E-4;0.011433711;0.007745898
0.0018556229;-0.025228031;-5.3281798E-5
0.034296997;-0.037369926;-0.0062926253
0.021187598;-0.01114594;0.0074658995
-0.005706171;-0.010479252;-0.01277728
0.012622563;0.027554099;0.008528176
-0.010995699;0.020480778;0.0068225404
-0.02442156;0.027322123;-7.919675E-4
-0.047662247;0.023420198;-0.013133574
-0.013129798;0.0109236585;-0.0042568594
-0.0011288385;-6.36073E-4;-0.015905488
0.016284429;-0.016133858;0.00602561
0.014590044;-0.023844587;0.017320488
7.345347E-4;-0.014388169;0.0076063904
0.019337628;0.015051965;-0.012664888
0.020938853;0.012041572;-0.0038819101
0.009719832;0.020570757;-0.0031055282
-0.013317885;0.0023941058;0.016265577
-0.023935558;0.030040285;5.1246205E-4
-0.0058671962;-9.6777227E-4;4.0996962E-4
0.016399993;-0.04764922;-0.012172025
0.020151244;-0.024056874;-0.0034876193
-0.0041915043;0.0088795;-0.009040096
-0.0033532036;0.0055411006;0.017767923
0.014504937;0.00599538;0.007964339
0.00535395;-0.0030161957;0.012621471
-0.02462309;-0.010225456;0.003847177
-0.0017297221;-0.0034928652;-0.0031722586
-0.007633778;-0.013731793;-0.008787807
-0.011575772;-0.018797934;0.011719755
-0.0014481178;-0.010350847;0.009375804
-0.020689745;-0.03640568;-0.0049993573
-0.012645545;-0.022874542;-0.022749485
-0.008553936;0.017637866;0.0068004113
0.004875601;0.032860294;0.01794033
0.0023379808;0.027850734;0.014352263
0.0057766344;0.009780588;0.0052318107
7.150577E-4;0.00313697;-0.033314552
0.008384546;0.024384577;-0.0016516412
0.008270137;0.0038826608;0.017428687
0.0027098595;0.028106129;0.00769295
0.009980388;0.028734904;-0.01884564
0.02126556;0.0104879225;0.0036734878
-0.011893802;-0.013484662;-0.01581121
0.0061099585;-0.03110023;0.024851032
-0.004487033;-0.032692682;0.007380826
-0.009839627;-0.052716646;-3.4533942E-4
0.0022845487;-0.032798316;-0.03152627
0.003390139;0.0018863459;-0.025221018
-0.012912889;0.032759078;0.011073186
-0.011892811;0.03401976;0.002608549
-0.030607998;0.006903309;0.0020868392
-0.005736399;0.013335147;-0.0045805285
0.013379631;0.010668118;-0.009914423
0.020078704;-0.013340506;0.010818462
0.027000464;-0.018484905;0.033654768
0.0012878709;-0.017912924;0.0144238155
-0.0028759532;-0.022142839;-0.013460947
-0.0046445127;-0.009901771;0.0017312419
-0.01152811;-1.08916916E-4;-0.0048650065
-0.018597487;0.0077253664;-0.010142005
-0.01878424;0.009305293;-0.020613603
0.008410107;-0.0050557656;-0.010240884
0.006728086;-0.0040446124;-0.008192707
0.005382469;-0.0016731899;-3.0416533E-4
0.005868475;0.026786448;0.024756668
0.0031322802;0.008929159;0.0073053343
0.002505824;-0.0147316735;-4.0573266E-4
-0.004245341;-0.01803534;-0.006574586
0.0028537274;0.005884229;9.90331E-4
-6.0768074E-5;0.012519883;-0.005457735
0.017138885;0.010015907;0.0018838119
0.021523608;0.0017627253;0.0077570495
0.013312637;-0.0064023198;-0.01254436
0.009087609;0.026128145;-0.0037854882
-0.0083549125;-0.0040974845;-0.009278391
-0.02387143;-0.015777988;0.0050772876
-0.020659644;-0.01574739;0.02906183
-0.016527716;-0.011035413;0.010749464
0.010996578;0.01929667;-0.016400428
0.012703512;0.026374836;0.011879657
0.02188156;0.003912369;0.0032537256
-0.009057252;0.017192395;0.0026029805
-0.0033395516;0.010628916;0.0020823844
0.025453359;-8.7186706E-4;0.0016659074
0.003175187;-0.0053849937;-0.004917274
-0.0013661005;0.009754505;0.0023161808
-0.01984288;0.017178604;-0.016897056
-0.014311804;-0.009694616;0.011482356
-0.011449443;-0.010880694;-0.009564116
0.0025591953;0.014732946;0.029848708
0.0020473562;0.028973857;0.011378966
0.014919135;0.034116585;0.009103172
0.011935308;0.027293269;0.0072825383
0.009548246;0.021834614;0.005826031
0.006076097;-0.023157308;0.017160825
-0.024045372;-0.026338346;-0.011271341
-0.013767548;-0.030445678;-0.015267072
7.047117E-4;-0.010294042;-0.005963658
-0.0072487304;-0.012922734;-0.004770926
-0.028455235;-0.018150687;0.002433259
-0.021201687;0.01516695;-0.004303393
0.00803865;0.04650856;0.009057286
0.01971217;0.023144348;0.0072458284
0.011863486;-0.0033595213;-4.5333712E-4
0.0024595389;-0.008937617;-0.019112669
-0.02303237;-0.014962594;0.009709864
0.008136605;-0.002595075;-0.023482108
-0.018490717;-0.01457606;-0.012535687
-0.008542573;-0.014785848;0.0024714505
0.0041034417;0.0037963216;0.0019771603
0.028282754;-0.0032129427;0.0015817283
0.0038762027;0.0021171458;0.0012653826
7.572121E-4;0.0016937166;0.013512306
0.02716827;0.027917473;0.017059844
0.020172115;0.027021479;0.007397876
-0.016674807;-0.0033828171;-3.3169927E-4
-0.024277346;-0.018331254;-0.03151536
-0.015515626;-0.002165003;-0.0064622876
0.0047749984;0.0029554977;0.0135801695
-8.625111E-5;-0.013260602;-0.020385863
-0.015694002;-0.029358482;0.0024413087
-0.012555201;0.0030757147;0.008203047
0.01339334;0.03527307;-0.018437563
0.025558421;0.020405957;0.01649995
0.020446736;0.008512266;0.01319996
0.01088864;-0.015065188;-0.008190032
-0.0030078383;0.0051353504;0.012197974
-0.0063125207;0.0041082804;-0.0027416204
-0.016768767;-0.024838375;-0.008443296
-0.020446263;-0.0089332005;0.005745363
0.011767989;-0.01808406;-0.0016537097
-0.005429358;-0.006654748;-0.026322968
-0.010593487;0.008738701;-0.014808374
0.009493961;0.01636596;0.0069033005
0.010720168;0.02246777;0.036772642
0.005451135;0.013286715;0.016918112
-0.0057953424;-0.020620627;-0.01146551
-7.300237E-4;-0.039934002;-0.0154224085
-0.004490269;-0.0335097;-0.031087926
0.025314035;-0.022120262;0.006379659
0.016344978;-0.005196209;0.011353727
-0.008017768;-0.0010319673;-0.009667018
-0.018132964;0.024174426;0.011016386
-0.019975122;0.03340204;0.0025631082
-0.008167597;0.023596633;0.0020504866
0.023934672;0.009502307;0.0016403893
0.0097727375;-0.018960655;0.02006231
-0.0078068096;-0.024543524;-0.002700151
-0.014057947;-0.021197319;-0.00841012
-0.011246358;-0.016957855;-0.031728096
0.018346664;-0.010441285;-0.031632476
0.01233358;0.0041469727;-0.006555982
-0.0010706354;0.004880078;0.0010052145
0.006174742;0.005466562;0.013304172
-0.009903956;0.03249825;0.023143338
-0.032923166;0.0134986;0.03101467
0.006473968;0.00454888;-0.012688264
-0.004977076;-0.029173397;-0.02265061
-0.011012911;-0.035838716;0.006879511
-0.0056853285;-0.0036709735;-0.0069963913
0.0056079873;0.0048757214;6.5288704E-4
0.02167389;-0.002349423;0.0067723095
-0.020942139;0.009057961;-8.321523E-4
4.3378945E-4;0.01193387;-0.006915722
0.019097032;0.011109595;0.0069674226
0.025433876;-0.0020498238;0.011823938
0.01019085;-0.01726486;0.0032091504
-0.02231607;-0.012249387;-0.0036826797
-0.027227856;-0.01136201;-0.009196144
-0.008501035;-0.007527108;0.005143085
0.0010116722;-0.015396686;0.004114468
0.015653089;-0.0013798489;0.009541575
0.01252247;-0.0011038792;0.0076332595
-0.0048257736;0.025679396;0.0061066076
0.005514381;2.3101733E-4;-0.013864714
0.0044115046;-0.029502686;-0.004841771
-0.0042832964;0.004522851;-0.003873417
-0.007332887;0.005180781;0.0031512664
-0.00977256;0.0025821247;-0.016228987
0.0078069526;-0.0135593;-4.8318945E-4
0.015620562;-0.02490994;0.0058634486
-0.014066051;0.0035095478;-0.020309241
-0.0034403403;0.027807638;-0.003747393
0.029278977;0.02537111;0.009502086
0.021860681;0.029671889;0.0076016686
-0.005167704;0.026862511;0.006081335
-0.014290414;-0.0019474913;0.023615068
-0.011432331;-0.018745493;1.4205427E-4
0.0010103855;-0.011871395;1.1364341E-4
0.0047145584;-0.009497115;-0.024909085
0.0014278967;-0.016972693;-0.013677268
-0.016045183;-0.043265656;0.0015581854
-0.005023646;-0.015862523;0.0074965484
-0.0040189167;0.0060599814;-0.012752761
6.911165E-4;0.004847985;-0.003952209
-0.0033533568;0.010128388;-0.015661767
0.0027860645;0.023727711;0.012470586
0.02722885;0.023669668;0.009976469
0.017876832;0.023623236;0.007981176
0.008832715;0.012648588;1.3494013E-4
-0.002308828;-0.01019363;-0.0061420477
-0.021378312;-0.023779904;-0.0049136383
-0.0303839;-0.020586424;0.0023190894
0.0022553802;-0.0070941383;-0.0043947287
0.005710554;-0.01036281;0.021484217
-0.016525308;0.015147251;0.0046873735
0.010217255;0.029305302;-0.002500101
-0.0035449464;0.014069241;-0.008250081
0.0010702929;0.012817893;-3.5006466E-4
0.0024187344;0.021191815;-2.8005172E-4
0.0097474875;-0.0033590486;0.006025959
0.01561049;-0.008937239;0.0110707665
0.020300891;0.024100209;0.015106614
-0.015009287;-0.007282333;0.012085291
-0.025288679;-0.037075866;-0.021581767
-0.024137193;-0.059348192;-0.023515414
-0.023216005;-0.030291054;-0.012562331
-0.0013853037;-0.0023578436;-0.0037998648
0.005141757;0.018426225;0.009460108
0.0017696556;0.02411598;-0.0049319137
-0.0040530255;0.027105285;-0.010195531
0.0061325794;0.04199673;0.016843576
0.0111560635;0.038284883;0.02597486
0.022206102;0.019690406;0.02077989
0.02870238;0.026689824;-0.0146260895
0.015930654;-0.01458564;-0.0054508713
-0.0028804764;-0.041356012;0.0018893027
-0.019491881;-0.04714731;-0.023488557
-0.021062255;-0.031467848;-0.012540846
0.0019001961;-0.017361779;0.027467323
0.017145157;-0.0045144227;0.015723858
0.017622376;-0.005174038;-0.024920912
0.0078479005;0.04273577;-0.02618673
-0.0046591796;0.071688615;-0.008449385
0.022835156;0.047975894;0.0057404926
0.022174375;0.044630714;0.029592395
-0.01272925;0.009142071;0.029923916
-0.0336209;-0.020811344;-0.019810868
-0.02455297;-0.058836576;-0.028348694
0.006920124;-0.07988176;-0.010178955
-0.01712015;-0.06546791;-0.008143164
-0.021508621;-0.007061826;-0.019014532
-0.009394396;0.0068505392;-0.0027116253
0.009671982;7.929313E-4;0.0040806998
0.011643836;0.019384345;0.01576456
-0.006309931;0.037382476;1.116479E-4
-0.005047945;0.02834348;0.031339318
0.013149144;0.030487284;0.018821456
-0.0027619347;-0.013110172;-0.022442836
-0.010022048;-0.038613137;-0.0054542692
0.009169862;-0.012140511;0.0018865848
0.016710889;0.0090375915;-0.0047407323
0.013368712;0.0041050734;0.008707414
0.010694969;0.0032840588;0.0069659315
0.008555976;0.002627247;0.005572745
-0.00409272;-0.0041482025;0.004458196
-0.013430426;-0.011131062;-0.008933444
-5.880906E-4;-0.013592349;0.0053532454
-0.016095472;0.00475112;0.010532596
-0.005063878;0.0038008962;-0.016573923
0.0107926475;-8.428296E-5;0.005490862
0.003165368;-0.012567426;-0.008107311
-0.0052802055;-0.01942894;-0.025235849
0.009057086;0.0032068472;0.011061321
0.0056831683;0.004127978;0.008849057
0.0029840348;0.009552382;0.025829246
-0.015581522;0.020141905;-0.010586604
-0.015590218;0.019238524;-0.0022192828
0.014090326;-2.3418033E-4;-0.020525426
0.00892851;-0.009562344;-0.0101703415
0.0040178085;-0.027962375;-0.014386273
-0.012410753;-0.0317449;-0.017759018
0.0056963973;-0.02852092;0.017042786
0.013932118;-0.030629236;0.013634228
-0.008385556;-0.013565889;-0.0015926174
-0.037177194;0.020397289;-0.007524094
-0.037554257;0.016317831;-0.012269275
-0.016762154;0.025554264;-0.00981542
6.527764E-4;1.3091188E-4;0.023397664
0.01770972;-0.02333277;0.031218132
0.015730277;-0.010853716;0.012474505
0.02820922;0.022567026;0.009979604
0.03194238;0.043053623;0.014233683
0.04821015;0.017255398;0.011386947
2.8687142E-4;-0.026820682;-0.0033904428
-0.022426752;-0.048019044;-0.015212354
-0.021847652;-0.043102738;-0.018419884
-0.04247812;-0.03760719;-0.008485907
-0.03163875;-0.023835752;0.0057112747
-0.029217249;-0.0253186;-0.02043098
-0.021811299;-0.010879881;-0.028844785
0.015363461;0.042858597;0.008174173
0.03729077;0.059286878;0.012789338
0.022020115;0.047429502;0.0039814706
0.005897342;0.048881102;-0.009314824
0.014092874;0.0047298805;-0.007451859
0.021430548;-0.035278596;2.8851288E-4
0.009331939;-0.048535377;2.308103E-4
0.0019968015;-0.026328301;0.012684648
-0.019496309;-0.002312641;0.010147719
-0.0124720475;0.016899887;-0.010631825
0.005647362;0.04476991;-0.00850546
-0.02048211;0.023315927;-0.006804368
0.004708062;-0.0016597577;0.013306506
-0.0056085503;-0.002890306;0.023145204
0.012700659;-7.4974494E-4;0.0060161636
7.855277E-4;0.016587704;0.0048129307
-0.005621578;0.0038951633;-0.0023996553
0.005658988;0.0046786307;-0.008169725
0.00608969;0.009992904;-0.012785779
9.655021E-4;0.011119324;-0.022728624
0.029678652;-0.0020420412;0.006817101
0.046399172;-0.023508633;0.011703681
0.002744337;-0.07036941;-0.009387055
-0.0056170304;-0.07348303;-0.020009644
-0.017774874;-0.02128642;-0.0035077154
-0.0142199;0.028283363;-0.0028061722
-0.0035634195;0.05700169;0.022755062
-0.016131986;0.07997635;0.01820405
-0.0050930884;0.081168585;0.00831324
0.006863029;0.039934866;0.025400592
-0.0038845767;-0.035239607;0.0015704734
0.016423589;-0.08131669;-0.011243621
0.0029826208;-0.079115845;-0.008994897
-0.006988903;-0.04923018;-0.0134459175
-0.017309872;-0.015946643;-0.035756733
-0.006035398;0.013805185;0.0026446127
-0.0048283185;0.011044148;0.0021156901
0.019574845;0.04477282;0.020442553
0.011753626;0.076443255;-0.0023959582
-0.017940849;0.061154604;0.0043332335
-0.00810268;0.009861183;-0.034033414
0.0028928567;-0.0046110535;0.010273269
0.0046580355;-0.017751344;0.039468616
0.013101428;-0.025138574;-0.0059251077
-0.0012376074;-0.03886086;-0.023490086
0.010728664;-0.027963687;-0.006292069
-0.021885818;0.01669155;0.0012163449
-0.019852405;0.03679074;9.730759E-4
-2.56924E-4;0.024745092;0.013278461
0.013075711;0.032296073;0.023122769
0.023741819;0.03833686;0.030998215
0.026805954;-0.003705513;0.024798572
0.001913514;-0.06233941;-0.023911143
-0.02346919;-0.05455903;-0.037878916
-0.012525351;-0.043647222;-0.01780313
0.01263597;-0.07554278;-0.014242505
0.004640025;-0.060434222;0.0011059961
-1.9422975E-4;-0.009284878;0.007134797
-0.013436634;0.0519471;0.0057078376
0.002531943;0.08530768;0.01706627
0.028588055;0.065121144;0.038653016
0.0041204435;0.036471914;0.012172413
-0.025609896;-0.013009969;-0.0027620697
-0.011112916;-0.032282975;-0.0022096557
-0.002640333;-0.03988888;-0.0017677246
-0.013831017;-0.053786103;-0.02016418
-0.007158563;-0.047716383;-0.041131344
-0.0018206005;-6.731066E-4;-0.001655075
-0.0014564804;-5.3848524E-4;-0.00132406
-0.0011651843;-4.307882E-4;-0.001059248
-0.011088397;0.03246787;-0.0070973984
0.014566782;0.066599295;0.013072081
0.0077471756;0.040779438;-0.008292335
-0.0070835096;0.01543605;-0.006633868
-0.008010558;0.02641134;-0.011557095
-0.006408446;-0.008558429;0.015754325
0.027685743;-0.017784243;1.0345959E-4
0.043242343;-0.057977393;0.0063327677
0.0017813756;-0.06356942;0.005066214
-0.0157624;-0.021168033;-0.0021970286
-0.01026617;-0.0013094259;-0.008007623
0.0011620643;0.031764958;-0.012656098
0.006398401;0.06447447;0.02737512
-0.009725029;0.035954572;0.021900097
-0.031217523;-0.0040488406;0.011270078
-0.009349018;-0.034489073;-0.040983938
0.0018957852;-0.047903758;-0.0015371504
0.0015166282;-0.036760505;-0.0074797203
0.0051195524;-0.045033406;0.012766223
1.8939204E-4;-0.015714224;0.003962979
0.0095265135;0.01399112;-0.009329617
5.899609E-4;0.022130396;-0.013713693
4.7196873E-4;0.006766817;0.032779045
-0.015247425;0.0147884535;-0.005026764
0.01670831;0.052455764;-0.05402141
0.011022898;0.01071461;0.013032871
-0.019306682;-0.027365811;0.010426297
-0.006070345;-0.0031426493;-0.022908963
-9.500262E-4;-0.019701619;0.01917283
0.010177479;-0.015761295;0.015338264
0.010485733;-0.0063590365;-0.0064793886
0.0060448367;0.026162772;0.013566489
0.0017108693;0.008430216;0.017103191
-0.027537555;-0.016693328;0.0011825529
-0.014217543;7.078387E-4;-0.036553957
-0.001999035;-0.0025587291;-0.004243166
0.0038695221;0.016703017;0.021605467
-0.011748132;0.027424913;0.011034374
0.013257744;0.012564931;-0.0161725
0.014512445;0.0053644446;-0.037938002
-0.014952544;-0.033208445;0.0508996
0.006787965;-0.025004255;-0.00928032
-0.002382128;-0.0028159043;-0.07617426
-0.040186953;-0.013190224;0.014060595
-0.011055812;0.012885321;0.011248476
0.0450616;0.025933256;-0.02850122
0.01261178;0.034809105;0.039699025
-0.016473075;0.034097284;0.00675922
-0.03974096;0.016340328;-0.0133426245
-0.010699019;-0.021302737;-0.0044240993
-0.006996715;-0.03735469;0.015210721
0.021746378;-0.03300875;-3.3142362E-4
0.028334603;-0.010782002;-0.03151514
0.009386432;0.011686899;-0.012712111
-0.017490854;0.04372452;0.008580311
-0.013992683;0.022479614;0.03811425
0.0020871032;0.017983692;0.030491399
0.021200933;-0.016863046;0.005643119
0.003679496;-0.054115437;-0.007985504
-0.029868903;-0.054229848;-0.0063884035
-0.035613872;-0.02619638;0.0011392771
0.009790152;0.011855396;9.1142167E-4
0.03517587;0.028234318;0.006979137
0.014859447;0.031962454;0.01808331
0.011887558;0.028694963;0.020716649
-0.0061149537;0.016705971;0.01657332
0.017764287;0.021177277;-0.017991345
0.014211429;-0.009620679;-0.014393076
0.0019941437;-0.028009044;-0.01776446
-0.011685935;-0.031782236;-0.007961568
-0.014817498;-0.008238288;0.006130745
0.0068960018;-0.01752813;0.004904596
-0.0038581986;-0.032772504;-0.027326323
-0.012461559;0.005031997;-0.015611059
-0.006844247;0.052463096;-0.012488847
0.015618352;0.05134548;-0.0037410774
0.020307181;0.022326382;0.009507138
-0.0064105047;0.008486106;0.02010571
-0.018409654;0.019288884;0.016084569
0.013397277;-0.014256393;-0.012132346
0.009155322;-0.036405113;0.0027941237
-0.023144493;-0.04787409;-0.004014701
-0.013046844;-0.003924273;-0.003211761
-0.027624976;0.004673082;-0.0025694086
-0.01663123;-0.010324035;-0.014555527
0.0038825157;-0.0020092276;8.5557846E-4
0.0015435127;0.015580118;0.0069344626
-0.0065776897;-0.007848405;-7.024298E-4
-0.013074652;0.007783775;-0.006811944
0.01844653;0.02810202;0.007050445
0.0014759728;0.031856615;0.005640356
0.020712027;0.011422793;-0.0017377152
0.012663373;-0.023674266;-0.0076401723
0.003880698;-0.029876912;-0.006112138
-8.0169155E-4;-0.02858903;0.02011029
-0.0061101033;-0.019746223;0.016088232
0.0044869175;0.0045155208;-0.0058794147
0.009839534;-0.0057625836;-0.017203532
5.9127142E-5;0.039139934;0.017487174
4.7301713E-5;0.035999447;0.01398974
-0.009337159;-0.0087004425;0.011191792
-0.011375977;0.030539647;-0.009796566
0.0057429685;0.036931716;0.017162748
0.0030318748;0.0045453734;0.019980198
0.0063317497;-0.0010512014;0.0034841578
