0.012796426;0.046605714;0.029674778
0.03836214;0.02790957;0.042489823
-0.0068102875;4.526561E-4;0.021491857
-0.02419823;-0.027762875;-0.014056514
-0.022483584;-0.0409603;-0.02999521
-0.008611867;-0.03276824;-0.03649617
-0.045951992;-0.03558959;0.0020530648
-0.061761595;-0.044096675;-0.004607548
-0.015034276;-0.04152734;0.008813961
0.020785078;-0.06134687;8.0116914E-4
0.061940562;-0.045952495;-0.011859065
0.074552454;-0.014886998;0.02176275
0.05807946;-0.002534598;0.011160199
0.016776068;0.004222322;-0.0098218415
-0.008454145;-0.012247142;-0.032857474
-0.052075814;0.0027022858;-0.026285978
-0.07291065;0.017786829;-0.014778783
-0.066141024;0.0017294629;0.006926974
-0.024787817;-0.02049143;-0.006958421
0.0020447457;-0.060143143;-0.018066736
0.039135795;-0.044989515;-0.0019533893
0.029746138;-0.020366613;-0.007812711
0.03160941;-0.0069182897;-0.03750017
0.040912528;0.03509037;0.007499865
-0.012582478;0.059322294;0.018499892
-0.028815983;0.050582837;0.027299913
-0.035552785;0.040466268;0.021839932
-0.050317228;0.013623015;0.011221944
-0.026191283;0.001523412;0.008977556
0.004046974;-0.0019062705;9.320445E-4
0.02980008;-0.0046500163;-0.0055043646
0.039465062;-0.025595013;0.0018465085
0.042509552;-0.02360101;0.020227207
0.04807014;0.015494192;0.016181765
0.030643612;0.046770353;0.012945413
0.02451489;0.08429128;-0.00214367
-0.0038255882;0.079933025;0.023285063
-0.01712297;0.07644642;0.03737805
-0.032448377;0.07365714;0.03615244
0.006853799;0.05267571;0.016421953
0.033608038;-0.014109433;-0.0056124376
3.2393128E-4;-0.036287546;0.0017600497
-0.010678355;-0.044655036;-0.00484196
0.0023948161;-0.06384903;-0.0038735683
0.0019158528;-0.032329224;-0.0030988546
-0.018779818;0.024136622;-0.0024790836
-0.013461354;0.053684298;-0.0144832665
-0.018581584;0.04919744;0.025913386
-0.021115266;0.05498295;0.014480709
-0.013767214;0.05023636;-9.1543264E-4
0.0077362293;0.03393909;0.024267653
0.009313984;-9.737296E-4;0.025664123
-0.0019238133;-0.044528984;-0.0044687013
-0.0077890507;-0.060623188;-0.04107496
0.03126876;-0.09224855;-0.03285997
0.020327508;-0.07067384;-0.0012879752
-0.018112995;-0.015914071;-0.0010303801
-0.014490395;0.027893743;-0.025824305
0.002470184;0.034814995;0.004340557
-0.023023853;0.034101997;0.022222446
-0.027794082;0.033531595;0.017777957
-0.037860267;-0.007549723;-0.029527634
-0.022475712;-0.021664778;-0.023622109
-0.0086055705;-0.042331822;-0.018897686
0.0040530437;-0.03386546;-0.015118149
-0.009257565;-0.036467366;-0.0058445195
0.008218948;-0.019798893;-0.0046756156
0.033137657;0.018535886;0.008759508
0.034322627;0.03670371;0.013257606
0.027458102;0.051237967;0.023106085
0.007903981;0.025365373;0.018484868
-0.0077393153;0.0015422987;0.021037895
-0.009316452;-0.0018911611;0.010580315
-0.018390661;-0.026512928;-0.0040357476
-0.03502503;-0.027460342;-0.021978598
-0.020207524;-0.028218275;-0.0050828783
0.021333981;-0.016324619;-0.004066303
0.010817185;0.0025653043;-0.022003042
0.018028747;-0.0010727565;-0.011352434
0.014422999;-0.010233205;0.003418053
-0.0368991;-0.011311565;0.0027344425
1.6821898E-4;-0.015299251;-0.016562447
0.020447075;0.006510599;-0.013249957
0.01635766;0.04270848;0.020650035
0.013086128;0.05916678;0.029020028
0.016718902;0.031708427;0.016966023
0.008687622;0.028491741;0.0010728177
-0.003987402;-0.005331607;-0.005391746
0.028060079;-0.019890286;-0.029313397
-0.0103644375;0.0028377715;-0.023450717
-0.01766655;-0.028979782;0.031239426
-0.02038324;-0.013808826;-8.459108E-6
-0.010056592;0.004577939;0.024993233
0.0044547264;-0.021337649;0.013744586
0.01918878;-0.007695119;-0.014004331
0.020038525;-0.0030310953;-0.011203465
0.00353082;0.019450124;-0.0152127715
-0.008112844;0.015560099;0.019079782
-0.0049277754;0.02494808;0.021513825
-0.0117547205;0.0074584633;-0.014038939
-2.8776165E-5;-0.0034082292;0.0012688487
-2.3020932E-5;-0.008976583;-0.011484921
0.014044084;-0.013431267;-0.015437936
-0.010639734;-0.0076200133;0.012649651
-0.014761787;1.5398928E-4;-0.0023802796
0.01787807;0.009498191;-0.020654224
0.031489957;0.023223553;0.03347662
0.008004465;0.024828842;0.026781296
0.011091072;0.001113074;0.015175037
-0.0051896423;8.904592E-4;0.00589003
0.0067857862;-0.018037632;0.029712023
-0.003946371;-0.026930107;-0.0012303808
-0.043782096;-0.021544086;-0.044734303
-0.049088176;-0.014110268;-0.0045374436
-0.025208041;0.041836787;0.008870045
0.037646066;0.027219428;0.019596037
0.06761685;0.012400542;0.02817683
0.015030983;-0.008829566;-0.014958537
-0.002037714;0.0054363473;5.331704E-4
-0.0063176714;0.023099078;4.2653637E-4
0.010570863;0.012229262;-0.018408772
-0.0040433095;-0.01521659;-0.0022270167
-0.031359646;-0.027798273;-0.014281614
-0.03915022;-0.012863617;0.01982471
-0.014132675;-0.025915895;-0.015390232
-0.02224364;-0.048857715;-0.018562187
0.019705089;-0.03908617;-0.008599749
0.03607657;-0.0031439378;0.024370201
0.058548756;0.03810985;0.019496161
0.037464004;0.04298788;0.015596929
0.0049712043;0.040640302;0.012477543
-0.024148036;0.05438724;0.022482034
-0.04431843;0.037259795;0.0054856273
-0.026079744;0.014182836;-0.020611499
0.0025737053;-0.026153732;-0.010239199
0.009871464;-0.017797986;-0.008191358
0.026647171;-0.017363388;-3.03087E-4
0.013505237;-0.03264071;-0.01274247
0.017054189;-0.03236257;0.0023060243
0.016768351;0.011609945;-0.010655181
-0.010022819;0.031162957;-0.008524144
-0.018955754;0.031180365;0.011930685
-0.024539605;0.028069291;-0.015455453
-0.0040066834;0.028705433;0.006385638
-0.007892846;0.010464347;0.0051085106
0.007748223;-0.0010035225;-0.02716319
0.0077610784;-0.019552818;-0.009230553
0.0030838626;-0.037517253;0.011365557
0.01184209;-0.042513803;0.0028424459
-0.021776328;-0.021511042;0.027273957
-0.009608562;-0.0015838343;-0.009430835
0.00950065;0.014357933;-0.020044668
-0.00489948;0.036486346;0.008964266
-0.0039195837;0.047939077;0.025921412
-0.007823167;0.04147626;0.02073713
0.0124914665;0.026931008;0.022839705
0.03499317;-0.0034551925;0.005771763
0.0076820385;-0.021514155;0.0046174107
-0.012604369;-0.023461323;-0.0025560714
-0.013208495;-0.059394058;-0.027044857
-0.018379297;-0.031890247;-0.021635886
-0.036578435;-0.009887198;-0.0048087086
0.0051122503;0.007715242;-0.003846967
0.0197148;0.043672193;0.034422427
0.02202184;0.038062755;0.04003794
-0.0011325278;0.021075204;0.019530352
0.011593978;0.004360163;-0.015625717
-0.0032248178;0.0034881304;-0.025000574
-0.010392354;-0.019084496;-0.0012504592
-0.008313883;-0.034017596;0.0052496325
-0.014463606;-0.0022140772;-0.020800294
0.0024916145;-0.014271262;-0.022890234
0.026993291;0.0010829906;-0.012062188
0.012219633;0.0071163923;0.009100249
0.012900706;0.011943114;-0.0114698
0.0025080654;0.012679491;-0.009175841
0.0020064523;0.0038935929;-0.0010906722
-0.023394838;-0.0062601254;0.017877461
-0.02809087;0.013741899;-0.010698031
-0.025597697;-0.00463148;-0.008558424
-0.0017281572;-5.8018434E-4;-5.9673935E-4
0.025179975;-0.009839147;-0.0067273914
0.02014398;-0.020371318;0.007118087
0.0067401836;0.0024529456;-0.0068055307
0.024142146;0.023837356;0.019555576
0.008376217;0.019069886;0.01564446
-0.010486526;0.005880908;-0.0062344316
-0.024014222;-0.014045274;-0.017487545
-0.011398877;-0.0049862186;-0.007740036
0.0158809;-0.003988975;5.7971E-5
0.01582972;-0.00631618;0.0062963767
-0.0013987249;-0.014427944;0.0050371015
-0.03393148;-0.017792355;-0.002220319
-0.011520184;-0.014233884;-0.0017762551
0.017346352;0.019862892;0.017328996
0.017002081;0.028390314;0.007613197
0.0011016659;0.022712251;0.006090557
-0.0084936675;0.015044801;0.011122446
-5.4493384E-4;-0.003589159;0.0026479568
0.0042515527;-0.009121328;0.0083683655
0.026838742;0.0052029383;0.03169469
0.010533494;-0.0083376495;-0.012144246
-0.013448205;-0.01292012;-0.009715397
-0.006071064;0.008413904;0.017227683
0.0013931489;-0.015143877;-0.011217854
0.008927019;-0.0402401;-0.008974283
-0.0022333846;-0.035317082;-0.019679427
-0.0017867078;-0.028253665;-0.01574354
-0.026429366;-0.0038529318;-0.012594833
-0.024268493;0.0062926547;-0.016325867
0.008710206;0.014409124;0.0056893067
0.017905664;0.0427773;0.017051445
0.015887031;0.04984684;0.019891156
0.020522125;0.027377471;0.022162925
0.0070427004;-0.009348023;0.00523034
-0.01311584;-0.026228419;-0.014565728
-0.016742673;-0.039732736;-0.005402582
-8.941375E-4;-0.03178619;-0.016822066
-0.00696531;-4.289502E-4;-0.025957653
6.77752E-4;0.01528184;-0.0020161222
0.0052297018;0.024725473;0.017137103
-0.0051912386;0.026030378;0.007459682
-0.005715491;0.020824302;0.018467745
-0.0030098928;0.019784441;0.008524196
0.022592086;0.015827553;0.019319357
0.0055736685;-0.0123379575;0.009205486
0.013833934;-0.022370366;-0.017635612
-0.0014328521;-0.024146292;-0.02660849
0.0019787184;0.011932965;-0.008786791
-0.0031045254;0.022046372;0.011720567
-0.02904612;0.0020120982;0.0031264536
-0.006049396;-0.0015153215;0.008751163
-0.011089517;0.0050377427;-0.0054990696
5.033864E-4;0.0071551944;-0.0106492555
0.003527709;-5.2584463E-4;-0.008519405
0.0075096674;-0.009795676;0.024434477
0.015382734;-0.01721154;0.019547582
0.031056186;0.0049807676;0.009388065
-0.00796755;0.016484614;-0.011239548
-0.023561541;-0.008687309;-0.0027416386
-0.023536732;-0.010074847;-0.008443311
-0.018829387;-0.0018098776;0.01824535
-0.008813509;0.023552097;0.008346281
-8.008069E-4;0.018841678;-0.012072975
9.2185446E-4;0.0025733428;-0.00965838
-0.0039500166;-0.0010663258;-0.0014767041
0.020277487;-0.0039780606;0.011318637
0.03340949;-0.015682448;-0.00969509
0.028290091;-0.021920959;0.010993928
0.0023195732;-0.011286767;0.002545142
-0.021581842;-0.009029414;-0.016713886
-0.032890473;0.011526469;-0.007121109
-0.0059998785;0.021721175;0.019303113
-0.012612402;0.02987694;0.0029424902
-0.010089922;0.017651552;-0.0038960078
0.005990562;0.026621241;-0.0031168063
0.02197995;0.008796994;-0.002493445
0.02070896;-0.017962405;0.004255244
0.018129667;-0.026869925;0.015904196
-0.010496265;-0.04337094;0.018973356
9.779874E-4;-0.03782175;-0.028571315
-0.01796761;-0.011507401;-0.016607052
-0.012811588;0.01579408;-0.019535642
0.016313229;0.034510262;0.028121486
5.5058365E-4;0.043233212;0.034997188
-0.019872034;0.025211569;-0.022002248
0.012227373;0.020169254;-0.005101799
0.012906899;-0.005739596;0.008418561
0.010325519;-0.048341677;-0.005765151
-0.018302085;-0.07304834;0.0016378791
-0.020891668;-0.052188672;-0.0049396968
0.0067241658;-0.013625938;-0.010201758
0.016316833;0.03597425;0.004338594
0.0036784662;0.0475294;0.0034708753
-0.0064322273;0.03802352;0.0027767003
-0.0067082816;0.039793815;0.02097136
-6.7912537E-4;0.013085052;-0.0019729119
-5.433003E-4;-0.005156958;-0.0015783295
-0.00980964;-0.04787557;0.011237336
0.0062147877;-0.053925455;-0.0035101308
-0.0059656696;-0.030640362;-0.027808106
-0.004772536;-0.02451229;-0.034746483
-0.008505529;0.027265169;-0.009047187
-0.008366923;0.062437136;0.02401225
0.0042439615;0.056199707;0.012959801
0.011207669;0.035584766;0.0103678405
0.008966136;0.012842813;0.020794272
0.024360409;-0.02410075;0.016635418
0.024175826;-0.0505306;-0.0054416656
0.0052781613;-0.05604948;-0.035603333
-0.020777471;-0.038589586;-0.028482666
-0.019746976;-0.021496667;-0.010286133
-0.006422581;0.010927666;-0.008228906
0.0026744348;0.043117132;-0.006583125
-0.018172951;0.046993706;0.0322335
-0.0067258617;0.0032199651;0.0132868
-0.016318189;-0.013049028;-0.03937056
-0.009929552;-0.019814223;-0.031496447
-0.0016936412;-0.006476378;-1.9715841E-4
0.029895088;0.013568898;0.018592274
0.02860357;0.010855118;0.0148738185
0.027570356;0.024309095;0.036899056
-0.009193716;0.035072275;0.0045192437
-0.0057924725;-0.0063171797;-0.008884605
-0.007758978;-0.026928743;-0.025857683
-0.031207182;-0.059042994;-0.020686148
-0.035903245;-0.053484395;-0.029048918
-0.024035096;-0.017787516;-0.004489134
0.021396922;0.017019987;-0.016091308
0.0046175383;0.03549099;0.012126954
0.017756531;0.05964279;0.015951563
0.011080224;0.041464232;0.037761252
-0.01301082;0.020671386;0.023959
0.005216344;-0.008462891;0.0191672
0.008860575;-0.044270314;-0.0034162397
-0.00228654;-0.04791625;-0.0027329917
0.009108268;-0.028958;-0.008436393
-0.008338385;-0.0262914;-0.0067491145
-0.008233208;0.01959188;-0.03039929
0.009038433;0.025048504;-0.018069433
9.807466E-4;0.035663802;0.016794452
-0.017965402;0.022281043;0.013435563
-0.019059822;0.002199834;0.01699845
0.017564641;-0.004490133;0.01359876
0.006239214;-0.0067171063;-0.007870992
0.020616371;-0.030373685;-0.012546794
0.013368097;-0.030548949;-0.010037435
-0.012743022;-0.0150641585;-0.020529948
-0.025819419;4.486733E-4;-0.016423957
0.012156965;0.006608939;0.018110834
0.028475573;-9.6284907E-4;0.0019886666
0.022780458;-0.0038952793;0.0015909333
-0.009900633;0.040633775;-0.0049772533
-0.046983007;0.04500702;0.0022681972
-0.007898905;0.020380616;0.008064558
0.032743376;-0.014945506;0.018951647
0.0121322;-0.0057064053;-0.016088683
-0.01998174;-0.026440125;0.0121290535
-0.015985392;-0.0274021;0.028453242
-0.008100813;0.006203321;0.010262595
0.013831849;-0.0012873436;0.0019600755
0.02200298;-0.004154875;-0.01093194
0.017602384;0.0123011;0.010004449
-0.006230593;0.01296588;-0.004496441
-0.0049844747;9.977041E-4;-0.016097153
-0.01961258;7.981633E-4;0.0058722775
0.0077474364;-0.014986469;-0.007802178
-0.01723955;-0.011989175;-0.0062417425
0.0033958592;-0.02209134;0.0012566061
0.0011541874;-0.03329807;0.0010052848
0.00404835;0.0077365423;-0.011695772
-0.00301132;0.021814235;-0.021856617
-8.4655604E-4;0.011201387;-0.0049852943
0.002447755;0.008961109;0.014761765
0.0019582042;0.0071688876;0.018059412
0.007816563;0.01511011;-0.010552471
0.00781575;0.0027130882;-0.014691977
-0.009372399;-0.0040795295;-0.011753581
0.01281458;-1.3862361E-4;-0.021902865
0.011814164;-0.009485899;-0.017522292
-0.013986168;-0.010713719;0.010982166
-0.0018139349;0.0039290246;-0.003714267
1.11352136E-4;1.8219767E-5;0.0032785865
0.012589082;1.4575814E-5;0.008872869
-0.0039912346;1.1660652E-5;-0.011651705
0.010869512;0.0062593287;-0.015571363
-0.00380439;0.005007463;0.03754291
-0.031168513;-0.0022440297;0.017534327
-0.02649731;-0.023670224;0.0015274618
-0.0040103476;-0.01893618;-0.0050280304
-0.011020778;-0.0120239435;-0.022772424
0.011495877;0.0028808455;-0.0057179397
-0.018928299;-0.0070703235;0.014175649
0.0020448617;0.02559374;-0.0011594814
0.03288589;0.023599993;0.011572415
0.010683712;-0.018620005;-0.009492068
0.016359469;-0.027396005;0.0049063456
-0.022849925;-0.0031668036;0.010175076
-0.012029939;0.013091557;0.0018900612
0.020063547;-0.0020267544;-0.010987951
0.0066758385;0.0077535966;-0.008790361
-0.02122183;0.018702878;-0.0070322887
2.1003667E-4;0.0024623019;0.006874169
0.011105529;0.0019698413;0.017999336
0.021384424;0.0015758731;0.014399468
0.0046075387;-0.020614302;0.017769575
-0.011938969;-0.02899144;-0.01703434
-0.0017386752;-0.010693153;0.005122528
0.00798406;0.0070704776;-0.008401978
0.012637248;-5.936179E-4;-0.019221582
7.347983E-4;-4.748943E-4;-0.009127266
-0.022849662;0.008995084;-0.013551813
-0.041717228;0.016571067;-0.00459145
-0.009936283;7.5685413E-4;0.01507684
0.0029884733;0.0037304834;-0.012938528
-0.0022967213;-0.012640613;-0.0041008224
0.007537623;-0.0101124905;0.009219342
0.024780098;0.0012850075;0.0073754736
0.030761579;-0.011471994;-0.019099621
-0.0128907375;-0.0029275953;0.015970303
-0.03375009;0.025782924;0.0065262425
-4.375717E-4;0.008126339;-0.013529006
-3.5005735E-4;-0.0153739285;0.014176795
0.005969954;0.015825856;0.011341436
0.0047759633;0.018910686;-0.015926851
0.0022582705;-0.012996452;-2.4148086E-4
0.009619117;-0.022897162;-0.006443185
0.020195292;-0.005817729;0.0010954522
0.0067812344;0.0015958168;0.013376362
0.0054249875;0.013776653;0.01695109
0.01215249;-0.0014786773;0.019810872
-0.009028008;0.014442058;-0.009151303
-0.016597407;0.0053036464;-0.013571043
-0.010152925;0.010492917;-0.010856833
0.00125266;-0.004105666;-0.002435467
0.001002128;-0.003284533;-0.0019483736
-0.0023232976;0.009872373;0.0109413015
-0.011233638;0.011022899;-0.0037469591
0.0050755893;-0.013056681;-0.0029975672
0.0024979715;0.0020546552;-0.0023980539
0.016060878;-0.0014812758;-0.001918443
-0.0012137982;-0.013685021;-0.0077847545
-0.011908539;0.020301983;0.012522196
-1.5183083E-4;0.006866587;0.010017757
0.015503535;0.0054932693;-0.010735794
-0.021972172;0.020019615;-0.008588635
-0.016015237;-0.008984308;-0.013120908
-0.00968719;-0.013437446;-0.010496726
0.012562748;-0.010749957;-0.020897381
0.013175199;-0.021099966;0.014532095
-0.016022341;-0.016879972;0.024125677
-0.012817873;-0.013503978;-0.018199459
0.014745702;-0.0076781823;-0.0020595675
8.590613E-4;0.018857455;0.010852346
-0.007125251;0.033835962;-0.010068123
0.005237299;0.02394377;0.016945502
0.01200234;0.022280017;0.026056401
-0.0044606286;0.030324014;0.04584512
0.0026814973;-7.407894E-4;-0.0070739035
0.0021451977;-0.028717631;-0.024409123
0.004841158;-0.029224105;-0.013277298
0.014810426;-0.020254284;0.014378161
0.011848342;-0.025578428;-0.013497471
0.014166173;-0.007962742;0.0017020234
-0.010542061;0.0061298064;0.038861617
0.0025038507;0.033028845;0.006089295
0.0035655806;0.038923077;-0.0076285643
-0.015897535;0.031138461;0.018897148
-0.011155528;0.0061607687;-0.009882281
-0.008924423;0.001803615;-0.007905825
-0.005577038;0.001442892;0.00617534
-0.0060241306;-0.026970686;-0.007559728
0.017055696;-0.05595155;-0.04979778
0.044894557;-0.10101124;0.028911775
-0.023459354;0.028566008;0.02937942
-0.064079985;0.05410281;-0.013996464
0.008111013;0.046407245;0.007552828
0.05492631;0.07150079;0.018542262
0.023628548;0.041575637;0.02108381
-0.029534662;-0.01986449;-0.020632952
-0.03925273;-0.034641594;-0.022756362
0.010785317;-0.015213273;-0.01820509
0.043003254;-0.021545619;0.01668593
0.029715102;0.0046385047;0.0070987428
-0.019977918;0.006835804;-0.019321006
-0.006607334;0.021093642;-0.009206804
9.641326E-4;0.0012499144;-0.019865444
-0.007041194;-0.0021250683;-0.0033923548
-0.004070455;-0.029825054;-0.002713884
-0.031381365;-0.033235043;-0.008421107
-0.03135509;-0.004713035;0.0057631144
0.007728427;0.011854572;0.02336049
0.017120242;0.021983657;0.018688394
-0.0050538066;0.008211926;0.027450714
0.017831955;0.009694541;-0.0030394285
0.0017655637;0.023380633;-0.008681543
-0.001712549;-4.549386E-5;-0.025695235
-0.0013700392;-0.028161395;0.016943812
0.0020289687;-0.038154118;-0.00519495
0.007873175;-0.030523293;-0.01665596
-0.0015139601;-0.024418633;-0.0070747677
0.009726332;-0.0039099073;0.0068401857
0.031218566;0.028122075;-7.7785144E-4
0.014037352;0.02874766;-6.2228116E-4
0.014354882;0.047998127;0.012002175
-0.015078595;0.013398502;-0.00289826
-0.037062876;0.0013438015;-0.014818608
-0.0046503004;0.007325041;0.019395113
-0.0021577403;-0.012889967;0.02176609
0.020148808;-0.010311973;0.011162872
0.0036190462;-0.014499579;-0.016069701
-0.008042263;-0.002224663;-3.5576147E-4
0.02012869;-0.0017797305;-0.006534609
0.0067279516;0.011076216;0.013522313
-0.0055551385;0.024485972;0.01706785
-0.020069111;0.025838777;0.01990428
0.012069711;-0.004328978;-0.009076576
0.008093269;-0.0034631821;-0.013511261
2.246152E-4;0.0066044545;-0.0045590084
-0.0029453079;-0.019716436;0.008852793
0.0038937537;-0.02514815;-0.011667766
0.012490003;-0.02011852;-0.0030842123
-0.010320498;-0.012969815;-0.02121737
-0.019193899;-0.0072508524;-0.010723896
-0.018480118;0.003574318;-0.0023291167
-0.027284095;0.015359455;0.0043867067
0.004735224;0.024787564;-0.008990635
0.01628818;0.013580051;0.024057493
0.0067805434;-0.01413596;0.012995994
-0.0023880652;-0.020683767;0.010396795
-0.014410452;-9.2201395E-4;0.002067436
0.0025341383;0.008637389;0.007903948
0.00983981;-0.005590089;7.3159055E-5
-0.0061906516;-0.0013470711;5.8527243E-5
-0.0033900212;-0.0073276567;-0.0062031783
0.017600482;0.0066378745;0.0075374576
0.0015803864;0.0084353;-2.2003405E-4
0.0012643092;0.01299824;0.018573973
0.013511447;0.019773591;-0.010140821
-0.007940842;0.0064438735;-0.026862657
-0.0063526738;0.014530099;-0.015240126
-0.006644639;0.005374079;0.012807899
-0.020940712;-0.005075737;0.01024632
-0.013627569;-0.01656059;-0.0043029445
0.020347945;0.018001528;0.021557644
0.033465855;-0.0043487772;-0.020253884
-0.004477315;-0.009729022;-0.0037031076
-0.0145193525;0.0047167824;0.003287514
-0.017865483;6.4842607E-4;-0.009869989
-0.017417386;0.013018741;-0.007895991
-0.006121408;-0.008335007;-0.0063167927
0.012290373;0.002706994;-0.0050534345
0.011394799;0.0021655953;0.008457253
0.030990839;0.011107476;0.006765802
0.024792671;0.002635981;-8.3735836E-4
-0.019228363;-0.007266215;0.011830113
-0.018507691;0.012937028;0.0032140906
-0.03511865;-0.008400378;-0.016178727
0.003155078;-0.019220302;-4.4298198E-4
0.008774063;-0.018501243;-0.019104386
0.00701925;-0.017925993;-0.015283508
-0.0021971;-0.020590795;2.7319323E-4
-0.00332018;0.0022773643;-0.006031445
0.014531356;0.039321892;0.0076748435
0.014750085;0.043957513;0.012389875
0.005550068;0.02579101;0.0036619
-0.0143099455;0.011257809;0.0029295199
-0.027072957;-0.009743753;0.008593616
-0.012283365;-0.017170003;-0.0056251073
-0.028576693;-0.048111003;-0.004500086
-0.013486354;-0.0322388;-0.0036000686
0.026710916;-0.0039160415;-0.002880055
0.0010562335;0.012492167;-0.0023040439
0.022719987;0.038118735;0.023156764
0.02130099;0.036744986;0.012275412
0.017040791;0.010645989;0.0035703294
-0.011367367;0.0053917915;0.015356263
-0.020031393;-0.014436567;0.006035011
-0.012900115;-0.030299254;-0.0014219913
-0.015007592;-0.042989403;-0.026137592
-0.0073185735;-0.034391522;-0.014660074
0.022270141;-0.008763217;-0.0054780594
0.019378614;0.014864426;0.0018675524
0.015502891;0.03376654;0.020244041
-0.0016601876;0.027013233;0.0036952335
-0.0028906502;0.024735587;-0.009543813
-0.0038750202;0.03228847;-0.02013505
0.017212484;0.041455775;0.00889196
0.005957487;-0.01683538;0.013363568
-0.00929651;-0.013468304;-0.008059146
0.0128752915;-0.026399644;0.012302684
0.011862733;-0.030494714;-0.0026578533
1.15186725E-4;-0.008770771;-0.008376283
-0.03584535;0.0023583828;-0.006701026
-0.02867628;0.0018867061;-0.030360822
0.0036214755;0.007759365;0.013211343
0.00914718;0.018707491;0.010569074
0.0010677443;-6.590065E-4;0.014705259
-0.0132083045;0.011972795;-7.357923E-4
-0.010566643;0.009578235;-5.886338E-4
0.004046685;-0.0048374115;-0.019220907
0.029799849;-0.013244929;0.009623274
0.017589878;-0.007470943;-0.0048013804
-0.0078030974;-0.024726754;0.021158896
-0.004679978;-0.013531404;-0.0018228835
9.435178E-4;-0.010825123;-0.0014583068
0.014817314;-0.011785098;-0.013666646
-0.02252115;-0.012553079;0.0078166835
-0.01801692;0.002457537;-0.012496653
0.018398965;0.01134103;-0.022497322
0.008469172;0.009072823;-0.011747858
0.0052128374;0.013508259;-0.0031482864
0.00417027;0.010806607;0.016231371
0.006461216;0.008645286;0.037985098
-0.0057685273;-0.0055837715;0.024138078
-0.0061773215;-0.013842017;5.604619E-4
-0.011191857;-0.0016986137;4.483695E-4
4.215141E-4;-0.02323389;-0.0058913045
-0.0074752886;-0.009212113;0.0077869566
0.003394769;-0.01049469;-0.0062704347
-0.0066591846;-0.011520752;-0.023766348
9.226522E-4;0.009533398;0.018486923
0.011675621;-0.007998281;0.008539537
-0.0031595025;0.006101375;-0.00566837
5.973979E-4;-0.0013689001;-0.010784696
0.0020404183;0.0051548798;-0.014877757
-0.0046176654;0.004123904;5.977945E-4
-0.014631633;0.015799124;-0.024521764
-0.003892806;0.018889299;-0.019617412
0.0015732554;0.008861438;0.0030560708
-0.014366396;0.007089151;-0.0038051433
0.0025693835;-0.0068286792;0.015705885
0.028618006;-0.017962944;0.03131471
0.0010194054;-0.039370354;5.1766594E-5
-0.0023094758;-0.031496283;-0.0062085865
0.0059649195;-0.003322027;-0.023716869
0.0016469356;0.009842378;0.012276504
0.0075675487;0.007873903;-0.015178797
-0.011133461;0.0031741222;-0.012143037
0.005155731;0.027539298;0.01528557
0.015062084;0.025156438;0.005978456
0.005799668;0.0076251505;0.004782765
-0.014110265;-0.0032748797;-0.014923788
-0.012850713;-0.027619904;-0.0056890305
-0.00871807;-0.022095922;0.007948776
-0.008536956;-0.023926739;0.0063590207
0.0025454352;-0.01914139;0.017587217
-0.008901152;-0.009063113;-0.029680226
0.013191579;0.01149951;0.020005818
0.007428263;0.018574608;0.016004656
0.01375511;0.027359687;-0.012196276
-0.004620912;0.028137749;-0.016007021
-0.00838423;0.0162602;0.0059443833
0.0011051164;-0.011991841;0.042255506
-0.0069284067;-0.025218472;-0.016195595
0.008519774;-0.045174778;-0.019206475
0.0021283196;-0.029889822;-0.02786518
0.007952656;-0.017661858;-0.016042145
0.0032371245;-0.0047544865;0.018416284
0.0104022;0.04932141;0.0022330275
-0.02136574;0.04258213;0.014286422
-0.009280092;0.018440703;0.023929138
0.0019509263;0.0053775623;0.01289331
0.001560741;0.0011770499;0.010314648
-0.0143764075;-0.03030836;-0.02299828
0.011936374;-0.033621687;3.5137477E-4
-0.0248259;-0.01439735;-0.0184689
0.0035767795;9.821197E-4;-0.01477512
0.0075489236;0.010160696;-0.018070096
-0.004898361;0.017503556;-0.0019560768
0.02420631;0.0015028452;-0.007814862
0.01624005;0.013702276;0.024998112
-0.0010704609;0.01721182;0.026248489
0.01633113;0.0043944567;0.014748791
-0.008810095;-0.008984434;-7.0096727E-4
-0.007048076;-0.029062547;-0.019310774
-0.02282596;-0.017000038;-0.02794862
4.892314E-4;0.011399969;0.0026411049
0.017578885;0.0059949756;0.014612884
0.012500608;-0.010829019;0.017940307
-0.0040620137;0.013211784;0.020602245
-0.015749611;0.029319428;0.0039817966
0.02177531;0.017205542;0.015685437
-0.004454751;-0.011235567;-0.012451651
-0.0191888;-0.008988453;-0.01621132
2.739594E-4;-9.407625E-4;-0.025469055
0.008031667;-0.01950261;-0.007875245
0.017362835;-0.018727088;-0.018800195
0.012327767;6.433296E-4;0.028709844
0.0051747137;-0.011985336;0.016717875
-0.038047727;-0.0095882695;0.0071242996
-7.506832E-4;0.0017043848;-0.01930056
0.011899454;0.007613508;-0.015440448
-0.0076679373;0.0029658063;1.4764143E-4
0.0048031504;0.024247644;1.1811315E-4
-0.00396998;0.010023116;0.01259449
-0.012550984;0.008018493;-0.0024244075
0.005584213;0.015789794;-0.0019395261
0.00915487;-0.012368165;-0.0015516209
0.016698897;-0.013019532;0.011258704
-0.005390883;-0.013540626;-0.009743038
-0.021500206;-0.0452075;-0.02029443
-0.028137665;-0.029916;-0.009985544
0.024364868;-0.0145578;-0.007988435
0.0023043943;0.00710376;-0.025140747
0.0065310155;0.027558008;-0.0076125986
-0.0041501876;0.034546405;0.006409921
0.0076173497;0.040137123;0.017627938
0.017031379;0.0164847;0.020352349
-4.3739605E-4;-0.01181224;0.02253188
-0.0081624165;-0.018824792;0.005525504
-0.019029934;-0.036934834;0.010670403
-0.008973947;-0.029547866;-0.016463678
-0.0024916574;-0.014263294;-0.031920943
-4.3082595E-4;0.019839365;-0.013036754
0.0074678394;0.040871494;0.0020705971
0.0075367712;0.042072196;0.0016564777
0.0060294173;0.008657755;0.026325183
0.020448534;0.013176204;0.014810146
0.016358826;-0.014459037;0.018098116
0.0068370616;-0.04594223;-0.016771507
-0.013280351;-0.046128783;-0.007167205
-0.02624928;-0.021278027;-0.011983764
-0.013186924;-0.0045224214;-0.009587011
0.00663796;0.0057570627;-0.01391961
-0.011877132;0.02648065;0.0076143127
-0.009501705;0.02430952;-1.5854987E-4
-0.007601364;0.025697617;0.02487316
-0.010768591;0.008058093;-0.005101472
0.016385127;-0.0029285257;0.0021688226
0.0287331;-0.0054678204;0.007985058
0.019861482;-0.019999256;-0.0061119534
-0.016923316;-0.022249404;-0.011139563
-0.007288652;-0.030299524;0.0035883498
0.0066690785;0.0070103807;0.009120679
0.0022102627;0.014983305;0.013546544
-0.0044817897;-5.1335635E-4;-0.014162765
0.0026645681;0.015214315;0.013669788
0.0036941546;0.018421452;-0.0140641695
-0.0048571764;0.008487161;-0.023751335
-0.007010741;0.01616473;0.030998932
-0.005608593;0.012931784;0.024799146
2.0062568E-4;0.0072204266;0.007339316
0.0157855;-0.019223658;-0.019128548
-0.0014340995;-0.018503927;-0.015302838
-0.012084779;-0.008553142;2.5772987E-4
-0.017480323;-0.025592513;-0.012293817
-0.001484259;-0.011099011;-0.03483505
-0.008999907;-0.0026292084;-0.03411804
0.009987574;0.022896633;-0.008544434
0.02049006;0.024567306;0.024414454
0.0070170476;0.0071538454;0.013281562
0.005613638;0.0025980761;0.01687525
0.00917841;-0.004171539;0.0135002
0.008905228;0.01853777;0.00455016
0.011811683;0.008580215;-0.002609872
-0.012425654;-0.036885828;-0.0020878976
-0.03962802;-0.04513366;-0.007920318
-0.009827418;-0.02360693;0.0061637457
0.012450566;-0.009510544;-0.0013190036
0.0052729524;0.011141565;-0.0010552029
0.0073433616;0.024538253;0.017905837
-3.753106E-4;0.022755602;0.00807467
-0.0049877483;0.03695448;-0.018540263
0.013197301;-0.004811415;-0.002332211
0.008995341;-0.006974132;0.016884232
-0.009991228;-0.0024543055;-0.005242615
-0.007992982;-0.008213445;-0.010444092
-0.0063943854;-0.0034457557;-0.008355274
0.0073844916;3.6839553E-4;0.01831578
0.016845094;-0.009080283;-0.010347375
-0.0068364255;-0.013514227;0.0104721
0.010155859;-0.020186381;-0.00412232
-0.010625312;0.0057258946;-0.009547856
-0.01162525;0.020205716;-0.026388286
-0.0108627;0.022414573;-0.002360628
-0.00400266;0.008556658;-0.0018885023
-0.0078896275;5.9532654E-4;0.010989198
-0.007874202;0.009851261;0.008791358
0.026513139;-0.020243991;7.830868E-4
0.025898011;-0.038070194;-0.0056235306
0.016030908;-0.039831154;-0.010748824
-0.019987773;-0.025614923;-0.00859906
-3.652186E-4;0.0045080613;-0.019379247
0.012207825;0.006731449;-0.0030033982
-0.01523374;0.021010159;0.0038472814
-0.005936992;0.04180813;0.0030778253
-0.012562093;0.033446502;0.02746226
-0.011612175;0.023632202;0.015719809
-0.0014772399;0.009530761;0.0063258465
-0.010556792;-0.02362539;0.017560678
0.019679567;-0.04390031;0.014048542
0.0126186535;-0.05699525;0.011238833
-0.019592578;-0.0393462;-0.034758933
-0.014111562;-0.01897696;-0.034057148
-3.5174956E-4;0.028568432;-0.008495717
-0.012781399;0.057229746;0.0119534265
-0.011787619;0.0645338;0.022062741
0.023382405;0.042252038;0.017650193
0.020268423;0.00880163;-0.010879845
-9.727613E-4;-0.021083696;-0.0024538767
0.0023467909;-0.032491956;0.0167869
-0.0028100673;-0.060368564;0.007179519
-6.8555376E-4;-0.060794853;-0.025506385
-0.019298444;-0.04551088;-0.039155107
0.017373746;-0.011408705;0.0124259135
-0.0032885035;0.025248036;0.009940731
-0.0026308028;0.06082343;-0.010797415
-0.019292142;0.061158743;-0.0023879323
-0.004496214;0.045801993;0.029339654
0.013590529;0.036641594;0.017221723
0.023372423;0.016813276;0.013777379
0.0061979387;-0.024049379;0.004771903
2.708508E-4;-0.050489504;-0.0024324777
-0.004470819;-0.074766606;-0.008195982
-0.016076656;-0.06918828;-0.012806785
-0.0128613245;-0.030350626;-0.041495427
-0.0071640597;0.0038444996;-0.020696342
-0.0010437476;0.0687006;0.014692926
-0.002397498;0.06433548;0.02425434
-3.5549846E-4;0.048343383;0.019403473
-0.0049718986;0.023049707;0.003022778
0.025709981;0.0059397654;-0.0038317777
0.020567985;-0.026498187;0.003184578
-0.005420612;-0.02744855;0.008797662
3.5101027E-4;-0.04070884;-0.00546187
0.0018433082;-0.029442072;-0.016869497
0.009287147;-0.014178658;-0.013495597
0.0043047173;-0.001967926;-0.023296477
0.014381274;0.014050659;-0.006137182
-0.005682481;0.020615527;0.020090254
-0.026420984;0.010242422;-0.008927796
-0.027386788;0.0019439375;-0.013392237
-0.01253443;0.02968015;-0.0044637895
0.016534956;0.02686912;0.0026789682
0.0054154648;0.008995296;0.027143175
0.021519871;9.462368E-4;0.01546454
-0.0030966026;-0.01799301;-0.025128368
-0.024352282;-0.051894408;-0.0076026944
-0.010106825;-0.032140527;0.018917844
-0.0018354605;-0.013212421;-0.0036157246
0.025094131;0.0019300629;-0.0091425795
0.015387805;0.02341905;0.011435936
0.0138727445;0.04061024;0.015398749
-0.021714306;0.03561319;-1.8100078E-4
-0.0064339438;0.022240553;-0.0063948007
-0.009834655;-0.038457558;0.0011341595
-0.007867724;-0.049516045;-0.024092672
-0.0062941792;-0.045862835;-0.0067741377
0.0059021567;-0.05544027;0.0070806895
0.018784225;-0.025602216;0.0056645516
9.648803E-4;0.057643227;-0.007968359
0.007021904;0.06798958;-0.006374687
0.024367522;0.041891664;0.013650251
0.01793152;0.030388333;0.0046702004
0.004970215;0.008685666;0.0037361602
-0.006961328;-0.024301467;0.009238929
0.0053684376;-0.056941174;0.0073911427
0.00116975;-0.04242794;-0.012837086
-0.0209392;-0.0120673515;-0.01651967
-0.01362636;0.009096119;-0.019465735
-0.014026088;0.022901895;0.021927413
0.0012791296;0.015196516;-0.0012080704
-0.0114766965;-0.003467787;-0.019716457
-0.034181356;-0.0027742297;-0.015773166
-0.008595086;0.016530616;0.031131469
0.013436431;0.016349493;0.018655173
0.016999146;-0.030670406;-0.0038258606
0.0010993162;-0.008911325;0.0031893116
-0.010058047;0.011620941;-0.02244855
0.029453563;0.015546752;0.01954116
0.02668785;0.024937402;0.015632927
-0.01146222;0.03557492;0.018756341
-0.016982276;0.022209937;0.0025050736
0.009851679;-9.820502E-4;-0.004245941
0.023506343;-0.02578564;-0.009646753
-0.0046324255;-0.039378513;-0.013967402
-0.019330941;-0.03150281;-0.023673922
-0.017027251;-0.015827248;0.012310863
-0.0011218018;0.018588202;0.00984869
-0.016522441;0.033620562;0.001628952
0.014907047;0.026896449;0.0013031616
0.027550638;0.03089216;0.026042528
0.00485301;0.024713727;0.008334024
-0.013305092;-0.005229018;-0.012082782
-0.007519074;-0.022933215;-0.009666225
-0.0013277589;-0.0027215716;-0.00148298
0.006750293;-0.0021772573;0.005063616
-8.4976567E-4;-0.007991806;-0.008449107
-0.0022423125;0.0029815554;-0.006759286
0.00758115;0.014885244;0.0070925714
0.00762742;0.024408195;0.030674057
-0.009523064;0.010151557;0.043289244
-0.010743451;0.0049962453;-0.015368603
-0.010157261;0.007121996;2.0511725E-4
-0.0065633086;-5.5240316E-4;-0.012335906
0.007249353;0.027683077;0.002631275
0.0011119824;0.034646463;0.00210502
-0.006922914;0.02146717;0.026684016
0.022586668;-0.004701264;0.015097213
-0.002243165;-0.010011012;-0.01292223
-0.008044532;-0.02363381;-0.035337783
-0.0017481257;-0.03765705;-0.047020227
0.025163999;-0.033250637;-0.04386618
0.0670062;-0.07660051;0.058657054
-0.0088950405;-0.014405408;0.046925645
-0.07117853;0.072850674;4.0515006E-5
-0.035067827;0.08015554;0.012532412
0.01569574;0.06724943;0.01627593
0.020369092;0.06629954;0.0067707435
-0.010267227;-8.536417E-5;0.017916596
-0.0050887815;-0.05319329;0.0080832755
0.025616474;-0.045679633;-0.006033379
0.03143068;-0.03654371;-0.029826703
0.017332043;-0.032359965;0.0011386373
-0.009571865;-0.019637972;0.00716091
-0.013907492;-0.0063353777;-0.025521273
-0.0048759934;0.010556698;-0.020417018
-0.0070257946;0.020945359;-0.010083614
-0.021245636;0.035506286;-0.014316891
-0.02949651;0.02840503;0.013546487
-0.014222207;0.025849024;0.0045871898
0.015184734;0.020679219;0.022419753
0.023085287;-0.017831625;0.0429358
0.00909323;-0.0330153;0.003098641
-0.013037916;-0.01703724;-0.016271086
0.009882167;-0.019879792;0.0057331305
0.018843234;0.009096166;0.017086504
0.013512087;0.004151933;-0.005080797
0.0014346696;0.0064465464;-0.0040646372
-0.014477264;0.023907237;0.0029982901
-0.025644312;0.02225079;-0.010101368
-2.0294916E-4;0.020925632;-0.008081094
0.015462641;0.019865505;0.0122851245
-0.0016923875;2.6740436E-4;0.0098281
2.0859003E-4;0.009588923;0.02036248
0.022041872;-0.029828861;0.035039984
0.017633498;-0.023863088;0.028031986
-0.009330702;-0.044090472;-0.0150744105
-0.03558956;-0.041522376;-0.037059527
-0.011284149;-0.008217902;-0.04214762
-0.0012148194;0.04030068;-0.0024680982
0.0068406444;0.03849054;-0.014474479
-0.024214985;0.0057924343;0.019670418
-0.019371988;0.014008948;-0.0030136663
0.02512741;0.036207158;0.003839067
0.038851928;0.028965726;-0.0031787464
0.027956542;0.013797581;0.016207002
-0.0104472665;-0.013961935;0.019215602
-0.022420313;-0.048669547;0.002872482
-0.02418625;-0.05456064;-0.053952016
-0.0052865003;0.0032264893;-0.03066161
-0.0136042;-0.022418808;-0.01827929
-0.00932086;-0.011685047;-0.0146234315
3.5581188E-4;0.043776963;0.032051254
-0.01377785;0.02564657;0.006891004
0.009290219;0.020517256;0.0055128033
0.007432176;-0.008586195;0.0044102427
0.02313324;-0.009993956;0.022278193
-0.0049309074;-0.020495165;-9.2744484E-4
0.013242774;-0.010146132;-7.419558E-4
0.02309422;0.010633094;-5.935647E-4
0.009100376;-0.0039935242;0.01827515
-0.0145947;0.03430518;0.027120119
-0.022613259;0.033694144;-0.009553906
6.5939216E-4;0.036330316;-0.007643124
0.0020900138;0.044689253;0.012635501
0.007922011;0.026376402;0.022608401
0.018837608;-0.010148878;0.01808672
0.010382587;-0.042494103;0.008219376
-0.01356893;-0.06212028;-0.0246745
-0.0014801443;-0.043446224;-0.050989598
-0.023059115;-0.041006982;-0.022041678
-0.04500979;-0.026555585;-0.0051333434
-0.011007834;0.025630532;-0.004106675
5.687329E-4;0.061129425;0.00921466
0.0035799863;0.06140354;0.019871728
0.03098899;0.033497833;0.009647382
0.01854119;0.020548265;0.013967906
0.002332953;0.010188613;0.011174325
-0.0059461375;-0.01684911;0.0026894598
0.00774309;-0.019729288;-0.022848433
0.010881972;-0.04078343;4.7125432E-4
-0.0037944224;-0.07012674;-0.012122996
-0.004598038;-0.046726394;-0.034698397
-0.0036784303;-0.018631116;-0.0027587179
0.0064322557;0.006970107;-0.014706974
-0.0042291954;0.043076087;7.344206E-4
-0.040883355;0.043835867;0.013087536
-0.007706685;0.022568695;0.010470029
-0.006165348;0.027429955;-0.029123977
-0.02993228;0.0031939647;-0.010799182
-0.025508324;-0.009944828;-0.002389345
0.028030843;-0.017330863;0.023088524
0.034924675;-0.01386469;0.01847082
0.0154397385;-0.023591751;0.0022766553
0.002976791;-0.0313734;0.0018213242
0.014881433;-0.043848723;0.0014570594
-0.013094854;-0.016328977;-0.023834353
-0.008913383;-5.6318165E-4;-0.019067481
0.020994294;0.027674455;-0.015253985
0.013670435;0.075264566;0.025296811
0.003123848;0.05396165;0.02648745
-0.0037509217;0.040044323;0.0024399594
0.0032492627;7.854566E-4;0.008201968
0.02447441;-0.014996635;0.037811574
0.010204528;-0.049497306;0.01774926
-0.041836377;-0.09897285;-0.03580059
-0.0819066;-0.07917827;-0.028640473
-0.07646278;-0.022717621;-0.029162379
-0.015857724;5.7590276E-4;-0.048329905
0.08887632;0.075460725;0.030086078
0.13985105;0.14318107;0.099068865
0.1157871;0.16766986;0.10425509
0.049660925;0.1403859;0.020904072
-0.011833759;0.020121211;-0.058276743
-0.120404504;-0.102653034;-0.040371396
-0.17913611;-0.16649742;-0.038547114
-0.15268388;-0.15819794;-0.08708769
-0.03620961;-0.10780835;-0.038420156
