-0.01789445;0.019520152;0.0024041575
0.02474694;0.021866122;0.008173326
0.026047552;-0.0043821023;0.012788661
-0.007286959;0.0027443182;0.0039809286
-0.021454567;0.0053204545;-0.009315257
-0.012476154;0.013631363;0.023797795
0.005644077;-0.007844909;0.012788235
0.0060777618;-0.012525927;-0.021019412
-0.007637791;-0.019395743;-0.02306553
0.0017022674;-0.028016593;0.0065475767
0.004486814;-0.009913275;-0.026011938
0.017651951;-0.020430619;-0.002059551
0.0031840608;-0.025719495;-0.0016476408
-0.025577752;0.0012994034;-0.0075681126
-0.020462202;0.019789523;-0.0060544903
0.008630239;0.028331619;0.007656408
0.019404192;0.044540294;0.0061251265
0.012398353;0.020007236;0.0236501
0.0067936825;-0.008994211;1.7008085E-4
0.028872445;-0.004070369;-0.0061139353
-0.0034645433;0.0029937045;-0.023641149
-0.0027716346;-0.010105036;-0.0064129187
-0.0131548075;-0.004959029;0.0011196651
-0.033961345;0.0054077767;0.013395732
-0.020919077;0.0012012214;-0.020533415
0.011389739;0.007210977;0.0023232684
0.01067429;-0.0036062184;0.008108615
-8.3556736E-4;-0.021634975;-0.006013108
0.004019046;-0.02668298;-0.017310487
9.023688E-5;-0.0025963837;-0.02009839
0.0047596893;0.007297893;0.02142129
0.011620251;0.012088315;0.023387032
0.0014837013;0.019045651;-0.018790375
-0.023813039;0.015236521;-0.0025323003
-0.025300432;0.012189217;0.02297416
0.001634655;-0.0058736266;0.012129328
0.023182724;-0.026573902;0.009703462
0.0013586793;-0.027509121;-0.010987231
-0.012975557;-0.025132297;-0.021289784
0.013057055;-0.016980838;0.014218173
0.026070643;-0.01358467;0.023874538
0.017731516;0.011007264;-0.01840037
-0.017064787;0.008805811;-0.008470296
-0.01833933;0.010169649;0.018223764
-0.0021714643;-0.007489281;0.008329011
0.009200329;2.5857537E-4;-0.024586791
-0.002014737;-0.0122931395;-0.019669432
-0.01098679;-0.022334512;-0.028235547
-9.769318E-4;-0.02724261;-0.0038384371
0.0054684547;0.009455913;-0.0155707495
-0.0018752364;0.03881473;0.0187934
-0.003062689;0.040426783;0.00878472
-8.8765123E-4;0.026091427;0.007027776
-0.006960121;0.008373141;0.01812222
-0.011818097;-0.0026764865;0.008247777
-0.0063294773;-0.02714119;3.482214E-4
0.019936418;-0.04671295;0.019028578
0.0112616345;-0.02487036;-0.028527139
0.021509308;-0.0073962887;-0.0040717106
1.994604E-5;-0.0059170313;-0.009507368
-0.012484043;0.023391375;0.0048941053
9.5026544E-4;0.0218381;-0.0023347158
-0.010177287;0.02997048;0.010632227
0.00592067;0.005226384;0.0022557818
0.010986536;-0.0020688928;0.008054625
-0.0037107712;-0.014155114;1.9370038E-4
-0.010781117;-0.01757409;-0.012345039
0.0054376065;-0.035934273;-0.0036260318
-0.009712415;-0.0068724183;-0.009150825
-0.0093324315;-0.011747935;0.0051793396
0.0050340546;-0.0031483478;0.004143472
-6.602564E-4;0.022481322;0.015814777
0.005721795;0.03986006;-0.012348178
0.013952436;0.028763046;0.015121457
0.0033494488;0.007385437;0.030847166
0.004242059;-0.0034666506;-0.019072266
-0.009106353;-0.021523321;-0.009007813
-0.011972582;-0.014093656;0.005293749
-2.030658E-4;-0.0050249253;-0.008265001
-1.6245265E-4;-0.0040199403;-0.0066120005
0.004557538;-0.018840952;-0.0052896007
-0.0026039698;-0.0025727616;0.00826832
0.011979324;0.01044179;0.012864656
0.0064584594;0.011478432;-0.008458275
4.792675E-4;0.012307746;-0.0067666206
0.003508414;-0.0026538032;-0.005413296
-0.005005769;0.0072519574;-0.0105806375
-0.005567115;0.015176566;-0.0022145095
-0.002891192;-3.5874723E-4;-0.008021608
0.0054995464;-0.006536998;-1.6728617E-4
0.012212137;-0.017729599;0.006116171
-0.0027302904;-0.014183679;0.004892937
-0.022496732;-0.017596943;-0.0023356506
0.0023151143;-0.007827554;0.010631479
0.008102091;-0.018762043;0.0022551836
0.004919173;0.0068653654;-0.004445853
-0.014814662;0.017992292;-0.0035566825
-0.029039228;0.011268834;0.015904654
2.0611662E-4;0.018390067;0.025223723
0.004852393;0.024087053;-0.0048210216
0.0038819145;0.009894643;0.008643183
0.012480532;-0.020209286;-0.024335453
-0.0072030746;-0.016167428;-0.019468363
0.0067375405;-0.0035589428;0.01567531
0.014765033;-0.018472154;0.012540247
0.024312025;0.010222277;0.003782198
-0.0024253794;0.030052822;0.021775758
-0.025377804;0.020917257;-0.013829393
-0.0031147427;0.0073588057;0.0014364854
0.016258206;0.0027620445;0.0011491884
0.008319065;-0.0071653645;-0.03658065
-0.0074072485;-0.03073229;-0.010514519
0.0034492014;-0.027710833;-0.0021616155
0.031665612;-0.040918667;0.0045207078
0.0026762388;-0.004609933;0.016116567
-0.03223401;0.015062054;-0.024606748
-0.05234971;0.021424642;-9.3539775E-4
-0.0137547655;0.029639713;0.018001681
-0.025066312;0.02371177;0.008151346
-0.0122405505;2.1941707E-4;2.7107637E-4
0.04020756;-0.027949465;2.168611E-4
0.033728547;-0.012984573;-0.012326512
0.014482838;-0.0041376585;0.002638791
0.013148771;-0.0033101267;0.014611033
0.021456517;0.012976899;0.017938826
-0.0062722866;0.010381519;-0.010648939
-0.03314283;0.023930214;0.010230849
-0.034326762;0.019144172;0.0019346791
-0.004023911;-0.0034346622;-0.010952257
0.010843371;3.7727013E-4;-0.021261806
0.008674697;0.022176815;0.007990556
0.0069397576;-0.007258547;0.018892445
-0.006948194;0.009818163;0.008863956
0.010066445;0.0016045298;-0.011658835
0.0064906557;-0.0049663763;0.009422932
-0.018244976;-0.007098101;-0.0049616545
-0.019283481;-0.0025534807;-0.016469324
-0.0060517844;-0.0051677846;0.011824541
0.0060960725;0.0114907725;-0.0030403673
0.028314358;0.002942618;-0.0024322937
0.042963985;0.008604094;0.016804164
0.015621189;-0.0024917247;-0.011556668
-0.020315548;0.0011316204;0.009504666
-0.020939939;0.004030296;-0.017396268
-0.010501951;0.009474237;-0.007667014
0.008785939;-0.00804561;1.1638878E-4
0.013278752;0.012313512;-0.006156889
-0.0018769989;0.016100809;-0.011175511
-0.007751599;-0.0058693527;0.03480959
0.009423721;-0.010945482;-0.0034023272
-0.0049610236;-0.018131386;-0.021471862
-0.005531319;-0.014505109;-0.02967749
-0.013800055;-0.014729087;0.0012580085
-0.012602544;-0.0024082693;0.013506407
0.0055429647;-0.0019266156;0.010805125
0.024746872;0.014083708;0.027394101
0.022922497;0.014391966;0.0031652802
-4.1200203E-4;0.0021385727;-0.0037177757
-0.009704602;0.0017108583;0.00952578
-0.01713868;0.0013686867;-0.0111293765
-0.013710945;0.010469949;0.0035964989
0.003093744;-9.990406E-4;-0.003372801
0.011849995;-7.9923245E-4;0.0035517593
0.012604997;0.018110614;-0.0034085927
0.024146497;-0.02301151;-0.027726874
-0.0072453027;-0.027784208;-0.0159315
-0.002671242;-0.037852366;-2.4519942E-4
-0.0052619935;-0.011531892;-1.9615954E-4
-0.019834595;0.012649486;0.012343072
-0.003367676;0.022619588;0.0036244579
4.3085928E-4;0.02747067;0.015399566
-0.0043428126;0.025101537;0.018569654
0.00121325;-0.0049187704;-0.0038942776
-0.0099669;-0.013310016;-0.003115422
0.01546398;-0.023148013;-0.014992338
-0.006378816;-0.0028934106;5.061299E-4
-0.009790553;0.0039352714;0.012904904
-0.0015824422;-0.0093517825;-0.008426077
0.014359046;0.017518574;-4.908615E-4
0.005237237;0.03588986;0.02460731
0.0010647896;0.013086887;0.02593585
-0.013210668;0.0010945098;-0.016751321
-0.013693535;-0.011624392;-0.013401057
0.0046701725;-0.0155495135;0.0017791545
0.005298638;-0.012439611;0.0014233236
-0.0035735897;-0.006826689;-0.011361341
0.008078628;-0.005461351;-0.015339073
0.014275403;0.0018809192;0.0064787418
-0.015142178;0.017129736;0.017682994
0.005073758;0.007453788;0.026646394
-0.013128494;0.0059630307;0.0025671157
4.3470488E-4;0.007895424;0.0020536927
-0.002777236;0.012566339;0.007892954
-0.01940929;-0.011821928;-0.006185637
0.011035069;0.0061674574;-0.0049485094
0.011953055;0.011183966;0.008541193
-0.012312556;0.005822173;5.82954E-4
0.0026499552;-0.023467261;0.006716363
0.011494964;-0.00939881;-0.007126909
-0.0095540285;-0.0012690476;-0.0057015275
-0.007643223;-0.007265238;0.0016887779
-0.0014270783;0.0066878097;0.013851022
-0.007391663;0.033475246;0.017330818
0.01283667;0.036155198;-0.0048853457
0.029019335;-0.0054508415;0.014841723
0.020090468;-0.029360672;-0.0068766214
-0.032365125;-0.014113539;-0.018001297
-0.0196421;-0.0019158309;-0.014401037
0.00303632;-0.017157665;9.7917E-4
0.010241556;0.023773868;0.007033336
0.008193245;0.028394094;0.024376668
-0.0012579042;0.025840275;0.013251335
0.011493676;0.03317222;0.023101067
-1.8005866E-4;-0.007837224;-0.012769146
0.009230953;-0.021894779;0.0022846835
-0.008240238;-0.051890824;-0.004422253
-0.01127969;-0.03526266;-0.016037803
-0.027773753;0.0030398732;-0.006580242
-0.025344001;0.030556899;0.0072358064
-0.029650202;0.04319552;-0.006711355
-0.003407661;0.018931415;-0.011619084
0.028523872;0.005770132;-0.0030452672
0.032194097;-0.020383894;-0.0024362137
0.0023177776;-0.025682116;-0.03319897
0.006541722;-0.029920692;0.004690823
0.023983378;0.010438446;0.04750266
0.017624201;0.039600756;0.038002126
0.0015993617;0.06293061;0.011651701
-0.00809551;0.06909449;0.009321361
0.012273592;0.008400587;0.007457089
0.030912623;-0.02452953;-0.019034328
0.011448849;-0.044623625;-0.033977464
-0.05334092;-0.0638239;-0.03343197
-0.04267274;-0.04168412;-0.0017455764
0.01273681;-0.0052222954;-0.001396461
0.021126948;0.023947164;0.011382831
0.012214059;0.05040773;0.021606265
-0.008978753;0.030951185;-0.0014649881
-0.029058002;0.0028859477;-0.0136719905
-0.009183902;-0.01644124;-0.017187592
-0.021409621;-0.031902995;0.0049999263
-0.009315197;-0.041147396;-0.002250059
0.0066103423;-0.011042916;-0.008050047
0.031850774;0.0067906673;0.024809962
0.023918118;-0.003942466;0.01359797
0.023821995;0.031221027;-0.0016216242
0.0018700962;0.015601821;-0.013797299
-0.020378923;-0.009393543;-0.01728784
-0.024115639;-0.007514834;-0.0075802715
-0.01773001;-0.015386867;1.8578272E-4
-0.014184008;0.009565506;-0.006101374
-4.0970687E-4;0.004527405;0.007618901
0.029359734;0.028621923;0.0060951207
0.021925287;0.02914754;0.0048760967
0.03004023;0.013943031;0.010150877
-9.678159E-4;0.0049044252;0.014370702
-0.011711753;-0.01170146;-0.01975344
-0.015619402;-0.012486168;-0.009552751
-0.024995523;-0.016238935;0.0111078
-0.009058918;-0.012991147;0.015136239
5.6536606E-4;0.011482082;0.012108992
0.019202292;0.012310666;-0.009062807
0.0122368345;0.009848532;0.0052497545
0.0051019676;0.007878826;-0.014550196
-0.017793426;0.01255306;0.019609842
0.0029527592;6.674486E-4;0.015687874
0.008612207;-0.0088410415;0.0250503
0.011577266;0.008552168;-0.02995976
-1.13187314E-4;5.917337E-4;-0.011467808
0.00928445;-0.021401614;-0.009174246
0.0027400602;-0.01399629;-0.019839397
-0.0024954518;0.020052968;0.034128483
0.0026911385;0.009792374;-0.016447214
-0.024409588;0.004708899;-0.0069077713
-0.019527672;0.022517119;0.031973783
0.0015653629;0.0055136955;0.013079027
0.00906479;0.0075359563;-0.014536779
-5.606677E-4;0.0060287653;-0.017879423
0.0026764658;-0.013926988;0.010696461
0.005266173;-0.03301659;-0.010192831
0.010462938;-0.010788272;0.0043457355
-0.0041296496;0.006994382;0.009726589
-0.01111622;0.0024705057;0.0140312705
-0.008892976;-0.0042735953;-0.0012749835
0.0069481195;0.018456124;0.011480013
-0.0053790044;-0.007110101;0.0029340105
0.0035092963;-0.00881308;-0.0039027915
-0.009692563;-8.0046465E-4;-0.015622233
0.00787095;0.011859628;-0.018747786
0.0141092595;0.018862702;-0.014998229
0.009724908;0.008840162;0.0067514167
-0.0015950737;-0.0023028704;0.024151133
2.86441E-4;0.0012827037;0.0068209064
-0.0091458475;-0.005223837;0.011706726
-0.016691677;-0.00417907;-0.00938462
0.006959158;-0.015843255;-0.020007696
0.016504826;-0.012674605;0.008993844
0.030391362;-0.028889684;-0.024054926
-0.01787441;-0.029361747;-0.02549394
-0.020549528;0.0077606025;-0.0016451522
0.013247876;-0.003166518;0.023683878
0.019973302;0.022466786;0.0314471
-0.0012088588;0.04297343;0.025157683
-0.004092087;0.03437874;-0.011123855
-0.01733617;0.008752994;-0.021399083
0.0048810644;-0.008622604;-0.004619267
0.021092352;-0.038148083;-0.0036954135
-0.003438619;-0.036768466;-0.0029563308
-0.004313395;-0.023164773;-0.014865065
-3.2571607E-4;2.1818114E-4;0.0068579484
0.015364427;0.015799545;0.0117363585
0.0013540417;0.031389635;-0.003110913
-0.016104266;0.01886171;0.0037612696
-0.011320913;0.008839367;-0.0094909845
-0.01374423;0.0039464934;-0.0013427875
0.009317116;-0.0030928052;-0.00732423
0.018391192;-0.018099245;3.90616E-4
6.504539E-4;-0.020729395;-0.0059375074
5.203631E-4;-0.010333517;-0.004750006
-0.0027087096;0.001108187;0.027449995
-0.0084169675;0.019636549;-0.009290004
-4.8357408E-4;8.423969E-5;0.011317997
-0.023824358;-0.02180761;-0.009695603
-0.020621987;-0.017446086;-0.026506482
-0.01493509;0.0016681307;0.0037948145
0.013051928;0.023209505;0.009285851
0.037004042;0.037317604;0.01992868
0.009290734;0.039229084;0.034692947
-0.0019424128;0.034508266;0.015254356
0.01094607;0.011981613;-0.012796516
0.021256857;-0.015414709;0.002262788
-0.040807016;-0.027956767;-0.02318977
-0.0045206123;-0.034865413;-0.012301816
0.01669601;-0.03414233;-0.009841452
-0.011643192;-0.024188865;-0.007873162
-0.014002053;-0.03497609;0.0062014703
-0.034639142;0.022019126;-0.007538824
-0.0073988144;0.023865301;0.006468941
0.026893448;0.028467242;0.011425152
0.030889759;0.035273794;0.009140123
0.033305556;0.046969034;0.026062097
0.025081946;0.021950228;0.033349678
5.343066E-4;0.0019351819;-0.0108202575
-0.029260054;-0.014076854;-0.021156207
-0.032783043;-0.023761483;-0.010674965
-0.048101436;-0.025259187;-0.027289972
-0.03848115;-0.02020735;-0.021831978
4.6508157E-4;-0.02241588;-0.004965582
0.019122066;-0.021057704;-0.0039724656
0.016860152;-0.016846163;-0.009427972
0.011925622;-0.01660193;0.004957622
0.028290497;0.024218455;0.028966097
0.039819896;0.034999765;0.04817288
0.022480918;0.012374812;0.013538303
-0.027327765;0.016149849;-0.014169358
-0.051549714;0.022294879;-0.030085487
-0.01623977;-0.019664096;-0.011568389
0.013570684;-0.03135628;0.009495289
-0.0063309525;-0.02508502;0.001346231
-0.023814762;-0.016943017;-0.030173015
0.00594819;-0.0073044137;-0.017888412
0.006321052;0.0129064685;-0.01431073
0.025369342;0.004075175;0.0073014162
0.0062329737;-0.00611486;0.005841133
0.0065488787;-0.014266888;0.0046729064
0.003676603;-0.02703851;-0.021261675
0.020128783;-0.018505808;0.01424066
0.0082905255;-0.011679647;0.017642528
-0.010555079;-0.0030937174;-0.010885977
-6.315634E-4;0.010025026;-0.002458782
-0.0020677508;0.0048950207;0.023032974
-0.007904201;-0.011708983;0.01217638
-0.02507336;7.813395E-6;-0.027758896
-0.027871188;-0.0031187492;-0.028457116
-0.01604695;-0.0024949994;-0.010265694
0.00903744;-0.017621;-0.0019625549
0.005667452;-0.0203468;0.010929956
0.0045339614;-0.01940244;0.0024939647
-0.008872831;0.0032280483;0.001995172
0.019464236;0.008832439;-0.010903862
-5.3611846E-5;0.02581595;0.00377691
0.017144611;0.0050277608;0.009271528
0.012153189;-0.014727792;-0.011332777
-0.005902449;-0.0024072332;0.009683778
0.0030905406;0.060574215;0.0077470224
0.0055974326;0.06720937;0.006197618
0.009165446;0.038142495;0.004958094
0.004207357;0.0023889972;0.010216475
0.015865885;-0.016838802;0.01442318
0.014255208;-0.03222104;-0.0072114556
-0.022970833;-0.025776833;-0.024519164
0.0019358334;-0.029996466;-0.019615332
-0.007826333;-0.008372174;0.009307735
-0.010948567;0.027677262;0.0074461875
-9.463533E-4;0.03776681;0.02470695
-0.008569582;0.036463447;0.0010155601
0.005644334;0.026045758;0.013312448
0.018577967;-0.0010383938;0.0043999585
0.0148623735;-0.007080715;-0.015230034
0.004077399;-0.011914572;3.1597345E-4
-0.0108005805;-1.5665761E-4;0.0065027787
0.0038595353;0.018624675;-0.007297777
0.0077751284;0.011774739;0.0066617783
0.0015326026;-0.021830209;-0.007170577
0.0027885821;-0.061214168;0.019263538
-0.021206634;-0.08022133;-0.0033391695
-0.037277807;-0.036052067;-0.040171336
-0.022009745;0.018033346;-0.019637069
0.004267203;0.033176675;0.015540346
0.023726262;0.04216634;0.006182276
0.01116851;0.024358073;0.036195822
-4.4019194E-4;0.025736459;-0.0022933432
0.009022847;0.014339167;-0.014334675
0.025187027;-0.0010286664;0.03228226
-9.4412826E-4;-0.022697933;-0.017924191
-0.028880302;-0.011908347;-0.008089353
-0.024666741;-0.015776677;-0.0064714826
-0.029108394;0.006128658;-0.0051771863
-0.004536715;0.017402926;-0.004141749
0.016683128;-0.0017026587;-0.0033133992
0.011784002;-0.001362127;-0.0026507194
-0.006197798;-0.0354647;-0.033370577
-2.7073844E-4;-0.03149676;0.010803539
0.027908409;-0.006447409;0.014892831
0.052795477;0.0073420727;-5.857346E-4
0.019580131;0.018373659;0.005781412
-0.037460893;0.0021989266;-0.00787487
-0.037781216;0.014259141;-4.989613E-5
-0.0036624724;-0.026092688;-3.9916904E-5
0.004882522;-0.01149915;-0.037531935
-0.007031482;-0.02482432;-0.005025547
-0.025937686;-0.029234456;0.0022295625
0.004249851;-0.010887564;-0.00446635
0.03308738;0.019414948;0.01517692
0.029594906;0.009281958;0.024641536
-0.010699077;0.0011755669;0.019713229
-0.028871762;0.0071904534;0.009520583
-0.015284909;0.008877363;-0.036133535
0.006522073;-0.0022731097;-0.016406827
0.022405159;-0.03306849;-0.0068754614
0.017924126;-0.02020479;-0.0055003692
-0.007535699;-0.022413833;-0.010650296
-0.009153559;0.0070689344;0.016479764
0.016114652;0.0150301475;0.006933811
0.014454222;0.037024118;-0.006952951
-0.019686623;0.038994294;0.006937639
-0.025124298;0.0030704355;0.018050112
-0.009161938;-0.013168652;0.0019400889
0.0051704496;-0.016784921;-0.010947929
0.011948859;-0.022802938;-0.008758343
0.009559087;-0.021367349;0.0054933256
0.0013972701;-0.020218879;0.01689466
-0.006694684;-0.019300103;-0.017734272
-0.011605747;-0.012315083;-0.0016874173
-0.0030345977;-0.0036020663;0.004900066
-0.0055526784;0.018993346;-0.008579947
-0.024754643;0.012069678;-0.013113958
-0.005741214;0.019030742;0.008258834
0.0016570288;0.027724594;0.019107068
0.023200624;0.031554677;0.021535654
0.024810499;0.00961874;-0.007771477
-4.6410126E-4;-0.017305007;3.2818352E-5
-0.008183781;-0.013844007;-0.018723745
-0.006547025;-0.011075205;0.0037710038
0.0025748801;-0.011985164;0.003016803
0.006747404;0.012286869;-0.010086558
0.0022729232;-0.012045505;-0.008069246
0.014318339;-2.6140403E-4;0.0122946035
-0.0026078292;0.015415877;-0.0026643174
0.016663738;0.0342077;-0.008381454
-0.0022940107;0.033616163;0.018294837
-0.0018352085;0.011267929;0.0021358693
0.0016568332;0.009014343;-0.0107913045
0.016950466;-0.030288525;0.016366957
-0.014564627;-0.00860582;-0.018156435
-0.005401701;-0.019384656;0.010474852
-0.01838386;-0.009257725;0.0021298816
-0.003769589;0.00821882;-0.0045460947
0.006359329;-0.005924944;-0.009886876
-0.0042875367;-0.0016149553;-0.0266595
-0.0065550297;0.008083036;0.028672399
0.0010059763;0.02834143;0.01043792
0.011742281;0.028923143;0.033350337
-0.004668675;0.032513514;0.0079302685
0.01814006;0.016635811;0.018844215
0.009824548;0.010183649;0.008825372
-0.0015153617;-0.01372808;-0.017939702
-0.0027747892;-0.007857464;-0.026851762
-0.010032332;-0.0031609717;-0.0089814095
-0.008025865;-0.008778777;0.011564872
0.0013918079;-0.010148021;0.0342519
-0.0051365537;-0.023743417;0.014901518
0.005265757;0.012255266;-0.0130787855
-0.019224895;-0.005820787;-0.016713029
-0.012254915;0.0015933702;0.017879577
0.021446068;0.029399697;0.008053662
0.048406854;0.014144757;0.012692929
0.0043504834;0.0019408056;-0.0023456563
-0.023082113;-0.0015723555;-0.033126526
-0.01690319;-0.010632885;-0.00775122
0.008352447;0.0039936923;4.902393E-5
-0.0026930422;-0.006180046;3.9219143E-5
-0.014654433;-0.026819037;-0.012468625
0.002338953;-0.02145523;-0.0099749
-0.009066338;-0.026539184;0.00452008
-0.01506557;0.010018653;-0.0026339358
-0.008927456;0.029889923;-0.020857148
0.0022330352;0.033286937;0.014564281
0.0049114283;0.04850455;0.024151424
0.0054916427;0.016928641;0.02557114
-0.003419186;-0.005207088;-0.010793088
-0.008985349;-0.03541567;-0.01488447
-9.3827903E-4;-0.040832534;-0.030657576
0.010186877;-0.029541029;-0.005776061
0.026899502;0.0044921767;0.007879151
0.004332101;0.009843742;5.332089E-5
-0.007471819;0.029749993;0.0062926565
-0.016914954;0.036299996;0.030034125
0.011468036;0.035289995;0.0052773003
-2.0057138E-4;0.0063569965;-0.0020281598
-0.011097957;-0.013664403;0.017127473
-0.0026283658;-0.032806523;-0.011298022
-0.009915193;-0.038745217;-0.009038418
0.009255346;-0.034121174;-9.807342E-4
0.019904276;-0.0054219393;0.011715413
-0.0059515787;0.0019124484;0.00937233
-0.012573763;0.0077799587;-0.011252136
0.00869099;-2.6032963E-5;-0.009001709
-0.010234708;0.006229174;-0.007201367
0.0027497334;0.017483339;0.012988906
0.008449786;0.013986671;0.010391125
5.098294E-4;0.0018143369;0.0208129
0.0050953636;0.0045764693;0.02290032
0.0103262905;0.013036176;-0.012929744
0.008261032;-0.0051960596;-0.016593795
0.009733826;0.0114681525;0.011724964
-0.0015879391;0.0060495217;-0.0031200289
-0.016895352;-0.0014103825;0.0100039765
-0.01976628;-0.004253306;0.008003182
0.002936975;-2.7764478E-4;-0.012347455
-0.0023379198;0.0029028843;-0.0036279638
-0.0018703359;-8.0269267E-4;0.003347629
0.004753731;0.0056078457;-0.016071897
0.003802985;-0.0017637233;-0.019107517
0.009292388;0.0079640215;-0.009036014
0.00899641;-0.009253783;0.005271189
-0.009990372;-0.0074030263;-0.008283049
-0.0017422973;0.012827579;-0.012876439
0.012668662;-0.008487937;0.03344885
0.01013493;0.0057096505;-0.010740921
-0.0012670562;0.010817721;-0.008592737
5.48855E-4;0.014904176;0.0056258105
0.005126584;0.011923341;0.01700065
-5.862328E-4;-0.027961327;0.0011005187
0.0026560137;-0.019244062;-0.017869584
-0.007250189;-0.015395249;-0.014295668
-0.0026751512;-0.0154412;0.013563465
-0.008390121;0.0032720405;0.017100772
0.008912903;0.030742632;0.019930618
0.016505323;0.027719107;0.022194494
0.013204258;0.019050285;0.0052555953
-0.034749094;0.024615228;-0.0020455236
-0.007486775;-0.014682818;0.004613581
0.0033855801;-0.017996253;-0.015059135
-4.1653588E-4;-0.0050220033;-0.005797308
0.0074792714;-0.016517602;-0.0046378463
0.007545917;-0.019464083;0.0025397227
0.013849233;-0.0030712658;0.0020317782
0.0032668868;-0.0055820127;-0.010874578
-0.01769899;0.01740939;0.010050338
-0.017284192;0.010802512;-0.0044597294
-0.027889853;0.008642009;-0.0035677836
-0.022311883;0.0037886077;0.003395773
0.010275493;-0.012594114;0.008966618
0.022282895;-0.025700292;-0.036576707
6.3881587E-4;-0.014310233;-0.010511364
0.0036360526;-0.0051981863;-0.014659091
0.006033842;0.01771645;0.007022727
0.012639574;0.02042316;0.018118182
7.36659E-4;0.013213528;-0.004255455
-0.016598172;0.019945823;0.009095636
-0.0039035382;0.0065816585;-0.005223491
0.01406467;0.0021403267;-0.0041787927
0.017501736;-0.0107877385;0.0029069658
0.010876388;-0.005505191;-0.0039244276
-0.0037988892;-0.010654152;-0.015639542
-0.013976611;8.516778E-4;0.0062383665
0.0013187109;-0.0024436577;-0.0012593068
-0.0051950314;0.0011700738;0.0052425545
-0.002593525;-0.005313941;-0.008305957
-0.01457482;0.0019988471;-0.019144764
0.003965144;-0.0015259222;-0.009065812
0.015672116;-0.004345738;0.01149735
0.006287692;-0.015976591;0.0091978805
0.0034676536;0.0028437278;0.0011083042
-0.003475877;0.008524982;0.0071366434
-0.0043432014;0.009944986;0.011959314
-0.0019120612;-0.0045440113;0.015817452
-0.010904649;-5.1020907E-4;0.012653962
-0.022786219;-0.0035331673;-0.008626831
0.0052085244;2.9846618E-4;-6.514647E-4
0.02447932;-0.002886227;-0.006771172
0.0086459555;8.160184E-4;-0.0054169376
-0.0055832355;0.0037778148;-0.01058355
-0.010716588;0.009272252;0.00403316
-7.6077064E-4;0.0261678;0.0094765285
0.010328883;0.008434241;0.013831222
0.009825607;-0.012002607;0.011064978
-0.010889514;-0.025227085;-0.0036480175
-0.011836612;-0.020181669;-0.009168414
0.015530711;-0.0067703347;-0.013584731
-0.0016379314;0.019583732;0.014132215
-0.0075603453;0.009416985;-0.007444228
2.0172386E-4;0.020033589;-0.012205383
-0.009213621;0.009776871;0.021485694
0.005129103;0.014071497;0.010938555
0.0072282827;0.026882198;-0.009999156
-0.011404874;-0.006619242;-0.007999324
-0.021623898;9.546063E-4;0.0061005405
0.0077008805;7.6368504E-4;0.011130433
0.020223204;-0.008764052;-0.0098456545
0.0021160636;-0.01638624;-0.007876524
1.3035092E-4;-0.0037339933;-0.0063012186
1.04280734E-4;0.0063878056;-0.011290975
-0.010854076;-0.016764756;0.01596722
0.01631674;-9.1180456E-4;0.012773776
0.008365892;-0.0069794436;0.01646902
0.0082552135;-0.014958555;-0.0055747833
-0.010583329;-0.008841844;0.008040173
-0.0037791634;-0.016448475;-0.012317861
-0.010835831;-0.0037837802;0.008895711
-0.0055436646;0.0063479757;-0.017883431
0.0018150683;0.0019533806;-0.014306745
-0.0016729453;-0.0015622954;-0.005195396
-0.016963357;0.008125164;0.008343684
-0.021383185;0.019000132;-0.0058250534
0.009455952;0.018325105;0.007839957
0.02318976;-0.0072149164;0.018771965
0.012301809;-0.021396933;-0.009982428
0.011403947;-0.023367546;-0.020485941
-0.004939342;-0.015569037;-0.016388753
-0.0039514736;0.0031697704;-0.025611002
0.0140263215;0.0150358165;-0.014238802
-0.0012789431;0.021403654;0.026108958
-0.0010231545;0.017122922;0.020887166
-0.0055060238;0.038698338;0.010459733
-0.004404819;0.034083672;0.0021177866
0.008976145;-0.0039830636;0.02044423
0.013430916;-0.018811451;0.028855383
-0.0033177673;-0.04942416;-0.0144156935
-0.024529213;-0.03016433;-0.011532554
-0.014935871;-0.024131462;-0.015476043
-0.0056986967;0.021319829;1.1916505E-4
-0.0014339575;0.038930863;9.533204E-5
-0.005834666;0.01864469;-0.0061737346
-0.014042733;-0.0038342471;0.0013110125
-2.9668622E-4;-0.009317398;0.00729881
0.015387651;-0.013703918;-4.10952E-4
0.01699762;-0.032838136;-3.2876158E-4
0.013598097;-0.010645508;0.005986991
0.017128477;-0.024141407;-0.020210408
0.010577782;-0.013063125;0.015081674
-0.022787774;0.0114245005;0.012065339
-0.01823022;0.0341396;-0.021597728
0.0026033244;0.03043668;-0.011028183
0.0036451595;-0.003775656;-0.0025725462
0.015416128;0.028229475;0.022941964
0.004520402;0.0038335803;0.01835357
-0.018258678;0.006191864;-0.004067144
-0.006794443;-0.013796508;-0.009503715
-0.0038730542;-0.017287208;-0.020102972
-0.0030984434;-0.0044547655;0.008917622
0.0053337454;-0.012938812;-0.011615902
-0.0051080035;-0.03847605;-0.0030427217
-0.010336403;-0.03390584;-0.0024341773
-0.008269123;-0.008374672;0.010552658
-0.0034902978;0.008925263;0.033442125
0.0065827616;0.01964021;-0.0044962987
0.005266209;0.03446217;0.008902961
0.0135879675;0.024444735;0.0071223686
0.010870374;0.0039307876;-0.006802105
0.007133799;0.00626963;-0.011691684
-5.4296065E-4;0.005015704;-0.009353347
-4.3436853E-4;-0.014737437;-0.013732677
0.005902505;-0.01178995;0.0015138577
3.4504144E-5;-0.0031819595;0.0074610864
0.014090103;0.016204432;-2.81131E-4
-0.0027904173;-0.027661454;0.018525096
-0.022544835;-0.015879164;-0.016429923
-0.008660867;-0.0064533306;-0.02564394
0.016508806;-0.011412664;0.010734849
0.022582045;0.0064948685;-0.01641212
-0.019434365;0.0051958947;-6.296968E-4
-0.007734991;0.007281716;-5.0375744E-4
0.015687007;0.021450372;0.037096996
0.027393356;0.017160298;-0.0015724048
0.015664684;0.0043532383;-0.0012579238
-0.011687002;-0.027767409;-0.0010063391
-0.0343496;-0.031588927;-0.025805071
-0.025917182;-0.025271142;-0.020644058
0.0042662546;-0.0108419135;0.0022347544
0.015913004;0.01320147;-0.0044621965
-0.002894597;-0.005063825;0.008930243
-0.0038781776;0.01469894;0.013394195
0.007834958;0.036759153;-0.0017846446
0.012517966;0.029407322;-0.0076777157
0.011576873;0.03290086;-0.0061421725
-0.007926001;0.001320686;-0.004913738
-0.0032158012;-0.01769345;0.0023190095
-0.019760141;-0.04227976;-0.010644793
-0.015808113;-0.018198809;0.010234166
0.0029785098;-0.017684046;-0.004312667
0.022695309;-0.023522237;-0.009700133
0.011906247;0.01868221;0.023489892
0.006399997;0.018070769;0.018791914
-0.0058175023;0.0050816145;0.015033532
-0.029654002;0.0071902913;-0.006723175
-2.8570154E-4;0.015127233;8.714602E-4
0.0044589387;0.0027267865;0.013197168
4.42151E-4;-0.007193571;-0.0019422654
-0.005896279;-0.0057548564;-0.020303812
0.0077829766;0.0016461147;-0.00374305
0.014038881;-0.011183108;-0.01549444
0.004981105;-0.008946487;1.0444806E-4
-0.022577615;-9.071893E-4;8.355845E-5
-0.016499592;-0.010100751;6.684676E-5
0.005550326;-0.008080601;-0.0061965226
0.0044402606;0.012285519;0.013792782
-0.012072791;0.0035784154;-0.0077157742
-0.023720734;-2.6226777E-4;-0.024922619
-2.2658656E-4;0.0091651855;-0.0074380958
0.02013123;-0.011417852;0.0065495237
0.014542485;-0.002884281;0.005239619
0.019446488;-0.0148074245;0.0041916952
-0.0016303099;0.0037790602;0.015853357
0.0018207522;0.015523248;0.0064326846
0.0061441017;0.009293598;0.0051461477
-0.0060222186;0.013684879;0.0041169184
-0.020442775;0.001572903;-0.021706466
8.332801E-4;-0.020616677;-0.011115172
-8.95876E-4;-0.04149334;-0.002642138
-0.0038417007;-0.017569674;-0.0021137102
0.01098914;-0.02030574;-0.0079409685
0.0025413116;-0.013119591;-1.02774575E-4
-0.0010919508;0.011379327;-0.012582219
0.01006394;0.024728462;0.008684224
0.008051151;0.019782769;0.02569738
0.0048784213;0.012701215;0.0018079035
0.002340237;0.010160972;-0.017303677
0.0018721896;-0.007496222;0.017407058
-0.011002248;-0.021621978;0.007675647
-0.027551798;-0.004797582;0.012390518
-0.004853939;-0.031963065;-0.0025875862
0.007054349;-0.025570452;-0.014570069
-0.011544021;0.007668638;-0.030406056
0.007952283;-1.1508965E-4;-0.018074844
-0.029575674;0.009282928;0.004290125
-0.01741054;-0.008198657;-0.0090679005
0.012634069;0.009066074;-0.0010043202
0.034326006;-0.014622141;0.005446544
0.021992054;-0.014822712;0.004357235
-0.0074063567;6.418299E-4;0.009735788
-0.0059250854;0.003638464;0.03278863
0.017134931;0.040410772;0.0012309044
0.021520445;0.041703615;0.0072347233
-0.0030961437;0.0052378937;0.012037779
0.011585585;-0.014559685;-0.002869777
-0.004794032;-0.024147749;-0.0085458215
-7.1022555E-4;-0.019318199;-0.025586657
-0.0068181804;-0.021704558;-0.020469327
-0.016392045;-0.020488648;-0.010125461
-0.013113636;-0.0070159175;0.016899632
-0.008928409;6.372659E-4;-0.005230295
0.013169773;0.025509812;-0.010434235
0.008973319;0.02665785;0.010402611
-0.013133845;0.02132628;0.014572089
-0.010507076;0.007686024;-0.0070923287
-0.01309316;-0.012601181;-0.024423864
0.014525471;-0.013205945;0.01796091
0.008495377;0.017560244;-0.010631273
-0.008828699;0.014048195;-0.0085050175
0.008562041;-0.023136444;0.011945985
-0.013462867;0.0033658452;0.022056788
-0.004520294;0.0120676765;-0.0011045692
-0.0036162348;-0.01847086;-8.8365533E-4
-0.0013304879;-0.027276687;-0.013206924
-0.00575189;-0.0030713498;0.014434461
0.0032109877;-0.0055820798;-0.01970243
-0.01149371;0.026784336;-0.0032619452
-0.006069968;0.027677469;0.016140444
-0.0017309743;0.031516977;0.031662356
0.007990221;0.018963581;0.006579884
1.4217648E-4;0.027670864;0.0052639074
0.009488741;-0.012238309;0.004211126
0.036497243;-0.034790646;-0.0028810995
0.019041544;-0.037207518;-0.00855488
-0.011329264;-0.032891013;-0.0068439036
-0.027813412;-0.013812811;-0.017975124
-0.008188229;0.010824751;0.016869903
-0.019050583;0.0242848;0.019745922
0.0066345334;0.03505284;0.003296737
-0.0025048733;0.034292273;0.015137389
0.007371101;0.033683818;-3.9008827E-4
0.012146881;0.011322054;-0.012812071
0.0097175045;-0.025317356;0.008500343
-0.0016009961;-0.023378884;-0.018199725
0.012781703;-0.018703109;0.00419022
0.0024128624;-0.014962487;-0.015397824
-0.00119471;-0.0025949893;1.817407E-4
-0.011893268;-0.0020759914;-0.018604608
-0.018889615;0.013964207;-0.008633686
-0.0010491916;0.020546366;0.018093051
0.021035647;0.019562092;0.008224441
0.012141017;0.006274674;0.006579553
-0.010599686;-0.0012302608;-9.863578E-4
-0.010042249;-0.010359209;-0.025789086
0.0200912;-0.008287367;-0.020631269
0.009822961;-0.0066298936;0.014744985
-0.0062041315;-0.014678915;0.018045988
-0.009650805;0.0038818682;0.0019367903
-0.007720644;0.0062304945;-0.010950568
-0.017114015;-0.020015605;-0.008760454
0.0019337877;-0.0035124836;0.0054916367
-0.00470297;-0.0028099867;0.02314331
0.011862624;-0.0022479894;0.018514648
0.0016775994;-0.0017983916;-0.022688283
0.0044670794;0.0016862868;5.9937435E-4
0.009823663;0.013849029;0.012979499
0.020358931;0.014204224;-0.0083664
0.013162144;-0.013636622;-4.431203E-4
-0.012907784;-0.010909297;-0.0066044964
-0.015013727;-0.018102437;9.66403E-4
0.0145515185;0.0042680497;-0.0054768776
0.034297466;0.01278944;-0.004381502
-0.010843279;8.56552E-4;-0.0035052018
-0.03992462;-0.0024397585;-0.0028041613
-0.025689699;0.0042981934;0.01650667
-0.0049267584;0.0065635545;0.006955337
0.016371094;0.011500844;-0.01943573
0.0021593745;-0.003299325;-0.021798585
-0.0060850005;-0.01513946;0.0013111325
0.0060694995;-0.008986568;-0.005201094
0.0157931;0.017810745;-0.0041608755
0.00638448;-0.0013764035;0.0029212998
4.2008384E-4;-0.004226123;0.00233704
-0.027788933;0.0028691017;0.008119632
-0.020668646;0.0022952813;-0.0060042944
0.010027583;-0.007538775;0.013946564
0.012709566;0.00646898;0.023657251
0.022667654;0.005175184;1.7580121E-4
-0.0021783775;0.0072651473;-0.01860936
-0.009555202;0.0026871178;0.0038625128
0.0017308383;0.008399694;0.009340011
0.02404092;0.028594755;-0.0050279917
-0.0049860133;0.013500804;0.008477607
-0.014926311;0.0014256435;0.006782085
-0.0025660486;0.0042655147;0.0054256683
0.013572161;-0.002837588;-0.008159465
0.012420229;-0.00852007;-0.019027572
0.0036861831;0.0025589436;-0.008972058
-0.0079885535;-0.013577845;0.017822353
-0.007953343;-0.010862276;0.001757883
-0.018862674;0.013185179;-0.0048436937
0.01147236;0.004298143;0.021125045
0.012302889;-0.0090614855;-0.020599963
0.0035923107;0.01775081;0.021020029
-0.012751152;0.0017006494;0.004316023
-0.0055134213;-0.01738948;-0.009047181
0.006526763;-0.013911584;-0.019737745
0.0052214107;0.013870733;-0.0032901962
-0.0051978715;0.014221586;-0.002632157
-0.010408297;0.023877269;0.022894274
-0.016139138;0.028476816;0.0058154194
0.01208869;0.022781452;0.010902336
0.009670951;-0.022399839;0.0087218685
-0.0016382386;-0.04291987;0.006977495
-0.009123091;-0.040585898;-0.019418005
-0.013548473;-0.023093717;-0.028034404
-0.004588778;-0.005974974;-0.0036775228
0.0057039773;0.023345022;-0.009192018
0.009250682;0.028051017;-0.0011036145
-0.0066619543;0.031815812;-8.828916E-4
-0.0068920637;0.031702653;0.005543687
0.02261135;3.621206E-4;-0.0080650505
0.019651579;-0.018460304;0.01854796
0.009471264;-0.017893244;-0.0039116326
-0.014297989;-0.033064593;0.003120694
-0.009875892;-0.017076675;0.0024965552
0.012411787;0.014463659;0.020747244
-0.01038307;0.0053209276;-0.014652205
-0.0020564564;0.0073817424;0.025778236
-0.0016451651;0.005905394;0.045622587
-0.009128632;0.029724315;-0.0072519286
-0.0010529057;0.030029451;-0.018301543
0.0038451755;-9.764384E-4;0.0041087656
0.010888641;0.005468849;-0.027962988
-0.0053515877;-0.008124921;-0.00987039
0.0144687295;-0.028374936;0.004603688
-0.007175016;-0.04769995;0.01618295
5.099871E-4;-0.01315996;0.00669636
0.01759549;-0.019902967;0.011607088
-0.004673608;-0.012797374;-0.02196433
-0.0068638865;0.030387102;-0.0050714635
-0.01955361;0.03993468;0.02719283
-1.7887429E-5;0.035072744;0.0030042634
-0.00626431;0.024933195;0.008653411
-3.2394796E-4;0.023071557;0.013172729
-0.01588416;-0.015917756;-0.014461817
0.015417674;-0.015859203;-0.017819453
0.029521639;-0.050187364;-0.014255563
-0.0013826891;-0.05264989;-0.0051544504
-0.012043651;-0.023369912;-0.010373561
-0.026822422;-0.01557093;-0.0020488482
-0.040207937;4.3256085E-5;-0.0016390786
0.0037711505;0.034409605;0.004938737
-0.0032330796;0.033777684;0.010200989
0.014601036;0.030147146;-0.010589208
0.010118329;0.014742718;0.016528632
0.0034071633;0.0024191742;-0.024277093
0.0058507305;-0.02306466;-0.0069216746
0.020305585;-0.030951729;0.0069626602
-0.018130532;-0.0028863829;-6.7987177E-4
-0.009816926;-0.008559106;-0.013043897
0.0030839592;-5.97285E-4;0.002064882
-6.578326E-4;0.008897172;0.014151906
0.013536234;0.016492737;0.0050715245
-0.004796013;0.0100691905;0.01030722
-0.0053993105;0.008055352;-0.0042542242
-0.010569449;0.009569282;-0.009653379
0.008731942;-0.0017195747;0.0047772964
0.031985555;-0.02012566;0.0038218373
-0.008786557;-0.009850528;0.0030574696
0.003908254;-0.014130422;0.021195976
-0.0031233968;-0.042554338;-0.02054322
-9.3621743E-4;-0.021543471;-0.022684576
-7.489739E-4;-0.004734776;0.01310234
-5.991792E-4;0.02121218;0.02298187
-0.0020418433;0.045094743;0.005885497
0.0014915253;0.026700795;0.035958398
-3.6927973E-4;0.018235635;0.0037667183
0.007517076;0.014588509;-0.021986626
-0.003361339;-0.016454194;0.0011606998
0.0019984287;-0.038163353;0.0134285595
0.001598743;-0.036780685;-0.008007152
-2.835056E-4;-0.026299547;-0.037655722
-0.008039304;-0.0054146377;-0.011374577
-0.014243944;0.02066829;-0.002849662
-0.005145155;0.041534632;0.010220271
0.0036963762;0.051977705;-0.010573784
-0.004855399;0.035332166;0.0040409733
-7.593193E-4;0.012640731;0.034482777
0.0072050444;-0.005512415;0.0025862227
0.028420286;-0.029409932;0.020818979
0.009454979;-0.039152946;0.0041551827
-0.023686018;-0.018822357;-0.027925855
-0.015823813;-0.036932886;-0.022340683
0.010778449;-0.020171309;-0.011622546
0.005497759;0.015112953;-0.009298037
-0.009664292;0.065215364;0.01756157
-0.0139814345;0.04592229;-0.017200744
-0.011185147;0.024237832;0.011239405
4.2688218E-4;0.025640266;-0.003508476
0.008154006;0.014262212;0.0034432192
0.020585705;-0.01046523;-0.0034954248
0.003968564;-0.045872185;-0.0027963398
0.012549851;-0.04919775;0.0040129283
0.014727381;-0.029983198;-0.009289658
-0.0054055955;-0.017736558;-0.007431726
-0.009011976;-0.0016892465;0.0065546194
0.002165419;0.017398603;0.0052436953
-0.007642665;0.007668882;0.0041949563
-0.027989132;0.021760106;0.003355965
-0.0036413055;-0.0013419153;0.002684772
0.0048994557;0.0020514678;-0.029102182
0.021107065;-0.007733826;0.0017182541
0.0317294;-0.006187061;0.032624602
0.0011647713;-0.0049496484;-0.023900317
9.31817E-4;0.0022902812;-0.019120254
0.0023079535;-0.004417775;-0.0027962031
-0.016903637;0.01521578;0.010263038
-0.0025854097;-3.2737604E-4;-0.00428957
0.0041816724;-0.019011902;-0.003431656
0.008032838;-0.005834521;-0.0027453247
-0.02326123;0.007832384;0.0040537403
-0.006108984;0.015640907;0.015742993
0.020112813;1.2725419E-5;9.4393705E-5
-0.0042222496;0.02813518;0.006325515
0.0044347;0.0037581443;0.023810413
0.0144852605;-0.009493484;-0.0059516705
6.507082E-4;-0.016969787;-0.0047613364
-0.016666934;-0.03857583;-0.028809069
-0.011771047;-0.024610665;-0.023047255
-0.015666837;0.0053114686;-0.012187804
-0.01565847;0.022999175;0.021499757
-2.6775942E-5;0.04027434;-0.0015501947
0.012478579;0.025969472;0.0112598445
0.019357864;-0.007349422;0.0027578755
0.006111291;-0.009004538;0.0022063004
-0.0076109674;-0.01970363;-0.0107349595
0.001723726;-0.037637904;-0.014837968
