0.0051767915;-0.04570114;-0.0023694865
0.0025789333;-0.03343591;-0.04564559
5.006466E-4;-0.02362373;9.835287E-4
-0.0027244827;-0.0063989833;-0.005463177
-0.022492087;0.016755814;0.0018794583
-0.055493668;0.0071546505;-0.017246433
-0.014707435;0.0025987206;0.017452853
0.016359052;-0.0010460236;0.0077122827
0.014649741;0.002288181;0.012419826
-0.005467707;-0.001294455;0.02243586
0.0065633347;-0.004160564;0.017948689
0.047438167;0.021671548;0.014358951
0.037950534;0.014212239;-0.01351284
-0.007139573;-0.010505209;0.0016897286
-0.024461659;0.007220833;0.0013517829
-0.033631828;-4.7333364E-4;-0.011418574
-0.017530462;-3.786669E-4;-0.02788486
0.014100631;-0.015927933;0.008942113
0.012843004;-2.4234681E-4;0.0071536903
0.025899405;0.0029311224;-0.0067770476
-0.0011554769;-0.007030102;-0.017921638
-9.2438154E-4;-0.0056240815;-0.014337311
-7.395052E-4;-0.0044992655;-0.011469848
0.0040958957;-0.009849412;-0.015425879
-0.012348283;0.010870471;0.012659297
0.0041838735;0.008696376;0.016377438
0.023659598;-0.011792899;0.01310195
0.017365178;0.01556568;0.01048156
-0.011107856;-4.7455393E-5;0.0021352482
-0.026073785;-0.015662964;0.007958199
-0.014609029;0.015594629;-0.0061334413
-0.0101247225;0.021850703;-0.011156753
0.005962722;0.029980563;-0.0026754024
0.007895177;0.00835945;0.010359678
-0.009308858;-0.01831244;-0.010462257
3.6541358E-4;-0.030274952;0.010380194
0.02216733;-0.027344963;0.039554156
0.0052338648;-0.0031259693;3.9332415E-4
-0.027062908;0.013124225;-0.01843534
-0.046650328;0.019874379;-0.027248273
-0.020132761;0.009649504;0.009451382
0.008893791;0.013969603;-0.0049388944
0.010240032;-0.010699318;0.021048885
0.014442027;-0.021059453;0.023089107
0.011553621;-0.026222562;-0.037778713
0.0029928968;-0.02097805;-0.011472971
0.028956817;0.0019675596;-0.002928377
0.010665454;0.035949048;0.022657298
-0.021155138;0.022509238;0.02437584
-0.009111609;0.03675739;7.50671E-4
0.0052107126;0.038780913;0.006850537
0.00729357;0.00914973;-0.019519571
-0.012915144;-0.008305216;-0.009365656
-0.015019615;-0.031644173;0.0050074747
0.005171808;-0.056565337;0.0040059797
-0.0036750538;-0.04837727;-0.028045217
-0.010752543;-0.010576816;-0.0099361725
-0.0023520344;-0.011586453;0.004551062
-0.0018816275;0.015730837;-0.0026091507
0.0344322;0.05320967;0.010412679
0.032233257;0.067567736;0.04583014
0.016411606;0.03530419;0.030414116
-0.010308214;0.006368351;0.005581292
-0.014496571;-0.004280319;-0.008034967
-0.020972257;-0.044049256;-0.037677974
-0.015215306;-0.047739405;-0.017642379
-0.026234744;-0.044441525;-0.0078639025
0.005574704;-0.026178218;-0.018791122
-0.0017902366;9.32425E-4;-0.021282898
0.02200531;0.02262094;-0.010776319
0.019166749;0.027471753;-0.0023710546
-0.009666601;0.028227402;0.029353157
0.011016719;0.04445692;0.004732525
0.008813376;0.007440537;0.00378602
0.0023632003;0.0028274297;0.015528816
0.009703061;-0.028988056;0.024923053
-0.0063000517;-0.026315445;0.0011884422
-0.0034775415;-0.024177356;-0.024049247
-0.005907033;-0.044341885;-0.031739395
-0.0016006265;-0.013598508;-0.025391517
-0.0012805013;0.017246194;0.004686786
0.006788099;0.029421955;0.022499429
0.005430479;0.023537563;0.017999543
-0.011280617;0.04070505;0.020649634
0.0034755068;0.013814041;0.022769708
-0.014407095;0.014176233;-0.013034234
-0.011525676;-0.0011590138;0.014572613
0.01577946;-0.007177211;0.03040809
-0.0014389325;-0.024491768;-0.019423528
0.005098854;-0.035218414;-0.009288822
0.019704083;-0.03754973;-0.0011810578
0.011075767;-0.011289786;-0.0134448465
0.0072981133;0.015968172;-0.004505877
-0.009786509;0.025274538;0.0026452984
-0.028141707;0.02646963;0.014616239
-0.019388366;0.021175703;-0.013307009
-0.0014481928;-0.008059437;-0.0106456075
-0.0042835544;-0.02207255;-0.008516486
0.013760657;-0.020783039;-0.038063187
0.014133525;-0.016626433;0.0070494493
0.01286932;-0.019551145;0.02438956
0.011857956;-0.009390917;-0.0054883524
-0.010826135;0.020612268;0.008109318
-0.022723408;0.022739813;2.3745435E-4
-0.010366227;0.008816851;0.0064399634
0.015144519;0.02580348;-0.0010980292
0.021490615;-0.0012322154;-8.784234E-4
0.010942492;-0.025985772;-7.027387E-4
-0.017808506;-0.023913618;-0.019312192
-0.006434305;-0.019130895;-0.0029497528
0.007352556;0.0034452844;0.0038901977
-0.020680455;0.018381227;0.021862159
0.0037681358;0.020954981;0.023739727
0.007702009;0.0073889857;-0.0060082185
0.007724107;0.015286189;-0.004806575
0.026491785;0.021603951;0.01490474
0.0071309283;-0.0014668393;-0.013076208
-0.0114827575;-0.0011734714;-0.022960966
-0.018561205;-0.022813777;-0.030868772
-0.008598965;-0.0057510217;-0.0059450185
-0.0037541718;-0.010850817;0.0077439854
-0.020190837;6.943461E-4;0.031195188
-5.276699E-4;-0.018194523;0.03120615
-0.005109636;-0.0020556184;-0.0062850798
0.009974792;0.004605505;-0.017528065
0.017354833;0.013059404;0.0109775495
0.020133866;0.022947524;0.02753204
-0.015142906;0.0058580185;-0.009224368
-0.0074268254;-0.004688585;-0.026129495
-0.0012539604;-0.0037508681;-0.008403596
-0.016628169;-0.021750694;-0.006722877
-0.025802534;-0.033025555;8.716986E-4
-0.014392028;-0.020170445;-0.03055264
0.022861378;-0.0067613553;5.5788714E-4
0.047976602;-0.0054090843;4.4630968E-4
0.013381282;-0.0012022676;0.0066070477
-0.0064824745;0.005288186;-9.6436177E-4
-0.01612348;0.010480549;0.01797851
-0.0066487836;0.017759439;0.008132809
0.002493473;0.017332552;-0.005993753
-0.012067721;0.02011604;0.0014549975
-0.017466677;-0.008907167;-0.0113360025
-0.006160842;0.011624266;-0.0278188
0.018508827;-7.558703E-5;-0.028505042
0.025744561;-0.02506047;0.027195968
-0.004404351;-0.035673376;0.021756774
0.0011640192;-0.0316637;-0.0013445811
-0.0053187846;-0.0065809605;-0.013575665
-0.0120675275;-0.0052647684;-0.004610532
-0.0018415222;0.023913186;-0.0036884255
-0.017098218;0.025380548;-0.01545074
0.012883926;0.0078044385;-0.0061105923
0.019682141;-0.015631448;0.026361527
0.007933212;-0.0031301593;-0.003910779
-0.01084093;-0.0025041273;0.0031213767
0.002264756;0.004246698;0.008747102
0.015874306;0.019022359;0.013247681
-0.009175556;0.015217886;-0.014401855
-0.0073404447;-3.256906E-4;-0.005271484
0.006627644;-0.019010553;-0.016717188
0.0053021153;-0.021458441;-0.01337375
-0.0035708079;-0.017166754;0.008051001
-0.018481646;-0.019983403;0.0064408
0.005527183;0.0027632776;-0.0010973599
0.0059842463;0.017835623;0.005372112
0.006349897;0.023643497;-0.008202311
-0.013670082;0.006414798;0.0121881515
-0.010936066;-0.0011181615;0.022250522
-0.008748853;-0.02276953;0.005300417
-0.005436582;-0.033840623;-0.033259667
0.030025734;-0.0051974985;-0.020357734
0.019333087;0.011467001;0.021213813
0.01546647;0.031048601;0.010721051
-0.011064324;0.009213881;0.008576841
-0.02760146;0.022996105;-0.0056385277
-0.017393667;0.037146885;0.0017391781
0.0063975663;0.007842507;0.026391342
-0.0011319472;-0.034350995;0.014863074
-0.0071555576;-0.0712308;-0.025609542
-0.0119744465;-0.094484635;-0.039237633
-0.009579557;-0.07558771;-0.031390104
-0.0076636453;-0.060470168;-0.025112085
0.0048065837;-0.045251135;-0.038839668
0.016345266;0.10754909;0.050178267
0.019326214;0.11103927;0.052642614
0.015460971;0.07945642;0.04836409
-0.031381223;0.035440136;0.007441272
-0.028229978;-0.0060228915;-0.031546984
0.022728518;-0.039193314;-2.375859E-4
0.018182814;-0.03135465;-0.018940069
-0.010453749;-0.02508372;-0.008902055
0.0025745006;-0.023191977;-0.019621644
0.008309601;1.964189E-4;-0.009447315
-0.0058523198;0.018907135;0.004942148
-0.017181857;0.04012571;-0.0022962817
-0.0121829845;0.013350567;0.010662975
0.0043161125;0.0013054531;0.008530379
0.01751539;-0.008330638;-0.0056756963
0.020262312;-0.00666451;-0.017040556
0.0068348497;-0.008456608;-0.0011324456
0.008592879;-0.0036402864;-0.013405956
0.019374304;0.006462771;-0.004474765
-0.015750557;-0.004204783;0.015170188
-0.028225446;-0.0033638265;0.03088615
-0.013205357;-0.0058160615;0.03095892
3.732148E-4;0.0015971509;0.0060171364
0.017486071;0.0075277206;-0.02018629
0.0077388575;-0.009602823;-0.009899033
-0.020371415;0.007942742;-0.020419227
-0.0069221314;0.018854193;-0.003835381
0.014774795;-0.0036666456;-0.009318305
8.82336E-4;-0.0060583167;-0.0012046439
-0.005544131;-0.004846653;0.024036285
2.5219505E-4;0.017997678;0.012979028
-0.009173244;-0.013726858;0.016633222
0.0020364048;-0.0047314866;0.013306578
0.028191624;-6.6018914E-4;-0.0143547375
0.0147408;0.01822185;-0.01148379
-0.014769861;-0.007297521;-0.015437032
-0.004003389;-0.012088017;0.006400374
0.003047289;-0.028420413;-0.0198797
-0.0022496686;-0.035236333;0.00909624
-0.001799735;-0.0031890646;0.0010269916
0.012622712;0.022448748;0.0070715933
0.00541067;0.008583998;0.011907275
-0.0034839644;0.016242199;0.02827582
-0.005912171;0.009868759;0.0038706558
0.0015202628;0.0016450073;-0.015653476
0.01840371;0.010691006;-0.01252278
0.0037854682;0.011677804;0.0024817758
0.0030283746;-0.021907756;0.008235421
0.0071102;-0.026901204;-0.0059116636
0.0056881597;-0.021520965;-0.004729331
-0.004824472;-0.02034177;-0.022533465
-0.008547078;-0.013148417;0.0069732284
0.013474838;0.008231266;0.018078582
-0.00328263;0.034710012;0.0019628662
-0.026063604;0.05276801;0.0015702929
0.010399117;0.03283941;0.007506234
0.011444294;0.029396527;0.0060049873
-0.0033445652;0.017267222;0.01105399
-0.002675652;-0.017436223;0.002593192
-5.780217E-4;-0.04207398;0.0020745536
0.013600083;-0.030534182;0.0016596429
-0.010994934;-0.027552346;-0.023672286
-0.024420947;-0.018916877;-0.04393783
7.757423E-4;0.022366498;-0.010150263
-0.007191906;0.042893197;-0.00812021
-0.005753525;0.04056456;0.006003832
8.468006E-5;0.0137016475;0.023553066
-0.010869756;0.010961317;0.0063424525
0.010054195;0.018144054;0.017573962
0.031480856;0.0051402436;0.0078091696
0.025184685;-0.024012806;-0.025002664
-0.006414752;-0.022335244;0.0049978686
-0.028569302;-0.011618195;0.022748295
-0.005667941;-0.018669557;-0.006801364
-0.004534353;-0.011810645;-0.017941091
-0.022377482;-0.006323516;-0.008102873
-0.0054019857;0.016816188;-0.0064822985
0.015990911;0.01032795;-0.005185839
0.003417729;0.02076236;0.008351329
0.013671683;0.03223489;-0.005818937
0.023437347;7.8791025E-4;0.0015948506
0.018749878;0.0037553282;0.0075258804
0.005624902;-0.009495737;0.012270704
-0.025187578;-0.02009659;0.0035665636
-0.023275062;-0.022327272;-0.015896749
-0.02330755;-0.005361818;-0.0189674
-0.00770854;0.017585546;-0.0026739195
0.0094581675;0.010943437;0.010360864
-0.011183466;0.0025047495;0.008288692
-0.013634273;0.0113788;3.8095322E-4
0.04378008;0.01222804;0.04405476
0.030336566;0.02228243;0.02274381
-0.017918248;0.0022009453;-0.019304952
-0.015897099;-0.007614244;-0.0091939615
0.0060323216;-0.006091395;-0.0011051693
0.0032633573;0.013876884;-8.841354E-4
-0.014576814;0.011101508;0.011792691
-0.0085364515;0.005756206;-0.0030658466
9.833389E-4;0.0014799646;-0.027452677
0.024224171;-0.008191029;0.003037858
0.030316837;-0.040927824;0.014930286
-0.0054340307;-0.045242257;0.02444423
-0.0043472243;-0.036193807;0.019555384
-0.0034777794;-0.028955046;0.015644306
-0.0027822235;-0.0012890361;0.012515445
-0.01941328;0.03021877;-0.014987644
-0.029593123;0.033550017;-0.030740116
-0.025236998;0.051840015;-0.018342093
-0.0045645987;0.035222013;-0.008423674
0.015098321;0.01880261;0.0057610613
0.03864116;-0.013082913;0.017108848
0.027787926;-0.04484133;0.013687079
3.5534034E-4;-0.060873065;0.0046996633
-0.0075282278;-0.03307345;-0.03374027
0.009602418;-0.03270876;-0.020742215
-1.3056575E-4;0.02695799;0.014656228
-1.044526E-4;0.06844139;-0.013275018
-0.009458562;0.07037812;-0.023120014
-0.0075668497;0.043802492;-0.012246012
-0.02324098;0.025666993;0.04020319
0.022032216;-0.0044664056;0.025912553
0.03325077;-0.041073125;0.001980042
0.020350618;-0.0703585;0.007834034
6.554947E-4;-0.0625368;0.0062672268
-0.0010381043;-0.02502944;-0.02623622
-0.027392983;0.004976448;-0.033488974
-0.037539385;0.047731157;-0.00804118
-0.02221901;0.08193493;0.024817057
0.010349792;0.071797945;0.044853646
0.027029835;0.044938352;0.054632917
0.018498868;-0.010924318;0.0062063327
0.005424094;-0.058739454;-0.0012849338
0.019964276;-0.09074156;0.011472053
0.01909642;-0.08509325;-0.053322356
-0.009722864;0.0194254;-0.055157885
-0.048403293;0.03116532;-0.0128763085
-0.015285133;-0.009442744;-0.004051047
-0.018478107;0.026820805;0.015509162
-0.036657486;0.055831645;0.04365733
0.0081740115;0.010290315;0.016175864
0.05341421;-0.0073927483;0.006690691
0.030231368;-0.009039198;-0.013397447
-0.007064906;-0.016606359;0.0017820423
-0.010339425;-0.019535087;-0.011074366
0.0073534604;-0.0062530697;-0.008859493
-0.009742232;-0.008127456;-0.013337594
-0.023418786;-2.5196455E-4;-0.0044200756
-0.012485028;0.018548429;0.0027139396
-0.009988023;0.008588742;-0.03532885
0.0060720816;0.009995994;-0.0032630786
0.015795166;0.017371796;0.028639536
0.014198632;0.020147435;0.03541163
0.020733906;0.01924295;0.0033293038
-0.009975376;-0.01585564;-0.003586557
-0.0157928;-0.0033095127;-0.009119245
0.01705326;-0.00889761;-0.0010453964
-0.001982392;-0.007118088;-0.013336318
0.006226586;-0.011944471;-0.0106690535
-0.004393731;-0.0064305766;0.010214757
-0.023827484;0.007355539;0.014421806
-0.009686988;0.0058844313;-0.0072125555
0.02037541;0.0015825449;-0.0057700444
0.03505033;0.013766036;0.051633965
-0.007897237;0.02351283;0.016307171
-0.02194279;0.018810263;-0.0057042628
-0.0081792325;-0.01620179;0.007936589
0.013769114;-0.044211432;0.018849272
-0.0014847086;-0.016619146;-0.028670583
-0.034000266;-0.013295316;-0.041686468
0.0040497864;-0.016886253;-0.002099173
0.017302329;0.020865997;-0.007929338
0.021654364;0.026067799;0.01240653
0.01419849;0.020854238;0.0036752236
-0.015203708;0.029183391;0.0029401788
0.005024534;0.017096713;0.008602143
0.013394627;-0.00194763;-0.018118285
-0.023659298;-0.017183105;0.016755372
-0.011114938;-0.013746483;-0.011595703
-0.01982945;-0.029747186;-0.0030265623
0.004448939;-0.02692275;0.01632875
0.011371652;-0.0090382;-0.0056869998
-0.0049651787;-0.010355559;0.0017004001
-0.003972143;0.010465552;0.01386032
0.018697286;0.033372443;-0.020161744
0.016520329;0.020447953;-0.003629395
-0.0024087373;0.025733363;0.015846483
-0.00973949;0.02683669;0.018927187
-0.007791592;0.012094352;-0.02235825
-0.0015457735;3.0048177E-4;-0.0053866003
-0.0074866186;0.0033653853;-0.0043092803
0.001823205;-0.016057692;-0.009697424
-0.004791436;-0.019096153;0.02974206
0.0055418513;-0.024651922;-0.013706352
0.009120981;-0.010346538;0.0015349188
0.019796785;0.01672277;0.019977935
2.1242781E-4;0.013378216;0.009732348
0.0032949422;0.010702573;-0.029714122
0.0026359537;0.008562058;-0.023771297
0.003671263;0.013099646;0.024732962
0.0060620103;0.013604717;0.013536369
-0.004525392;0.0140087735;-0.007920904
-0.0020578133;-0.004417981;-0.018836724
-0.007896251;-0.009784385;0.0036806213
-0.0031920006;-0.010952508;0.009194497
-0.010366101;-0.008762007;-0.0051444024
-0.0036053804;-0.053884607;-0.004115522
2.4069574E-4;-0.033732682;0.0029575825
-0.0029324435;-0.0019861471;0.021116067
-0.008595955;-0.010963918;-0.014357147
-0.016251763;0.013103866;-0.011485718
0.007311089;0.016733093;0.015811427
0.005848871;0.032136474;0.01889914
0.004679097;0.02258418;0.0026193126
-9.4422244E-4;0.008692344;0.02084545
8.0712204E-4;-0.008671125;-0.01457364
-0.0056043025;-0.0131869;-0.06790891
-0.007608442;-0.01679952;-0.016827129
0.0032882465;-0.016564617;0.030288296
0.012005597;-0.016376693;-0.007019363
-0.020083021;0.011898646;-0.01811549
-0.011378918;0.025143916;-0.0019923924
0.009646866;0.013865133;0.029656086
0.031154992;0.017342107;0.01747487
-7.600591E-5;0.013873685;0.0014798952
-0.0016233047;-0.0045260517;-0.0050660837
-0.009111144;-0.022370841;-0.010302867
-0.011976415;-0.024146672;0.0042577065
-0.018956132;-0.009942339;-0.002843835
-0.013602406;-0.02045387;-0.0022750678
-0.0030694245;-0.025738096;-0.008070054
0.011606961;-0.0018404773;-0.012706043
0.012410568;-0.010847382;-0.003914835
-0.0010090453;0.0038220945;-0.0031318679
0.022630263;0.018682675;0.016244506
0.01810421;0.0055711404;-0.0057543954
-0.0042666313;0.023206912;-0.0046035163
-0.014350805;0.01856553;0.015067187
-0.011480644;0.005477424;0.01830375
-0.0060595153;-0.014368061;-0.010357
-1.6011215E-4;-0.020869449;-0.0207856
0.00768441;-0.016695559;-0.0041284803
0.021772528;-8.5644715E-4;0.021697216
0.023668023;0.024314843;0.03610777
0.011121918;0.031951874;0.010136218
0.0073350347;0.025561498;0.008108974
0.010555527;0.0079491995;0.018987179
0.003756922;-0.0030156407;0.0026897436
-0.021994462;-0.018037513;-0.010348205
-0.02384557;-0.02380501;-0.033278566
-0.033138957;-0.009669008;-0.007872852
0.006301335;-0.010860207;-0.03129828
0.031603567;0.0069368347;0.0062113754
0.012782855;0.027424468;0.0362191
-0.0053987163;0.012564574;-0.0022747198
-0.018381473;-0.01182334;-0.026819777
-6.4267847E-4;0.0061663277;-0.0027058206
0.0057358574;-0.013816938;0.0040853433
0.0014636858;0.0014464497;0.0032682747
-0.0035165513;0.010532159;0.00261462
0.022186758;0.024050727;0.014591696
0.011499407;0.019240582;-0.0070766434
0.009199526;0.0153924655;-0.005661315
0.0073596206;0.012313972;-0.004529052
-0.028487304;-0.0026488218;-0.009873241
-0.019664843;-0.027119057;-0.007898593
-0.015731875;-0.015445246;-6.8874484E-5
-0.020398;-0.021731196;-0.0125551
-0.0038183995;0.0076150424;0.01495592
0.021945281;0.024842033;-0.006785264
0.015993724;0.016748628;0.007071789
0.0049824794;0.013398902;0.005657431
-0.0038265164;-0.0049058786;0.004525945
0.007876287;-0.007049703;0.0036207559
0.007863529;-0.011889762;0.034146603
0.0031658236;-1.3680983E-4;0.027317284
0.0025326589;-0.018859448;-0.003146173
-0.005786373;-0.021337558;-0.027516939
-0.028066598;-0.023320047;-0.00951355
0.008796722;-0.006156037;0.0048891595
0.005474877;-0.0017998299;0.0039113276
-0.0159326;0.0016851361;-0.009370938
-0.012746079;0.013848109;-0.013746751
7.406371E-4;0.023578487;0.0077525997
0.01153001;0.01573779;0.03745208
0.015474007;0.0063402317;0.004961664
-0.0016832938;0.0050721853;-0.002280669
-0.032596637;0.0040577482;-0.014324536
-0.010452308;-0.009253802;0.0072903717
0.008825653;-0.0074030412;0.012082297
0.002373023;-0.009047433;-0.009084162
0.0034609183;-0.025987945;-0.0010173296
0.0105812345;-0.033290356;-8.138637E-4
0.017839987;-0.017257286;-0.01940109
-0.01072801;-0.0075558284;-0.015520873
-0.016394908;0.028330337;-0.012416698
0.010321573;0.04453927;-0.009933359
0.016069759;0.045006417;-0.0016966868
-0.007456693;0.014130132;0.02364265
0.015909646;-0.0011958939;0.012664121
0.0033527166;-0.035331715;0.0038812964
-0.014505327;-0.047015373;-0.015644964
-0.016291762;-0.056362297;-0.02501597
0.0010290908;-0.026339838;-0.007512776
0.013323273;0.0070531294;0.025239779
0.023158617;0.018142503;0.0076918234
0.0044643944;0.058264002;0.012403458
4.4651562E-4;0.055986203;0.0036727667
3.572125E-4;0.029163962;0.009188213
0.01122327;0.01708117;0.013600571
-0.016021384;-0.008210065;-0.0016195434
-0.012817107;-0.040943053;-0.0075456346
-0.0024411858;-0.03275444;-0.018536508
-0.0035154487;-0.023078553;-0.014829206
-0.004374859;-0.021587843;-0.0056133647
0.0136876125;-0.004770274;0.008009308
-0.0015499097;0.0024337808;1.5744643E-4
0.005010072;0.011322024;1.2595713E-4
0.019633058;-3.1738024E-4;0.012600766
0.0032064463;-0.0065039042;0.010080612
-0.016184842;0.0010468767;-0.00443551
-0.016072875;0.0102125015;-0.016048407
-0.0159833;0.011295001;-0.019088726
0.01065086;0.012161001;-0.009020981
0.013208188;-0.0027711992;0.036533214
-0.0034959493;-0.0022169594;0.010476572
0.01282824;-0.023648567;-0.03536874
8.8759244E-4;-0.028293854;-0.009544994
7.100739E-4;-0.022635084;0.011114005
-0.005681941;6.419334E-4;-0.009858796
-0.023295553;0.0067635467;0.010862963
1.1355785E-4;0.011660838;-0.0038096295
9.084628E-5;0.02182867;0.015702296
-0.010864823;0.029962936;0.006311837
0.016308142;0.005220349;-0.0012005303
0.0021090133;-0.008323721;-0.007210424
0.0016872106;-0.009783977;-0.0057683396
-0.01583773;-0.023452181;-0.023364672
0.007642315;-0.025011744;0.012558263
0.023301352;-0.0012593961;-0.01495339
-0.0016714185;-0.0010075169;-0.011962712
-0.010712135;-0.0070560137;-0.0033201694
-0.019507207;0.0037301893;-0.0026561355
-0.014043266;0.0029841512;-0.0021249084
-0.001859613;-0.006987679;0.017050073
-0.0014876904;6.598569E-4;-0.011359941
0.015997348;-0.0057221144;0.003412047
0.039360378;-0.02020269;0.008979637
0.008050802;-5.371533E-4;0.03218371
-0.001371858;0.021445278;0.019496968
-0.0057849865;0.03590622;0.009347575
-0.02181549;0.013099978;-0.011271941
-0.011202391;-0.011395018;-0.0027675524
-0.023024414;-0.0091160145;0.022785958
-0.0043570306;-0.02291781;-0.025521234
0.0058893757;-0.04645925;-0.057916988
0.014086501;-0.0215424;-0.01508359
0.008144201;0.0015160805;4.3312844E-4
0.020577861;0.0074628643;0.0128465025
-0.0038502116;0.015345291;0.016527202
-0.0062051695;0.024776233;0.0069717616
-0.0049641356;0.013570987;0.011827409
-0.0039713085;0.01085679;0.009461927
-0.0063020466;-6.895686E-4;-0.011180458
-0.020666637;-0.006801655;0.009805634
-0.00403331;-0.0116913235;-0.004655493
-0.015726648;-0.02810306;-0.034974396
-0.012581319;-0.022482447;-0.027979515
-0.0100650545;-0.017985959;-0.022383612
0.004447956;-0.0050137662;8.4311E-4
-0.001129135;0.036613986;0.006924488
0.019409193;0.02929119;0.024289591
0.024902353;0.0046829516;0.019431673
0.021484382;0.009996361;0.015545337
-0.0156249935;-0.013877911;-6.3729705E-5
-0.006249995;-0.020477328;0.0061990162
0.021562504;-0.025756864;-0.001290787
0.017250003;-0.03310549;-0.0072826296
-0.017449997;-0.0046093925;-0.037076104
-0.023334999;0.005687486;-0.010910883
-0.018667998;0.004549989;0.010021294
-0.0071218987;0.03176499;-0.004482965
5.5248104E-4;0.03478699;-0.0035863721
-0.004245515;0.018454595;0.028380902
0.013791088;0.0053886753;-0.002295278
0.02822037;-0.00818906;0.016913777
0.025701296;-0.012801248;-0.005218978
0.015873536;-0.028990999;0.0020748177
0.00801133;-0.0481928;-0.017090145
-0.015465937;-0.013554239;-0.0011721167
-0.020185249;0.004781609;-0.013437693
-0.016148198;0.006950287;-0.004500155
-0.011356059;0.02118523;0.0026498763
-0.020022348;0.054448184;0.002119901
0.001169622;0.04043355;0.02044592
-0.0021893024;-0.011403162;0.0038567367
0.006061058;-0.0059975297;-0.015664611
0.015786346;-0.011048024;-0.025031688
0.0032540772;-0.008838419;-0.007525351
0.010415762;-0.010195735;0.03147972
0.019270109;-0.020656588;0.018933775
0.0060410877;-0.032150272;-0.009852979
-0.00922963;-0.031970218;-0.014132383
-0.029258704;-0.013076173;-0.005055907
-0.010906964;0.0051640617;0.008455275
-0.02435057;-0.017743751;-0.03073578
0.008644544;0.0076799993;-0.005838624
0.016290635;0.043644;-0.0046708994
0.031782508;0.0442902;0.01501328
0.044176005;0.06980716;0.030760624
-0.002159195;0.03397073;0.0308585
-0.029852357;-9.484178E-4;-0.0065632006
-0.0020068847;-0.0038837343;-0.03025056
0.004644492;-0.040606987;-0.030450448
-0.0025344063;-0.06686059;0.0068896413
-0.027027525;-0.044113472;0.011761713
2.5297998E-4;-0.0040407777;-0.00934063
0.036139883;0.018642377;0.0050274963
0.027349407;0.027413903;0.010271997
0.0015670258;0.018806122;0.020717598
-0.02062138;0.018169897;-0.008425922
-0.019622104;0.005160918;-0.012990737
-0.026635183;0.0072537344;-0.01664259
-0.015058146;-0.0035720125;-0.007064072
-0.010484017;-0.01223261;5.987424E-4
0.025987787;-0.012911088;0.012978994
0.03641523;-0.0072038705;0.022883195
0.027569683;0.025486903;0.030806556
0.009555747;0.007889523;0.043395244
-0.017355403;-0.0061883815;-0.015283804
-0.013884322;-0.020575706;-0.018477043
-0.0017324578;-0.022710564;-0.008531635
-0.015448466;-0.04316845;-0.013075308
-0.023296272;-0.018909762;-0.016710246
-0.010824518;4.971911E-4;-0.013368197
-8.4711466E-4;0.050397754;-0.010694558
0.007134808;0.059068203;-0.014805646
0.0041453466;0.04412956;0.013155484
0.009566277;0.01342865;0.016774386
0.015465522;-0.014257081;0.0071695093
-0.020440083;-0.014530664;-0.019264393
-0.016352067;-0.024124531;-0.021661514
0.0056683472;-0.038049623;-0.01732921
0.010784678;-0.0023147;0.01738663
8.152422E-4;0.01064824;0.0139093045
-0.021222806;0.011643592;0.004877444
0.004896755;0.009314873;0.003901955
0.002354904;0.026201898;0.009371564
0.0050089234;0.027211519;0.019997252
0.014944638;-1.05784755E-4;0.0222478
0.010393211;-0.015709627;0.017798241
0.009877069;-0.028192703;-0.0045114076
-0.003035845;-0.0038041617;-0.003609126
0.014758824;-0.02179333;-0.009137301
-0.006942941;-0.008059664;-0.02605984
-0.0024293526;0.009177269;-0.008347873
-3.8098212E-4;0.0042168153;-4.2829796E-4
-0.0018672857;0.012748452;0.0059073614
-0.0061813286;0.032073762;0.010975889
-0.003382563;0.01315901;0.008780711
4.1894973E-4;0.0074022077;0.013274569
-0.0012273402;-0.006578234;-0.014380345
-9.818722E-4;0.007237413;-0.030254276
0.007027002;-0.0035850697;-0.005453421
9.341018E-4;-0.024743056;0.014387264
0.0038722814;-0.026044445;0.02400981
-0.0094021745;0.013539445;-0.005792151
0.00810326;0.023331555;0.014116279
0.014295108;0.015540244;0.017543023
0.0036235864;0.009307195;-0.0047155814
-0.004913631;-0.008179244;0.008727535
-0.021118404;-0.009668395;-0.005517972
-0.007519724;-0.020234715;0.008085622
-0.006015779;-0.016187772;0.0064684977
-0.0048126234;-0.012950218;0.0051747984
0.022712402;0.020889826;0.010389838
-5.8007886E-4;0.03546186;0.0083118705
-0.002026563;0.018994488;0.0066494965
-0.00943375;-0.009804409;-0.038430404
0.008078;-0.048468526;-0.024494322
2.1239971E-4;-0.023149822;-0.019595457
-0.01701758;-0.012269857;-0.021926366
-0.012051565;-0.006690886;-0.011291093
0.020046249;0.029022291;0.028467126
0.0269745;0.05759283;0.029023701
0.021579599;0.055449266;0.029468961
-0.01711132;0.013109413;0.0048251683
-0.021501556;-0.011387469;-0.008639866
-0.0031387452;-0.0028599757;0.018088108
0.042801503;-0.02728798;-0.023029514
0.015491203;-0.046830386;-0.005923611
-0.011044538;-0.062464308;-0.010988889
-0.02602313;-0.028096447;-0.04004111
-0.006756004;0.011897843;-0.01953289
-0.0069673033;0.053268276;0.015623689
-0.0024488426;0.06136462;0.024998952
-0.001959074;0.042841695;0.038749162
-0.0015672592;0.028023357;0.018499328
0.015933692;-0.0025813146;0.008549463
0.023684453;-0.03331505;-0.0056604296
0.0017600632;-0.06415204;-0.017028343
-0.00796695;-0.051321633;-0.026122674
-0.03918606;-0.034807306;-0.02714814
-0.031348847;0.015904155;-0.027968513
0.004608422;0.037723325;0.02137519
0.008374237;0.05205366;0.023350153
0.01138689;0.060392927;0.037430122
-0.009640488;0.029564342;0.017444098
0.00635011;0.0049014734;0.001455278
0.020705087;-0.024203822;-0.011335778
0.0071890703;-0.019363057;-0.009068622
-0.025498744;-0.018615445;0.017745102
-8.64951E-5;-0.039892357;0.0016960818
0.007743304;-0.056913886;-0.017393135
-0.0016178569;-0.036156107;-0.03891451
-0.0028567854;0.0023251134;-0.012381606
0.0070895716;0.02061009;-0.009905285
0.018171657;0.050863072;0.010825772
0.014537326;0.04069046;0.008660617
-0.0071201394;0.048177365;0.019428493
0.009928889;0.038541894;-0.0032072046
0.0063806106;0.015208514;0.016184237
-0.0027080113;-0.006583188;4.47389E-4
0.011896091;-0.04901655;0.012857911
0.0063918727;-0.07671324;-0.008463671
-0.027699001;-0.06449559;-0.031770937
-0.0159092;-0.035971474;-0.012916749
0.007585139;0.008722821;-0.010333399
0.006068111;0.047603257;-0.01451672
-0.029520512;0.063082606;8.866243E-4
-0.02674141;0.059841085;7.092994E-4
0.002044373;0.041622866;0.019317439
0.023510499;0.0114232935;0.04045395
0.018808398;-0.034611367;0.03236316
0.02285922;-0.06518909;-0.005359471
0.015162375;-0.06465127;-0.023037577
0.0043174;-0.05484602;-0.024680061
-0.01217108;-0.028251816;-0.03224405
-0.025361864;0.021148548;-7.952393E-4
0.004710509;0.06379384;-6.3619146E-4
-0.021231594;0.06353507;-5.089532E-4
-0.0076102745;0.057078056;0.012092837
0.01734928;0.042537447;0.02842427
0.020129424;-0.012845044;0.003989416
0.0036035394;-0.035276037;0.009441533
-0.009617168;-0.07822083;-0.0111967735
-0.015506235;-0.07507666;-0.021457419
-0.012404988;-0.04756133;-0.035915934
0.0025760098;-0.031799063;-0.02248275
0.017685808;0.015185749;0.0070138015
-0.0061638537;0.0652736;-0.013138959
-0.014306083;0.08659388;0.008238833
-5.073664E-4;0.056775104;0.019091066
-4.058931E-4;0.017295083;0.009022853
0.0012377856;0.007586066;0.03221828
-0.016197272;-0.04080615;0.044524625
0.0120421825;-0.054519918;0.010619701
0.011196246;-0.037365936;-0.029004239
0.007394497;-0.036142748;-0.041953392
0.015290597;-0.0070391977;-0.027312713
0.016919978;0.03811864;0.009399829
0.013535982;0.055494912;0.038769864
0.003016286;0.07877093;0.031015892
0.01960053;0.059891745;0.031062713
-0.014007077;-0.0052116043;-0.00639983
-0.03933066;-0.038544282;-0.0113698635
-0.03146453;-0.043335427;-0.021595892
-0.009546624;-0.053418342;-0.004776713
0.007987701;-0.045859672;-0.01632137
0.018890161;-0.0054377387;-0.019307096
0.0057371287;0.008149809;0.022054324
0.015527203;0.025269847;0.011393459
0.0030467624;0.035840876;-0.015885234
0.00243741;0.022422703;0.012291813
0.011324928;0.017938161;0.02233345
0.023122443;0.011225529;0.02411676
-0.0065020462;-0.009769577;-0.0057065915
-0.005201637;-0.04531566;-0.0045652734
-0.0041613095;-0.05187753;-0.009902218
-0.020516548;-0.035252023;-0.051671773
-0.010163238;-7.6618504E-5;-0.02883742
-0.01750559;0.006188705;-0.023069937
-0.014004473;0.036200963;-0.024705948
-0.026828578;0.03833577;0.005235241
-0.0011503623;0.027543617;0.041688193
0.01470471;0.025159894;0.058350556
0.027388768;0.007627915;0.027930444
0.014098515;-0.015772669;-0.0026556454
0.0034663116;-1.1813445E-4;-0.0021245163
0.010585549;-0.0032195076;0.017050387
0.02409344;5.4939394E-4;-0.0051096906
0.011462252;0.022314515;0.027162248
-0.008017699;0.024101611;0.009229798
-0.012664159;0.00678129;0.013633839
-0.019506328;-8.249682E-4;-0.02034293
-0.007792562;-0.0069099744;-0.010024344
0.00939095;-0.01490298;0.0044805254
0.0075127603;-0.027547384;-0.0151655795
0.0013227083;-0.006412907;3.675362E-4
-0.0036293333;0.010494675;0.006544029
-0.009153467;0.02089574;0.005235223
0.0020522268;0.029216591;0.0041881786
0.012579282;0.023373274;0.0033505429
0.008500925;0.034323618;-0.0035695657
0.00836324;0.0024588949;0.0033943474
0.009815592;-0.010532884;0.021465478
-0.012460026;-0.014676307;-0.007827617
9.694789E-4;-0.024241045;-0.018762095
-0.011724417;-0.022517836;-0.021259675
-0.017192034;7.357307E-4;-0.010757741
3.088732E-4;0.0068385843;-0.014856192
0.020559598;0.017970867;0.025615046
0.02113518;0.023751695;0.032992035
-0.006529357;0.040876355;-0.0048563704
-0.025535986;0.017076084;-0.0101350965
-0.0063662883;-0.026964132;-0.008108077
0.016781969;-0.030946307;-0.0064864615
0.0024880753;-0.021632046;-0.005189169
-0.00425954;-0.026680635;-0.010401336
-0.025282633;-0.027594509;-0.027071068
-0.017101105;-0.006450607;0.0033431454
-0.010555884;0.0042145145;0.008924516
-0.0021947075;0.037746612;0.007139613
0.013869234;0.020822288;0.01196169
0.022032887;0.026032832;0.022069352
0.008251309;0.0020762652;0.005155482
0.011288548;-0.023338988;0.0041243853
0.04184334;-0.021796191;-0.0029504916
0.0069121704;-0.011186953;-0.0148603935
-0.021032764;4.254382E-4;-0.0056383144
-0.04338871;0.0065903505;0.007989348
-0.03471097;0.0052722804;0.0063914787
-0.027768776;0.0042178244;0.005113183
-0.01752752;0.012749259;-0.008409454
0.026602983;-0.008550593;0.005772437
-0.0037176127;-0.019340474;-0.014132051
0.011088409;-0.02797238;-0.017555641
0.019808227;-0.019252904;0.0047054878
0.023659082;-0.0029023227;0.010014391
0.0095522655;0.010178142;0.0017615121
-0.0032956873;0.023767514;0.0014092098
-0.00888655;0.03776401;0.007377368
0.0022657602;0.03958621;0.018401895
0.011187608;0.009793967;0.0022215154
-0.011362414;-0.0077898265;-0.016972788
0.008097569;-0.03748186;-0.0010782301
2.2805533E-4;-0.04873549;-0.013362584
-0.037317555;-0.020238392;0.0018099328
-0.0017290446;-0.034940712;0.013947946
0.014241764;-0.0060775704;0.004908357
0.016080912;0.023262944;-0.0023233145
3.6472917E-4;0.024860354;-0.039358653
0.012791784;0.016763285;0.0060130786
-0.011641573;0.022785626;0.011060463
0.0031867414;0.015103502;-0.0036516297
9.868931E-4;-0.016042199;-0.021671304
0.0070395144;-0.006583759;0.007662957
0.010319112;-0.039642006;0.0061303657
-0.0026822106;-0.031713605;-0.0013457075
0.022854231;-0.028495885;-0.019826567
0.002658385;-0.0071717077;-0.015861252
-0.0072482917;0.025512634;-1.8900222E-4
-0.024548633;0.036035106;0.018598799
-0.011826407;0.035078086;0.008629039
-0.0063361255;0.03118747;0.01940323
-0.0097564;-5.002516E-5;0.028022585
0.00625738;-0.00941502;0.016168067
0.0050059035;-0.026282016;-0.012065546
0.013379723;-0.024150614;-0.0034024366
0.010703779;-0.01932049;-0.0027219492
-0.0023744772;-0.031081391;-0.03342756
-3.3708182E-4;-0.006115114;-0.014242047
-0.0049571656;0.010732909;-0.0051436382
-0.008653233;0.014836327;0.0021350896
0.0102649145;0.008744062;0.0017080717
0.0066494313;0.0038702495;-0.0048835427
-0.002492955;0.0030961996;0.014843166
0.005818136;0.02435196;0.018124532
0.0015295089;0.013231568;-0.010500374
-0.006588893;-0.0019147459;-0.008400299
0.013478885;-0.020281797;0.02452976
-0.0032793914;-0.025600437;-0.0053761913
-0.032311015;-0.02985535;-0.016800953
-0.00866131;-0.01763428;-0.0071907626
-0.008491549;-0.007857424;-0.01200261
-0.005230739;0.009339061;-0.009602088
-0.01824709;0.0074712485;-0.0076816706
0.008839827;0.002851999;-0.018645337
0.027384361;0.014781599;-0.0086662695
0.03909499;-0.0069247205;0.036816984
0.014088492;-0.014914776;0.03570359
-0.0059167068;0.009943179;0.02231287
0.0030791345;0.007954543;-8.997038E-4
-0.008474193;1.13634414E-4;-0.019469762
-0.022404354;0.009465908;0.0031741895
-0.021048483;0.004447726;-0.022460649
0.0019112135;0.0035581808;-0.011718519
0.014028971;-0.009653456;0.009375185
0.036223177;-0.0077227643;-0.004999852
0.003978541;-0.012428211;-0.028999882
-0.015567167;-0.009942569;-0.0044499054
-0.029641233;-0.007954055;-0.016059924
0.005974513;0.024886755;-3.4793935E-4
-0.00928289;0.010534405;0.018471649
-0.0058638114;-9.474763E-4;0.02102732
-0.007816049;0.008617019;-0.001928145
0.01562216;-0.014981384;-0.007792516
0.018747728;-0.027610108;0.006265987
0.019685682;-0.025213087;-0.02623721
0.007936046;-0.01704547;-0.008489768
-0.015526163;-0.023011375;0.018208185
-0.0108584305;0.0190909;-0.010433451
-0.0055617443;0.01839772;0.0041532386
-0.013824396;0.020968176;0.009572591
-0.014184516;0.0011495407;-0.0048419274
-0.016035113;0.022794632;-0.028873542
0.0059219096;0.002610706;0.014401167
0.012550028;-0.007286435;0.024020933
0.014727522;0.012920852;4.667466E-4
-0.0022804823;0.010336681;0.012873397
-0.0018243858;-0.0073556546;-0.0022012822
-0.0045845085;-0.015259524;0.0044889743
0.004144893;-0.01845762;-0.0026588205
0.008003415;-0.014766095;-0.027127057
-0.0107847685;0.006937124;0.009548355
-8.1531476E-4;0.008674699;0.0013886839
0.013410248;0.006939759;0.026110947
0.0076031988;0.014926807;0.033388756
-0.020479942;0.018191446;-0.017038994
-0.016383953;0.011428157;-0.013631195
0.0025178376;-2.3247462E-4;-0.004654956
0.0067017702;-0.02206098;-0.0037239648
0.003798916;-0.033273783;0.009520828
0.0046016327;-0.035994027;0.013866662
-0.0010061937;-0.04442022;-0.02015667
0.007007545;-0.023036178;-0.034875337
-0.002206464;0.012821058;-0.02165027
-0.0017651712;0.010256846;-0.017320216
-0.001412137;0.008205477;-0.013856172
-0.013629709;0.037814382;0.032665063
0.026596233;0.042751506;0.04488205
-0.008410514;0.015451204;-0.007844361
0.010459089;0.012360963;-0.018775487
0.005242271;-0.008861229;-0.01502039
-0.012993683;-0.0070889834;-0.0057663126
-0.0025824467;-0.0025461868;0.0016369501
0.005746543;0.0010880507;0.026309561
-0.0063402657;0.01649544;0.008547648
0.0058652875;6.963524E-4;-0.018161882
-0.0015577701;-0.015067918;-0.020779505
0.022191284;-0.0026793345;0.033376396
0.009940527;-0.020893468;-0.029548883
-0.018610079;-0.026089774;-0.017389107
-0.014888063;-0.0052468195;0.011088715
0.01152705;0.014552545;0.0026209718
0.01390914;0.021017035;0.020846777
-0.015435188;0.026188629;0.010427422
-0.0045356504;0.008450903;0.008341937
0.0010589797;0.009885722;0.01292355
0.021159684;0.007908578;0.00408884
0.020052748;-0.015548138;0.003271072
-0.0073953024;-0.01556351;0.0026168576
-0.010603742;-0.03745081;0.008343486
-0.024107993;-0.014335646;-0.012075211
-0.0130363945;-0.0020935172;-0.047160167
0.013008384;0.013950186;-0.018978136
0.013531707;0.01741015;0.009817492
0.012387866;0.03580312;0.020353993
0.0020977927;0.025517495;0.016283195
0.0016782341;0.014163996;0.025526555
0.0029050873;0.011331197;0.007921245
0.01013657;-0.028435042;-0.018663004
0.0018592558;-0.032123033;-0.008680403
-0.028200096;-0.025698427;-0.0069443225
-0.013185076;-0.0018087417;-0.011805458
-0.008985561;0.0048030065;-0.0031943666
6.240512E-4;0.028842404;0.009944507
0.019249242;0.016823925;0.007955605
0.020086892;0.0134591395;0.018864485
-0.010492986;-0.0048576887;0.008841587
-0.024019388;-0.013261151;-0.01792673
-0.009840511;-0.019983921;-0.020591384
-0.0016224087;-0.015987137;-0.0039731073
0.008077073;-0.0127897095;0.0030715142
-0.0029133416;0.0022682326;0.0024572115
0.008606827;0.014314586;-0.010534231
0.020947961;-0.0010483311;0.0040726154
-0.011366631;0.008536335;0.0032580923
-0.0012808047;0.009954068;-0.009893526
-0.018212143;0.020463254;-0.007914821
-0.008319715;0.0069956034;-0.012581857
-0.016030772;-0.0037785172;-0.028815486
-0.0034496177;-0.0030228137;0.020697612
0.033177804;0.006956749;0.004058089
0.021854745;-0.006934601;0.021996472
0.009671296;0.0038273195;0.011347177
-0.0063254633;-0.028188145;0.0028277417
0.01368963;-0.0038005156;0.008512193
0.0031392034;-0.0030404124;0.0068097548
-0.009988638;0.00694267;-8.021962E-4
-0.01736591;0.018054135;0.018108243
-0.006080228;0.0019433089;-0.016763406
0.0045108176;0.0046796473;0.0053392756
-0.0042038457;0.016243719;-0.0019785797
-0.008050577;0.012994974;0.017167136
0.021684539;-0.014604021;0.026233708
0.012660131;-0.0054332167;-0.010263032
-0.027371895;-0.016846573;-0.020710425
-0.0047100163;-0.019727258;-0.010318341
0.010294487;-0.006406807;0.0042453273
0.014485589;0.0042495546;0.009646262
0.008463472;-0.0028503565;-0.01103299
-0.027604222;-0.002280285;-0.008826393
-0.018958379;0.004425772;0.017938886
-0.0057917023;0.019165618;0.014351109
-0.006195862;0.012207494;0.017730888
-0.01276919;0.009765996;-0.02331529
0.008534648;0.0046877963;-0.006152232
