0.061775528;0.06531499;-0.0072175334
0.06817042;0.075689495;-0.024914652
0.017036337;0.0683641;0.0011620286
0.026129069;0.051566277;-0.01254694
0.008403256;0.027190521;-0.023318801
0.019222604;0.032689918;-0.012990979
0.021628084;0.026151935;-0.01800997
0.004802467;0.0068590473;-0.05268923
-0.008658026;-7.627621E-4;-0.04605763
-0.013176422;-0.009985209;-0.046416417
0.014458863;-0.012675668;-0.04084407
0.011567091;-0.0054530343;-0.030917445
0.009253672;-0.004362427;-0.024733955
0.019902937;-0.020677442;-0.03111529
0.04092235;-0.030604454;-0.017275045
0.02648788;5.1643717E-4;0.03403153
0.008690304;0.01760065;0.008084597
0.025702244;-0.00935698;0.01213174
-0.004438205;-0.043423083;-0.022716483
0.015199436;-0.040988468;0.0029205636
0.018409548;0.004709226;0.0040942635
0.033477638;0.02095488;0.0071816607
0.03928211;0.004263905;0.0057453285
1.7568888E-4;-0.013776376;0.010260325
-0.03735945;-0.006333601;0.0025441977
-0.05488756;0.0058706193;-0.0036287042
-0.031410046;0.014071495;-0.016379526
0.031121962;0.017507195;-0.03419737
0.056147568;0.054630756;-0.012123521
0.026168056;0.053079605;0.00573087
0.008434445;0.031526186;0.021772197
0.006747556;0.012720947;0.030894319
0.011648045;-0.019510742;0.032332644
-0.028181564;-0.029671093;0.025866114
-0.028795252;-0.048736874;0.016786642
-0.0167862;-0.0546145;0.019288689
-0.007178961;-0.0546291;0.021095013
-0.01824317;-0.02807828;0.014922885
-0.039594535;-0.014650124;0.044555496
-0.037925627;-0.0226576;0.035644397
-0.042840503;-0.015001079;0.053515516
-0.053022403;-0.018250864;0.061953038
-0.04241792;-0.0052256905;0.068703055
-0.033934336;-0.0041805524;0.07019682
-0.00839747;0.001343058;0.052446518
-0.019217975;0.026074447;0.05699628
-0.02162438;0.006797057;0.019034522
-0.029799504;-8.123543E-4;0.00761043
-0.036339603;-0.025649883;-0.007388219
-0.029071683;0.010730093;0.0093238
-0.023257347;0.036709074;-0.007775335
-0.006105877;0.04186726;-0.012079643
0.013865299;0.06161881;0.021000348
-0.0014077614;0.088357545;-0.017574722
-0.013626209;0.09724854;-0.0332004
0.0015990328;0.08092383;-0.040036883
-0.0049707736;0.06473906;-0.07421701
-0.016476618;0.050228752;-0.07265486
-0.025681295;0.0542455;-0.067694195
-0.026795037;0.0777714;-0.0656788
-0.008936029;0.055967122;-0.06211335
-0.019648824;0.063523695;-0.044026617
0.009280941;0.046131458;-0.014127543
0.019924752;0.043155167;-0.032395784
0.022189803;0.051711634;-0.029627565
0.017751843;0.078869306;-0.044795804
0.045451473;0.100595444;-0.024313204
0.06761118;0.060163856;-0.019450564
0.060338944;0.013756084;-0.0042323256
0.023271155;-0.03587013;0.008137577
-1.330764E-4;-0.050571106;0.008463186
-1.0646112E-4;-0.054519385;0.025911175
-8.51689E-5;-0.07017801;0.028346127
-6.8135116E-5;-0.08270491;0.03810659
0.018695492;-0.069288924;0.053532146
0.014956393;-0.06793114;0.07524759
0.005715115;-0.077782415;0.10804964
-0.0016779081;-0.07785093;0.08643971
-0.0013423265;-0.08103074;0.06915177
-0.007323861;-0.097637095;0.026610477
-0.005859089;-0.115609676;0.05390557
-0.004687271;-0.09873774;0.056405704
0.0087501835;-0.099302694;0.05489019
0.013250146;-0.099754654;0.0650059
0.023100117;-0.098553725;0.07114535
0.043480095;-0.11165548;0.08347878
0.028534075;-0.10182438;0.06482989
0.00407726;-0.122084506;0.04991079
-0.027988192;-0.1086051;0.03641301
-0.028640553;-0.082196586;-0.016963342
0.008337557;-0.042319767;-0.0498988
0.06917004;-0.018230814;-0.066676855
0.14283603;-0.003647151;-0.08029461
0.19551884;-0.01229272;-0.06423569
0.21266507;-0.017646676;-0.03986511
0.16388205;-0.020367341;-0.041462403
0.08110564;-0.010043873;-0.075162105
0.058634512;0.010714902;-0.11950469
0.02815761;-0.011740578;-0.112986565
-0.03997391;0.020295037;-0.13814315
-0.08197913;0.05217353;-0.09713562
-0.0905833;0.07298882;-0.10261084
-0.07871664;0.09276606;-0.055233203
-0.012973314;0.12265035;-0.030905312
-0.016628651;0.15437028;-0.017107062
-0.025802922;0.17505872;-0.025013775
-0.04564234;0.17598447;-0.02577274
-0.06776387;0.16891259;0.0023310282
-0.085461095;0.14606756;0.024911698
-0.11211888;0.118416555;0.0025465456
-0.1271951;0.08223324;0.030748174
-0.12050608;0.043911595;0.03241104
-0.12765487;-0.013308225;0.062256955
-0.1521239;-0.04502158;0.07656338
-0.12794912;-0.046954762;0.07668039
-0.08985929;-0.01568881;0.0689615
-0.04688743;0.02494895;0.036028575
0.006240054;0.07308416;0.02491661
0.042492043;0.09909233;0.04102704
0.09024364;0.09021136;0.084579445
0.09719491;0.089356594;0.105944805
0.07150593;0.04648527;0.057802718
0.03220474;-0.006561782;0.0310078
0.038263794;-0.033374425;-0.0019515728
-6.3896587E-4;-0.02357454;-0.02831907
-0.03801117;-0.032922134;-0.028514631
0.0070910617;-0.023212707;0.019375795
0.03692285;0.0033048352;0.009836573
0.04828828;-0.009856132;-0.0075604287
0.06988063;-0.025072405;-0.015618656
0.0309045;-0.018495424;-0.0699168
0.024723599;-0.01479634;-0.05593344
-0.030221121;-8.995716E-4;-0.083028
-0.049176898;-0.030407157;-0.13155912
-0.039341517;-0.058700725;-0.12438792
-0.06897321;-0.06102308;-0.09189315
-0.080178574;-0.08006846;-0.10408092
-0.08914286;-0.09061727;-0.081409276
-0.058814287;-0.086556315;-0.06893601
-0.015801428;-0.09893256;-0.04753162
0.031108858;-0.09789604;-0.02074014
0.09988709;-0.09394184;-0.014638987
0.15490967;-0.07515347;-0.009855721
0.13642773;-0.07731027;-0.021263484
0.09039219;-0.09934822;-0.028534224
0.0035637503;-0.10916608;-0.041968003
-0.053399;-0.09358286;-0.05652362
-0.0802192;-0.07955379;-0.03760171
-0.08292536;-0.05895553;-0.03388996
-0.07259029;-0.056539424;0.0073606865
-0.05182223;-0.0077315397;0.05764636
-0.053957783;0.007877268;0.09767959
-0.018166227;0.026614314;0.11837804
0.016717019;-0.0037085484;0.13688993
0.032123614;1.5816139E-4;0.12474632
0.03194889;0.018876528;0.12479706
0.013059113;0.026038723;0.099837646
-0.03330271;0.022393478;0.077916995
-0.10164217;-0.007085217;0.06623984
-0.15631373;-0.019730674;0.037562188
-0.14380099;-0.03765954;0.026338814
-0.11504079;-0.0035651312;0.019117925
-0.07328263;0.026835395;0.01138809
-0.052376106;0.087093316;0.039774533
-0.041900884;0.079049654;0.07791338
0.028979292;0.056989722;0.08303383
0.06693343;0.08621678;0.037911437
0.066046745;0.09084842;0.007477587
0.0778374;0.114866234;-0.047728866
0.081019916;0.12001799;-0.103222154
0.10231593;0.096014395;-0.10953085
0.11935275;0.06743652;-0.11828874
0.0829822;0.05394921;-0.07724818
0.09763576;0.02753437;-0.05418136
0.096858606;-0.013910005;-0.047251336
0.102486886;-0.062690504;-0.029988568
0.12573951;-0.042339902;-0.05094398
0.13809161;-0.024496922;-0.054036435
0.122973286;-0.0024100381;-0.029947897
0.09212863;-0.00817803;-0.031575505
0.0674529;-0.025292424;-0.017643217
0.016462322;-0.04523394;-0.019778635
0.025669858;-0.05806215;-0.013869784
0.026785886;-0.082387224;-0.022619264
0.04017871;-0.119034775;-0.050614942
0.050892968;-0.14210282;-0.017542735
0.046964373;-0.15586975;0.0031533116
0.0250715;-0.14500831;0.04842109
0.0200572;-0.15038164;0.027408745
0.016045759;-0.12186781;0.008450433
3.3660748E-4;-0.08499425;0.025900971
0.025269287;-0.0679954;0.0015801521
0.026465429;-0.040333822;0.014740684
-0.022577656;-0.024454556;0.0039800475
-0.030562125;-0.027376145;0.0051371627
-0.0369497;-0.015650917;-0.0035074572
-0.06080976;-0.010958233;-0.02194659
-0.054897808;-0.0040790867;0.016817728
-0.031418245;0.027986731;1.7293192E-4
-0.050134595;0.09895188;0.011661783
-0.09010768;0.093224004;0.018899739
-0.07833614;0.0886417;0.041877605
-0.106418915;0.120913364;0.04678333
-0.11013513;0.1357932;0.052856352
-0.1443581;0.13519706;0.04033196
-0.14673649;0.12847014;0.026601505
-0.111139186;0.13402611;0.019328078
-0.07641135;0.124408394;0.057649963
-0.017379079;0.1354642;0.090065286
0.036096737;0.12555887;0.064435035
0.08512739;0.108259596;0.04588397
0.074351914;0.092857674;0.05194155
0.07198153;0.06491114;0.033936054
0.026335223;0.040991414;-0.0015620957
0.008568179;0.010918131;0.010273761
-0.005645457;-0.014702995;0.013883071
-0.054516364;-0.011762396;0.018723644
-0.024863092;-0.026597418;0.026502352
-0.019890474;-0.025965434;0.04210032
-0.0096623795;-0.016084846;0.03563338
-0.0014799034;-0.034742877;-0.0019620452
0.03631608;-0.0356068;-0.007429011
0.035302863;-0.05504794;-0.02703696
0.02824229;-0.084663354;-0.046434253
0.022593832;-0.123980686;-0.041053653
-0.019424934;-0.14605954;-0.061553862
-0.046789948;-0.15434764;-0.056860276
-0.068681955;-0.16254061;-0.037871033
-0.029945567;-0.12534499;-0.047484327
0.0072935466;-0.10808849;-0.022753086
0.030834837;-0.11147079;-0.012343094
0.06841787;-0.103239134;-0.052061975
0.060984295;-0.071653806;-0.08383708
0.067537434;-0.047948044;-0.06511654
0.04152995;-0.033670936;-0.074944794
0.03322396;-0.012874249;-0.0906199
0.039079167;-0.011861899;-0.099351384
0.012513334;0.0061354805;-0.06795767
-0.021239333;0.047095884;-0.09264739
-0.07949147;0.056426708;-0.08368822
-0.13234317;0.029516365;-0.045954484
-0.10587454;0.053300593;-0.013716713
-0.03469963;0.08014047;0.00621413
0.059740294;0.054737378;0.026065053
0.047792237;0.035977405;0.022805167
0.013233789;0.06940692;0.018244134
0.041837033;0.09146304;0.05287656
0.058469623;0.08098293;0.028824683
0.0530257;0.061661344;0.051770683
0.00492056;0.046204075;0.07403374
-0.03356355;0.0072757606;0.0687973
-0.033100843;-0.009804391;0.08374878
-0.013980674;-0.009406013;0.11094434
0.020065462;0.0018501894;0.12723203
0.041052368;0.04523015;0.12463719
0.039091896;0.067434125;0.09970975
2.3516226E-5;0.052384797;0.0719553
1.8812982E-5;0.041907836;0.05756424
-0.06248495;0.04758877;0.025152953
-0.06873796;0.050571017;0.0582083
-0.07374037;0.020144314;0.035238516
-0.0902423;-0.0026345497;0.032097064
-0.115943834;-0.017732639;0.010443275
-0.16150507;-0.023561113;0.002495245
-0.13545406;-0.0063488893;-0.028667867
-0.10211325;-0.008204112;-0.03055148
-0.037940595;0.02312421;-0.016823998
0.032147523;0.016936868;-0.03631076
0.04446802;0.040111996;-0.03490798
0.054324415;0.041464597;-0.043160763
0.04345953;0.009734177;-0.019294234
0.028517626;-0.009400158;-0.051763512
0.0353141;-0.032520127;-0.06250456
-0.0029987195;-0.0635161;-0.051956773
-0.033648975;-0.07425038;-0.016565418
-0.06441918;-0.057837807;-0.01911171
-0.051535346;-0.049395245;-0.017242493
-0.022478275;-0.023891196;0.013159131
0.0070173796;0.024637043;0.037285116
0.043113902;0.041584633;0.04525778
0.07199112;0.08795521;0.049487475
0.0825929;0.10473917;0.07396498
0.09732432;0.09316634;0.08026573
0.07160945;0.076095566;0.08921259
0.051037565;0.049938954;0.12097944
0.11583005;0.025888663;0.15068981
0.13016404;0.02071093;0.15687998
0.11038123;0.021256244;0.14073835
0.09455498;0.018567495;0.11063755
0.08189399;0.013291496;0.08655692
0.07801519;-0.015929302;0.06533928
0.09991215;-0.051805943;0.09445893
0.14242972;-0.08363225;0.085332766
0.13894378;-0.1075308;0.07959434
0.09865502;-0.15008715;0.10976922
0.110174015;-0.15444471;0.076096624
0.11938921;-0.05949327;0.058924176
0.114261374;-0.038219616;0.024483092
0.1039091;-0.038388193;-0.026507277
0.014377277;-0.035398055;-0.0786277
-0.09474818;-0.033005945;-0.07813653
-0.11329854;-0.0029672552;-0.08164985
-0.109388836;-0.027373804;-0.078991756
-0.08126107;-0.050024044;-0.07452153
-0.052508853;-0.015019234;-0.08852348
0.0017429171;0.109859616;-0.12628753
0.038894333;0.2628877;-0.0568894
-0.037634533;0.007185152;-0.047464643
-0.11760762;-0.19268937;-0.059065465
-0.1065861;-0.116651505;-0.07772112
-0.08526888;0.016053798;-0.029755022
-0.043215103;0.058155537;-0.03356964
-0.028322084;0.02308693;-0.028418215
-0.028907668;0.045032043;-0.02117207
-0.048126135;0.068838134;0.0022029679
-0.044750907;0.07225801;0.013481124
-0.07955073;0.057806406;0.0201599
-0.10114058;0.032182626;0.04112792
-0.09966247;0.0382461;0.065714836
-0.079729974;0.02747188;0.104134366
-0.101283975;-0.028022496;0.12940125
-0.099777184;-0.041167997;0.1300835
-0.086071745;-0.028246898;0.18648867
-0.043857396;-0.031972516;0.19333157
-0.022585917;0.005671986;0.1679465
6.8126636E-4;0.03266259;0.1437322
0.006795013;0.07613007;0.12670451
-0.02581399;0.08902906;0.08964486
-0.08940119;0.08372325;0.079528384
-0.17152095;0.1029161;0.09643521
-0.21846676;0.05577038;0.11152317
-0.11227341;0.0571163;0.10406228
0.047681272;0.09256804;0.09106233
0.12564501;0.10374194;0.04394361
0.106766015;0.073618546;-0.012501361
0.06666281;0.07920734;-0.04984484
0.009580249;8.658697E-4;-0.07268837
-0.0173358;-0.058682304;-0.048385072
-0.02636864;-0.040695842;-0.046520557
0.07890509;-0.040369175;-0.016122695
0.20687407;0.01614216;-0.033991907
0.22799926;0.04572623;-0.0768029
0.1823994;0.013143483;-0.12862982
0.12716952;-0.020735214;-0.15056011
0.05798562;-0.049400672;-0.15130746
-0.034861505;-0.05202054;-0.07299909
-0.021639204;-0.02442893;-0.049024273
0.038938638;-0.021105643;-0.01812567
0.09365091;0.0034279851;-0.016453661
0.10617073;0.007429888;-0.028397303
0.08493658;-0.05030609;-0.039905343
0.017949266;-0.04649487;-0.066299275
-0.023140587;0.028429102;-0.06085192
-0.05601247;0.047743283;-0.014306536
-0.038559977;-0.09461787;0.049882896
0.0066520195;-0.1147568;0.068812564
0.0053216154;-0.07774294;0.070284426
0.010507292;-0.030944351;0.092555664
0.020905834;-0.05288048;0.08732578
-0.0145253325;-0.07511689;0.052673128
-0.049120266;-0.044468507;0.040185377
-0.058046214;-0.032449808;0.07628892
-0.04643697;-0.044709846;0.07431239
-0.018399576;-0.032642875;0.08015304
-0.014719661;-0.016739301;0.06802868
0.03197427;-0.030578941;0.08332919
0.03807942;-0.046338152;0.0799446
0.042963535;-0.03707052;0.045205686
-0.015629172;-0.03590642;0.041633297
-0.031253338;-0.030287635;0.04502539
-0.03125267;-0.022667607;0.05086406
-0.012502137;-0.029071586;0.046941247
-0.0037517094;-0.029507268;0.066459246
-0.021751367;-0.017355815;0.06019865
-0.036151092;-0.052947152;0.023940168
-0.028920876;-0.04235772;0.019152135
-0.0543867;-0.060448676;0.030165458
-0.07475936;-0.045233943;0.062413618
-0.116057485;-0.006499653;0.053837143
-0.09909599;0.04011278;0.0032259647
-0.085526794;0.057090223;-0.024762979
-0.080921434;0.07848468;-0.03699788
-0.077237144;0.06591274;-0.020223306
-0.04928972;0.016792694;0.011165105
-0.0019317742;-0.010003345;0.043307085
0.04220458;-0.0048776763;0.084645666
0.058763664;0.02891036;0.086466536
0.05951093;0.03562829;0.057454478
0.07260875;0.07537763;0.060026083
0.083087;0.080614604;0.053489614
0.1102196;0.08636668;0.021697942
0.07567568;0.061280847;-0.032641646
0.060540542;0.016212177;-0.052675817
0.017182434;-0.019842759;-0.044484403
-0.036254052;-0.043999206;-0.019962523
-0.06650324;-0.033636864;-0.03472002
-0.065702595;-0.039409492;-0.035588514
0.016187925;-0.023715094;-0.034720812
0.07545034;0.021652926;-0.0238704
0.09786027;0.04544734;-0.03628382
0.084538214;0.06917037;-0.054027054
0.067630574;0.060023796;-0.027596645
0.06035446;0.0089565385;-0.052546065
0.06703357;0.03216523;-0.027193103
0.072376855;0.035107184;-0.004566982
0.020401483;-0.0047267526;0.0065026646
-0.008678813;0.010281098;0.030202132
-0.006943051;-0.0074001215;0.07181796
0.025695559;-0.046545096;0.055110615
0.064306445;-0.023173578;0.05971349
0.08894516;-0.024788862;0.078239545
0.083656125;-0.02920609;0.08759163
0.0544249;-0.060864873;0.10054206
0.06853992;-0.053379398;0.12105864
0.073581934;-0.03957852;0.114034414
0.046365548;-0.062912814;0.12560253
0.06209244;-0.05970525;0.07782578
0.049673952;-0.1055767;0.069291875
0.04598916;-0.12664886;0.052308496
0.02429133;-0.15131909;0.037940547
6.8306323E-4;-0.15074277;0.014727438
0.01929645;-0.15028171;-0.017124299
0.021687161;-0.14053787;-0.04416819
-0.020150272;-0.1358678;-0.052522052
-0.03487022;-0.15088174;-0.03029889
-0.07164618;-0.11133039;-0.05548911
-0.05731694;-0.059376813;-0.03814129
-0.06460355;-0.07562645;-0.009419282
-0.08293284;-0.07456366;-0.027066676
-0.103846274;-0.04715093;-0.04430959
-0.10807702;-0.028345743;-0.022166422
-0.098961614;-0.008614094;-0.023201888
-0.06041929;0.033733726;-0.02090526
-0.054585434;0.06448698;-0.043286707
-0.031168347;0.09377708;-0.008066867
-0.024934677;0.08595917;-0.027547244
-0.044947743;0.06876733;0.0013997053
-0.048458192;0.06907637;0.014401014
-0.020016555;0.039636094;0.013083312
0.015236756;0.06452137;0.05109165
0.030939406;0.0422421;0.04634207
0.031001523;0.04473118;0.056604907
0.01855122;0.07640994;0.0070026745
0.027340975;0.07206546;0.00872714
0.040622782;0.092027366;0.028075462
0.038748223;0.07205939;0.03652287
0.012248579;0.048272513;0.050312046
-0.0027011365;0.03549301;0.030093387
0.010339091;0.023706907;0.0014184591
0.008271272;0.012715527;0.026134767
0.025367018;0.028922422;0.031845313
0.026543615;0.002825437;0.04110125
0.021234892;0.01476035;0.032881
-0.014262087;0.02118328;0.0036485507
-0.0051596696;0.024759123;0.01385634
-0.0041277357;0.0463698;-0.03657118
-0.015802188;0.06053334;-0.054256942
-1.4175073E-4;0.02342667;-0.031686805
-0.0063634007;0.0078038373;-0.058161944
0.0011592795;0.0046805697;-0.033248305
-0.017822577;-0.022818044;-0.033629894
-0.0017580611;-0.051066935;-0.034716416
0.004843551;-0.050228547;-0.012929382
0.02887484;-0.08393284;-0.011906005
0.016849874;-0.07652127;0.0061001955
0.0447299;-0.06590452;-0.0029323434
0.035783917;-0.049598612;-0.017970875
0.009877135;-0.05374139;-0.0393767
0.020401709;-0.039868113;-0.03540761
0.010071366;-0.01158199;-0.029888587
0.014307093;0.0032344079;0.01046413
0.011445674;-0.030224973;-0.0010036962
0.009156539;-0.046054978;0.017947042
0.0010752316;-0.05246898;0.0034201343
0.0071101855;-0.060725186;0.026954858
0.005688148;-0.065767646;0.042657636
0.0045505185;-0.04948912;-0.0041551413
-0.0026095852;-0.055216294;0.010738387
-0.002087668;-0.044173036;0.008590709
0.0045798654;-0.02596343;0.034997568
-0.021336108;-0.008270743;0.055341803
-0.017068885;0.018383406;0.051304694
0.005094891;0.008456725;0.034012504
0.010325913;-0.010422121;0.040491253
0.01451073;-0.0067751966;0.044111755
0.024108585;-0.0085451575;0.035289403
0.025536867;0.004101374;0.045419022
0.026679493;0.0189061;0.033991467
-0.022406405;0.018249879;-0.007181826
-0.024175124;0.0067874035;-0.07058921
0.024409901;0.010117423;-0.06037762
0.025777921;0.0018439384;-0.048302095
0.0018723366;-0.00789985;-0.006610426
-0.01725213;-0.01413238;9.6165924E-4
-0.026301704;0.0027565963;-0.0015744226
-0.021041363;0.030330278;-0.014540788
0.001916909;0.025826722;-0.0038201304
-0.035966475;0.042536378;-0.004618604
-0.0037731782;0.0777791;-0.027132383
-0.0030185427;0.05441078;-0.013893407
-0.002414834;0.059153624;-0.041583475
0.016818132;0.0410729;-0.00670428
0.032204505;0.01723332;0.0024490757
7.6360494E-4;0.021599157;0.0019592606
0.006860884;0.034466825;-0.010151342
-7.612928E-4;0.02757346;-0.013589824
0.018140966;0.020496268;-0.0014968585
0.027012773;0.016397014;-0.020728737
0.009110218;0.0021801114;-0.023614239
-0.0052118255;-0.013880911;-0.030610142
-0.022919461;-0.02047973;-0.020581864
-0.030835569;-0.022633784;-0.04302799
-0.018418455;-0.050919525;-0.013328643
-0.0022347637;-0.04386062;0.004180836
0.010712189;-0.016338497;-0.0060303314
-0.01643025;-0.025570797;0.029550735
-0.0256442;-0.006394138;0.011921838
-0.008015359;-0.00511531;0.03063122
-1.6228738E-4;-0.0056547485;0.028411226
-0.01887983;-0.0029612987;0.030541481
-0.040103864;0.02731846;0.020526934
-0.03208309;0.003104769;0.012515298
-0.038166475;0.014983815;0.019387238
-0.030533178;-0.0036379478;-0.005583959
5.7345734E-4;-0.0044728583;-0.0060296673
0.025458766;-0.016078286;0.020176265
0.014117013;-0.01598763;0.023953512
0.01754361;0.009084896;0.0035378102
0.03903489;-0.0021070829;-0.023732252
0.01247791;0.017064333;-0.011173301
0.009982329;-0.001973533;4.3635885E-4
-0.017014137;0.0046711736;0.015192837
-0.0011113099;0.008424439;0.03168552
-0.007139048;4.895511E-4;0.0026921658
-0.018211238;0.005079141;-0.0017525174
-0.014568991;0.008750813;0.005629236
8.448075E-4;0.01168815;0.024034638
-0.011824154;0.01716302;0.020790212
0.0030406767;0.018417915;-0.009930331
-0.016317459;0.011609333;-0.017319266
-0.025553966;0.038974967;9.88338E-4
-0.0141931735;0.038992472;0.01094692
-0.011354539;0.015568978;-0.014679964
-0.0028336311;0.015580183;-0.009400221
0.010233095;-0.014098354;-0.0153326765
0.014436476;-0.037841182;-0.01773489
-0.013450819;-0.042772945;0.012374587
0.007989345;-0.0029683572;0.01146217
0.025141476;-0.0023746856;-0.021299014
0.0076131807;0.02778775;-0.024851711
0.018590545;0.0159802;-0.03706887
0.027372435;-0.02784084;-0.035123844
0.02189795;-0.05664767;-0.014817826
0.0050183586;-0.037505638;-0.007948011
0.004014687;-0.01750451;-0.0024521588
-0.0030382504;0.0031838922;-0.008211727
0.0038193997;0.015047113;-0.008131881
0.01555552;0.04328769;-0.022130506
0.024944415;0.06431765;-0.028641904
0.019955533;0.046766624;-0.050257273
0.015964426;0.013975798;-0.0034870687
0.03152154;-0.0153818615;-0.022320906
0.025217233;-0.027930489;0.011049526
0.013923787;-0.03953189;0.01665212
-0.001360971;-0.034750514;0.003946697
-0.019838776;-0.04030041;0.0140948575
-0.015871022;-0.03380283;0.021432135
-0.018946817;-0.023917263;0.022614459
-0.033907454;-0.01444631;0.025904067
-0.020875962;0.022817953;0.041817002
-0.0042007705;0.010441861;0.020172352
-0.028360616;-0.01039651;0.017700382
-0.035188492;-0.008317209;0.0063478057
-0.009400794;0.005846233;0.0050782445
-0.0012706355;-0.007823014;0.025156345
-0.0072665084;-0.023445912;0.039656326
-0.018313207;-0.025006728;0.010631312
-0.008400565;-0.012192883;0.029598799
-0.006720452;0.005870694;0.008054039
-0.017876362;0.009384055;9.7448134E-4
-0.01430109;0.020007243;7.795851E-4
-0.011440871;0.031630795;-0.016563833
-0.034152698;0.022179635;-0.043719817
-0.0023221578;0.0068062088;-0.016225852
0.023142274;0.013257467;-0.030168181
0.01851382;0.026230974;-0.041322045
0.014811055;0.022547279;-2.4513644E-4
0.030598843;0.043037824;-0.03300861
0.018229075;0.050055258;-0.034219388
0.00833326;0.025981707;-0.02346926
0.031666607;0.009847865;-0.024244158
0.0065832864;0.011003292;-0.032676578
0.03026663;-0.009947366;-0.011297511
0.017963303;-0.017332893;-0.010600509
0.0018706428;-0.0091788145;-0.0045741573
0.0077465144;-0.0042180517;0.0018094244
-5.278866E-5;0.0013130589;0.0030100395
-4.2230928E-5;0.018237947;0.016470531
-0.031283785;0.019277858;0.026457675
-0.018777028;0.010734786;0.02116614
-0.021271622;-0.003912171;0.020839162
-0.0357673;-0.003129737;0.02995258
-0.034863837;0.0068712104;0.029430814
-0.02164107;0.0133094685;0.02198215
0.0014371435;-0.012789926;0.009773221
-0.011350285;-0.033669442;0.026568577
-0.021580229;-0.033185553;0.018129861
-0.0047641825;-0.037485942;0.034816388
-0.003811346;-0.029988753;0.02785311
0.003200923;-0.006803503;-3.73761E-4
0.0025607385;8.071978E-4;-0.004205259
0.002048591;-0.008729242;-0.008832957
0.020388873;0.018016607;-0.035972614
0.041311096;0.020663286;1.281575E-4
0.03304888;9.0562826E-4;0.013383776
0.020189103;7.245026E-4;0.01851952
0.016151283;-0.018170398;0.010909366
-0.0058289743;-0.030161317;0.006383743
-0.010913179;0.011808446;-0.025361756
-0.0024805435;0.043821756;-0.032008152
0.010515565;0.041307405;-0.025606524
0.002162452;0.026795924;-0.025953969
-0.017020037;0.01987424;-0.001231925
-0.0011160306;0.0065243915;-0.00879804
0.0053571756;0.008344513;-0.007038432
0.01053574;-0.01676189;-0.0056307456
-0.0040714075;-0.0071595116;0.0072141537
-0.028257126;-0.015102609;-0.027041176
-0.0038557008;0.011355412;-0.023976691
0.009415439;0.00908433;-0.020743852
-0.011217648;0.005704964;-0.024407582
-0.0027241188;0.0014389713;-0.011713566
-0.008429295;-4.11323E-4;-0.010933353
-0.006743436;-0.0065790582;-0.011090432
8.5525116E-4;-0.025575746;0.025502654
0.0194342;-0.014210598;0.016495874
0.009297361;-0.04261848;0.011634199
0.0011878886;-0.009094782;0.009307359
-0.0052996892;0.008349174;0.016820887
0.0020102486;-0.0011331607;0.01736296
0.001608199;0.0084684715;0.012327868
-0.01121344;0.013024777;0.012987294
-0.040220752;0.0072948216;0.012733585
-0.032176603;-0.0019766425;0.010186869
-0.019491281;-0.0015813141;-0.012944255
-0.0030930254;0.004984949;0.005269596
0.0037755796;0.003987959;3.0942657E-4
0.028020464;-0.004622133;-0.009908709
0.022416372;0.016614793;-0.018864468
0.017933097;0.010166835;-0.025247823
0.020596478;-0.007491532;-0.03894826
0.010227182;0.015881775;-0.038971107
0.020681746;0.03301792;-0.011645636
0.029045396;0.023289336;-0.0038477585
0.029486317;0.020193968;8.2804315E-4
-0.0076609463;0.0067801746;-0.028243816
1.21242985E-4;-0.0023883602;-0.039782554
-0.012403006;-0.0019106881;-0.005263542
-0.009922405;-0.01402855;-0.029210834
-0.014187924;-0.026847841;-0.021024916
-0.030100338;-0.013665772;0.025367567
-0.03033027;4.882141E-6;0.017950304
-0.030514216;-0.023433594;0.022172743
-0.030661374;-0.012496876;0.027113194
-0.0245291;0.00719;0.039659306
-0.007123279;0.0041894997;0.023914944
0.0068013766;0.0017890998;0.036319457
0.0054411013;0.0045562796;-0.0014131857
0.004352881;-0.016667476;0.030900702
-0.034017693;-0.02427148;0.04425181
-0.020964157;-0.011604684;0.0314952
-0.0042713247;0.007903752;0.03066491
0.00908294;0.012573002;0.009688177
0.019766351;0.0038084015;-0.0133432085
0.04081308;0.007734221;-0.016924566
0.032650467;-6.262309E-5;-0.015102154
0.026120372;0.0015124015;0.0051057776
0.027146298;-0.0034775787;-0.015446628
0.015467038;-0.007469563;-0.0045448025
-1.263694E-4;-0.00910065;0.002614158
0.018648904;0.00834448;-0.011971174
0.014919124;0.034800585;-0.0111394385
0.0056852987;0.037215468;-0.0315678
-0.007951761;0.009459874;-0.044785492
-0.012611409;-0.0346196;-0.016297143
-0.022589127;-0.02300818;0.007274786
0.013178699;-0.027781544;0.012069829
0.010542959;-0.037850235;0.003405863
0.002184367;-0.016217688;0.01288094
-0.0045025065;-0.0035991508;0.0063985023
0.008897995;0.0018081793;-0.0370687
0.025868395;-0.009490957;-0.028092459
0.026944717;0.006469735;0.006432283
0.015305773;-0.0026367123;-0.033135425
-0.01900538;0.0025781302;-0.030414589
-0.008954305;0.016125005;0.012387079
0.011586556;-0.030849997;-0.015090337
-0.0032307552;-0.040304996;-0.010509769
-0.033834603;-0.007243998;0.0056546843
-0.008317683;-0.008920198;-0.0056325025
-0.0066541466;-0.008698659;0.007212748
0.013426683;0.007103573;-0.011417301
-0.0017586539;0.008807858;-0.0114775915
0.0048430767;0.044546288;0.004880427
-0.0023755385;0.0028245295;-0.02343941
-0.00815043;0.010072123;-0.0070327767
-0.0127703445;0.014307699;-0.005626221
-0.010216276;0.011446159;-0.020125978
-0.0019230206;0.010719427;0.0073367185
-0.0015384165;0.016388042;0.0074318745
0.011269267;0.024047934;0.03328925
0.009015414;0.034863345;0.0055376496
-0.005287669;0.05914068;0.0020863698
-0.016730135;0.030125042;0.022762846
-0.0071341083;0.0053500338;0.027585277
-0.024457287;-0.017594973;0.03769322
-0.01956583;-0.014075979;0.024685826
-0.021902664;-0.039385784;0.023654912
-0.005022131;-0.006508626;0.0072051794
-0.016517704;0.015105599;0.044045392
-0.0132141635;0.021459479;0.023517564
-0.010571331;0.012480083;0.038345303
-0.020957064;-9.5343334E-4;0.026769992
-0.023015652;-0.005450247;0.026884744
-0.030912522;-0.0027976974;0.008226545
-0.012230017;-0.013175658;0.0026749857
-0.009784014;-0.010540526;-0.0072350116
0.023422789;0.018130079;-0.02531926
0.03748823;-0.0011209368;-0.031192908
0.011240585;0.0022282505;-0.010110576
-0.016007531;-0.0029048997;-0.02136971
-0.0065560257;-0.02419892;-0.021002019
-0.0052448204;-0.019359136;-0.022270365
0.027054144;-0.031112308;-0.03734754
0.015393315;-0.0014523469;-0.043159284
0.037314653;0.011338122;-0.061089925
0.029851722;0.001257998;-0.06215319
0.0113813775;0.013506399;-0.007535053
0.034105103;0.009242618;-0.023996793
0.03978408;0.008956595;-0.019197434
0.019327264;-0.003772224;0.009642052
0.002961812;-0.017080279;-0.0133801075
0.0023694497;-0.007414223;-0.025547836
0.02689556;0.0034436213;-0.024344519
0.027766448;-0.006620103;-0.0022881152
0.028463159;-0.019358583;-2.6799215E-4
0.022770526;-0.026424365;0.0060356064
0.005716421;-0.032076992;0.033734735
0.004573137;-0.041286595;0.024644038
0.009908509;-0.045529276;0.01971523
0.007926808;-0.03642342;0.015772184
-0.018658554;-0.016638735;0.020430248
-0.021176843;0.014814011;0.012437948
-0.016941475;0.011851209;0.009950358
-0.03855318;0.018855967;0.025147786
-0.043342542;0.013522274;0.018555729
-0.053424034;0.012380319;7.820835E-4
-0.055239227;0.022404255;0.016250666
-0.03794138;-0.008639096;0.011438034
-0.0053531057;-0.010036277;-0.0049120733
-0.016782485;-0.011154021;-2.3408602E-5
-0.0071759876;0.006701783;0.0101375235
0.0067592096;0.008486426;-0.0036087316
-0.03209263;0.013039141;0.0049255146
-6.741057E-4;0.043243814;-0.017153338
0.024460716;0.03459505;-0.01997267
-0.024181427;0.0042385403;-3.5313642E-4
-0.04434514;-0.005984168;-0.0041887593
-0.041726112;-0.014162335;-0.0010072573
0.010369109;0.023045132;0.008569194
0.027045287;0.012186106;-0.027519645
0.04663623;0.036311384;-0.0048282156
0.062308982;0.043111607;-0.0023000727
0.031097187;0.029801786;-0.045590058
0.01862775;0.045716427;-0.031003296
-0.0100978;0.024073143;-0.030271387
-0.0018282402;-0.010428986;-0.01874836
-0.0014625922;-0.013030688;-0.039998688
0.017579926;0.0036379492;-0.0187177
0.03906394;-0.02365214;0.01627584
0.025001153;-0.017359212;-0.002604328
0.0075009223;-0.02951237;-0.0059897127
0.018500738;-0.017359896;-0.03135427
0.021050591;-0.013887917;-0.019614667
0.016840473;-0.025172833;-0.015691733
-0.005277622;-0.007638267;7.2786375E-4
-0.010472097;-0.0061106132;-0.010355209
0.010372322;-0.026763491;0.019840833
-0.004202143;-0.008910793;0.051028915
0.002888286;-0.021191133;0.022854382
-0.010189371;-0.016952908;0.018283507
0.010598503;-0.0073123258;0.011501805
0.027228802;-0.04491236;-0.018142305
0.028033042;-0.05467989;0.022204906
0.022426434;-0.05468141;0.0044826744
0.049191147;-0.054682627;-0.0026638606
0.008102917;-0.0328086;-0.020881088
-0.031017667;-0.019996881;-0.02061112
-0.024814133;-0.009747506;-0.032113895
-0.019851306;0.018764496;-0.04834737
0.002868955;0.004074096;-0.034771644
-0.016454836;-0.029553223;-0.010629815
-0.06316387;-0.02364258;-0.006941352
-0.0880311;-0.04391406;0.010071918
-0.08292487;-0.02731875;-0.005223715
-0.0538399;0.00627;-0.04246022
-0.043071922;0.030016;-0.026936928
-0.046957538;0.0693253;-0.0074870423
-0.03131603;0.06014774;-0.0044271336
-0.025052823;0.048118193;0.013645793
-0.02004226;0.030682053;0.020291634
-0.003533807;0.033920642;0.04513956
0.015922954;0.047449015;0.049392898
0.031488363;0.05358421;0.035608068
0.01894069;0.049117368;0.030830203
0.027652552;0.08616889;0.020757914
0.015872043;0.07831012;0.03379383
0.018947633;0.059523094;0.040316314
0.008908107;0.056993473;0.0189718
0.013376486;0.03153228;0.013614941
-0.0017988115;0.0049133236;-0.014108047
0.01106095;8.0565887E-4;-0.021442687
0.015098761;-0.038417973;-0.04527915
0.01832901;-0.035421878;-0.02528582
0.008413207;-0.037712503;-0.012416156
0.012980565;-0.0504825;-0.027120424
0.04163445;-0.0450735;-0.06154009
0.07080756;-0.0626213;-0.06485707
0.06289605;-0.05165954;-0.05735441
0.04406684;-0.016327633;-0.06307103
0.016503472;-0.022437107;-0.04889432
0.0069527775;-0.039824683;-0.057865456
-0.006937778;-0.04279725;-0.058011115
-0.018050222;-0.0373628;-0.040940143
-0.026940178;-0.036140237;-0.032752115
-0.021552142;-0.05078719;-0.026201691
-0.035991713;-0.029692253;-0.042055104
-0.016293371;-0.028441302;-0.016456582
-0.0317847;-0.030565541;-0.0014465158
-0.025427757;-0.013514933;0.010561537
-0.014092206;-0.015499447;0.02173048
-0.005023765;-0.010837058;0.033009384
0.008480988;0.002267854;0.016251257
-0.01196521;0.011189283;0.059094757
-0.009572168;-0.0035485735;0.052744556
-0.020157734;0.004973641;0.088289395
-0.022376187;-0.002271087;0.08235026
-0.024150949;0.00912063;0.08541146
-0.02557076;0.027609004;0.07145417
-0.0017066079;0.040837202;0.074350834
-0.026365286;0.05141976;0.06963692
-0.03984223;0.05519831;0.06899078
-0.006873783;0.06603365;0.072380126
7.509734E-4;0.04813942;0.044622853
0.025600778;0.049449034;0.016167032
0.007980623;0.039559226;0.032464877
0.018884499;0.048834883;-0.0068405997
0.0088575985;0.057817906;-0.02422248
8.3607895E-4;0.08375432;-0.060002983
-0.024331138;0.08575346;-0.09018989
0.024285091;0.05454027;-0.08387066
0.081928074;0.009257214;-0.09912778
0.06554246;-0.011344229;-0.08320847
0.052433968;-0.040325385;-0.08219178
0.041947175;-0.046322808;-0.08059717
0.03355774;-0.041745745;-0.08557149
0.039346192;-0.028709097;-0.04970719
0.04397695;4.7022317E-4;-0.0608595
0.028931562;0.0144386785;-0.05415635
0.02939525;0.008425943;-0.027700081
0.0297662;-0.022946745;-0.004972565
0.0050629596;-0.027732396;0.020240698
-0.002199632;-0.031560916;0.009161308
-0.014259705;-0.059623733;0.058891546
-0.011407765;-0.07113649;0.058831986
-0.040376212;-0.08034669;0.044721838
-0.03855097;-0.05958985;0.05687122
-0.030840775;-0.03985938;0.058778226
-0.03092262;-0.039700005;0.045460083
-0.018488096;-0.047385003;0.06839932
-0.06479048;-0.062908;0.045344453
-0.058082383;-0.053451404;0.055806812
-0.052715905;-0.07244862;0.06964545
-0.029672725;-0.0407714;0.04556011
-0.011238179;-0.029492117;0.019260587
-0.027740544;-0.0032811945;0.0060334704
-0.022192435;-0.0026249555;0.012639276
9.960522E-4;0.021337535;0.017923921
7.9684175E-4;0.017070029;0.014339137
0.013137474;0.021468522;0.02084631
0.023009978;0.04217482;-0.0067604524
0.005907983;0.047802355;-0.043689612
0.004726386;0.055429384;-0.06542044
-0.002468891;0.033406008;-0.028898852
0.023024887;0.018912306;-0.05827533
0.04341991;0.054192346;-0.08099526
0.022235928;0.035541374;-0.06245246
0.017788742;0.0159331;-0.07886822
0.039230995;0.01587148;-0.08028208
0.037634794;0.020509684;-0.08688191
0.055107836;0.017970247;-0.07341178
0.06283627;0.005001198;-0.0739638
0.031519014;-0.0022490416;-0.053702287
0.025215212;-0.0033617334;-0.041008707
0.02017217;-0.010501887;-0.024994465
0.0036377357;-0.014651509;-0.027808072
-0.04083981;7.7879254E-4;-0.04138708
-0.03267185;0.005310534;-0.021390915
-0.038637478;0.0026859273;-0.0042221076
-0.037159983;0.034961242;0.038809814
-0.029727986;0.034218993;0.06386035
-0.030032389;0.013312695;0.06046328
-0.030275911;0.0028376558;0.07337063
-0.03672073;-0.013354875;0.066509
-0.054376584;-0.010683901;0.0719572
-0.062251266;-0.02729712;0.04428451
-0.062301014;-0.028087696;0.069802605
-0.04359081;-0.013095157;0.04256084
-0.05987265;0.012961375;0.05670492
-0.03539812;0.0103691;0.035988934
-0.0033184951;0.02235778;0.015509898
0.028595204;-0.016488776;0.031939168
0.03537616;-0.013191021;0.031020084
0.02205093;-0.023052817;0.0154410675
-0.0011092556;0.0034327465;0.013915354
-0.013387404;0.010558697;-0.017773967
0.0017900764;0.028759457;-0.032969173
0.0076820613;0.041757565;-0.047469087
0.031145649;0.05059355;-0.047350273
0.012416519;0.043599844;-0.053505216
0.0036832152;0.031754874;-0.052179173
0.027946573;0.005091399;-0.045649588
0.028607259;-0.0053018807;-0.01776967
0.035385806;-0.0058040046;-0.0040594866
0.028308645;-0.0030807036;-0.0071538393
0.016396916;-0.024339562;0.0020894285
-0.011882467;-0.02415915;-0.010047208
-0.0032559738;-0.02557732;0.0068059843
-0.015104779;-0.043899357;-0.011742713
-0.037083823;-0.042931985;-0.00939417
-0.048417058;-0.031220589;-0.0036090862
-0.03248365;-0.02497647;-0.023981018
-9.869175E-4;-0.024668677;0.0019089349
-0.013289534;-0.019734941;0.005433398
-0.029381627;-0.026725452;0.008252968
-0.017255303;-0.019817863;0.006602375
-0.020054242;-0.01585429;-0.0025306002
0.0089566065;-0.014245932;0.01906927
0.06341529;0.0073532546;-0.015213334
0.044482227;0.037132602;-0.023889417
0.023085782;0.025018582;-0.0034865339
0.037218627;0.020014867;0.006585773
0.0235249;0.008199393;0.018549869
0.012569921;-0.013752986;0.009371145
0.0038059365;0.0046226117;-0.019065585
0.009294749;0.03494809;-0.036346216
0.0011857995;0.038895972;-0.023608224
-0.011551361;0.031116778;-0.02044908
0.015758911;0.020205922;-0.028078014
0.03760713;0.028664738;-0.014649911
0.017585704;0.00730679;-0.0023449284
0.026568564;-0.025404569;0.023124058
0.02125485;-0.014073654;-0.004938254
0.03575388;0.0059285765;0.032768145
0.047353104;0.015680362;0.031683266
0.019132484;0.0094192885;0.048784114
0.009055987;0.016910432;0.035121042
-0.011505211;0.033840846;0.025753083
-0.0029541685;0.039572675;0.028414967
0.010136665;0.03947064;0.009450723
-0.0043906677;-0.010610987;0.02318558
-0.009762534;-0.03036379;0.052923463
0.0109399725;-0.033666033;0.02671377
-0.009998022;-0.025370326;0.0026210162
-0.007998417;-0.021858761;0.007565563
-0.006398734;-0.025299508;-0.05176005
-0.048868988;-0.018677106;-0.04140804
0.0046548103;-0.041504186;-0.036251433
0.0037238481;-0.050390847;-0.032907397
-0.022020921;-0.04343768;0.0017990837
-0.023866737;-0.056625143;-0.025123233
-0.04409339;-0.039050113;-0.0029110864
-0.047774713;-0.0078025917;0.0148586305
-0.01946977;0.023445427;0.011886905
-0.009325815;0.040631343;0.0016970237
-0.0012106524;0.07469257;0.011513869
-0.019718522;0.05975406;0.037336096
-0.0032748175;0.038428247;0.011118876
0.016130146;0.0401176;0.008895101
0.037904117;0.04146908;0.011022331
0.042823292;0.025362762;0.023661615
0.021758635;0.03122771;0.03455429
0.011156908;0.04060717;0.012018434
0.015175526;0.018423235;0.025239747
-3.5957902E-4;0.0022385875;0.0451918
-0.0065376633;0.00335337;0.0056846878
-0.03648013;-0.008254804;-0.0032647497
-0.022934105;0.0027711568;-0.0260493
-0.018347284;0.014716925;-0.04505819
0.029072173;0.01958604;-0.018859051
