-0.014366187;0.02113693;0.04858955
-0.06149295;0.020034544;0.053715393
-0.08044436;0.025402635;0.060159814
-0.064355485;0.020322109;0.04812785
-0.05148439;0.016257687;0.03850228
-0.034937512;0.01769365;0.048770573
-0.04670001;0.04071742;0.048391458
-0.05611001;0.051323935;0.025431918
-0.044888005;0.023871649;0.029720534
-0.042160407;3.4731874E-4;0.012057677
-0.071228325;2.77855E-4;0.026833642
-0.06323266;-0.012277716;0.027716914
-0.050586127;-0.005134673;0.02529853
-0.021718903;-9.827382E-4;0.030395074
-0.01737512;-0.0023486905;-0.02568394
0.023599902;-0.017503953;-0.028359652
0.06262992;-0.004628162;7.497782E-4
0.050103936;-5.775296E-4;-0.05174393
0.02758315;-0.050462022;-0.06405139
0.02831652;-0.04661962;-0.030147364
-0.0023467839;-0.043545697;-0.05302414
-0.051877428;-0.014524057;-0.050231814
-0.054001942;-0.0147442445;-0.0472167
-0.030701553;0.016329603;-0.04949211
-0.024561243;-0.0025613168;0.010406312
-0.063398995;0.0057634464;0.0919188
-0.1632192;0.06867326;0.11416004
-0.13057536;0.1346261;0.07570303
-0.035710286;0.13270089;0.041812424
0.002681772;0.09209821;-0.00483131
0.020895418;0.076803565;-0.011677547
0.010466334;0.05831785;-0.005435788
-0.010376933;0.032591783;-0.03872363
-0.033301547;-0.011426575;-0.033322655
-0.014141237;-0.04039126;-0.022751873
-0.04256299;-0.0073130075;-0.035389
-0.03405039;0.034774594;-0.03221745
-0.039740313;0.012194675;-0.052336458
-0.05054225;0.01444324;-0.06452542
-0.0404338;0.030304592;-0.09615158
-0.032347042;0.035181172;-0.11520252
-0.05087763;0.03595744;-0.112865135
-0.040702105;0.03345345;-0.13052648
0.017438315;0.01582526;-0.114186816
0.057700653;0.025160208;-0.13353695
0.102410525;0.054503165;-0.13925144
0.100678414;0.10141503;-0.14772928
0.09304273;0.12644453;-0.124042794
0.061934188;0.12303062;-0.09728111
0.06204735;0.112486996;-0.064543635
0.055887878;0.105614595;0.013599465
-0.005289696;0.12824167;0.016738947
-0.022981757;0.15415584;-0.042077594
0.0066145943;0.16238718;-0.06647457
0.036541674;0.12990974;-0.07622653
0.07298334;0.11330279;-0.08207498
0.045886673;0.115642235;-0.05784748
0.011709338;0.098763786;-0.06932486
0.04061747;0.10088603;-0.11483489
0.10124397;0.09320883;-0.13210228
0.13724518;0.06675456;-0.095916204
0.09729614;-0.007533853;-0.032592338
0.002836916;-0.085714586;0.061816756
-0.10398047;-0.123259164;0.12796903
-0.13318437;-0.16266984;0.13870335
-0.0877975;-0.14419837;0.11682206
-0.045238;-0.093483694;0.053223267
-0.023690399;-0.026349455;0.01562549
-0.10020232;0.07110794;-0.04296836
-0.16141185;0.12563635;-0.10898406
-0.17287949;0.16300908;-0.119609125
-0.15705359;0.19603227;-0.12654668
-0.10689287;0.2333883;-0.09537797
-0.0792643;0.21483564;-0.032161746
-0.06341144;0.14218102;0.0145049775
-0.10072915;0.10280731;0.036213357
-0.12433332;0.06662085;0.053970687
-0.10571665;0.04548418;0.03380155
-0.07832333;0.0035748454;0.038369365
-0.08765866;-0.040890124;-0.003679509
-0.07012693;-0.0327121;-0.002943607
-0.09985154;-0.07460718;-0.07540176
-0.08613124;-0.07999824;-0.100555785
-0.043904986;-0.018686095;-0.10310087
-0.01012399;0.072551124;-0.1246682
-0.0018491916;0.1299159;-0.13235176
0.042270645;0.10237022;-0.12502202
0.021316517;0.049083676;-0.11329887
-0.014196786;0.02364194;-0.09454534
0.0073925713;0.0017260524;-0.0604019
0.0059140567;-0.023619158;-0.046368398
-0.039018754;-0.029832827;-0.06580565
-0.056215003;-0.031678762;-0.06416796
-0.082472004;0.019969491;-0.049381245
0.0340224;-0.060586907;-0.08345031
0.15221792;-0.11096953;-0.07828368
0.059274334;-0.0044006207;-0.07219726
-0.10258053;0.098042004;-0.06928124
-0.13206443;0.13468361;-0.030620309
-0.07440154;0.15618438;-0.0053556217
-0.034521233;0.20151001;0.057043627
-0.046366986;0.24089551;0.07629897
0.08165641;0.16302891;0.04385167
0.027825128;0.17026687;0.08859696
-0.008989897;0.20886976;0.028885383
-0.0134419175;0.18818955;-0.0018916941
0.001746466;0.17711414;-0.0052242926
0.007647173;0.16512881;-0.021562247
0.0061177383;0.12585305;0.024937702
-0.013855809;0.09521369;0.04495016
-0.023584647;0.0800772;0.09885076
-0.018867718;0.06406176;0.079080604
-0.015094174;0.051249407;0.06326448
-0.055825338;0.044905778;0.08889284
-0.019660272;0.11795587;0.0730674
-0.028228218;0.14592719;0.07759454
-0.022582574;0.15111676;0.058560006
-0.005566059;0.1287059;0.035129257
-0.016952848;0.10921472;0.018728405
-0.013562278;0.10455928;-0.025251651
-0.023349822;0.08911617;-0.043248195
-0.031179858;0.07910544;-0.057645433
-0.018693887;0.051565602;-0.086350724
0.010044891;0.03578373;-0.10736182
0.014285913;-0.0018417651;-0.12026446
0.03017873;-0.064754665;-0.12296938
0.017892985;-0.09399123;-0.15013331
-0.016935613;-0.121286735;-0.14305587
0.0052015097;-0.13921688;-0.09911267
0.004161208;-0.15512352;0.024030179
-0.040421035;-0.15300506;0.06707571
-0.07608683;-0.14584154;0.011668377
-0.042119462;-0.11823574;-0.06351686
-0.014945569;-0.06411984;-0.14466114
0.038043544;-0.03801462;-0.13291642
0.030434836;-0.009317948;-0.085337035
0.024347868;0.012076892;-0.075886816
0.013228294;0.0073177638;-0.047330547
0.010582636;-0.024614539;-0.045481626
0.014716108;-0.050160382;-0.013436083
0.049272887;-0.072940804;-0.037506677
0.026918309;-0.104446396;-0.005102999
0.015284647;-0.07886962;0.032245725
-0.006522282;-0.055283193;0.060269237
-0.023967825;-0.036414053;0.0921607
-0.02542426;-0.011943743;0.07958794
-0.007839409;0.0052887555;0.11347504
0.0062284735;0.017512254;0.07359253
0.036232777;0.036666054;0.054967772
0.060236223;0.04261409;0.045927342
0.073188975;0.061435025;0.036741875
0.07730118;0.050710518;0.03701069
0.07434095;0.048380915;0.02960855
0.07822276;0.033235982;0.048491526
0.050078206;0.007057536;0.12297291
-0.009937435;-0.013885221;0.15580021
-0.07669995;-0.033764426;0.16487454
-0.11135996;-0.04966779;0.12799338
-0.095337965;-0.034265485;0.0758322
-0.038770374;-0.0063186367;0.024337638
-0.0060162987;0.0043200906;-0.028576765
0.0014369609;0.028456073;-0.022861412
0.0011495687;0.007139858;0.01999212
-0.017830346;-0.041944362;0.023806196
0.004485724;-0.06246174;-0.004001918
0.022338578;-0.09528189;0.01984534
0.036620863;-0.10122552;-0.005217477
0.03554669;-0.10129291;-0.006127107
0.04718735;-0.05603433;-0.060370434
0.056499884;-0.033889964;-0.06743697
0.063949905;-0.05836197;-0.06742614
0.032409925;-0.06700207;-0.07112841
0.02592794;-0.055164162;-0.049285542
0.051992353;-0.03319383;-0.0068112467
0.06034388;-0.010930063;-0.045683373
0.079525106;-0.01030655;-0.028929511
0.06362008;0.01050476;-0.044237357
0.044646066;0.008403808;-0.08890551
0.066966854;4.7304612E-4;-0.07112441
0.047323484;-0.018371563;-0.068422966
0.019108787;-0.0021972505;-0.073878996
0.021537028;0.0013671996;-0.0591032
0.017229624;-0.02234374;0.0025221293
0.013783699;-0.010062492;0.015298953
0.011026959;-0.033049993;-0.020182712
0.021321567;-0.040502496;-0.03723992
0.054557253;-0.023026995;0.025676815
0.018645803;0.0143909035;0.11643989
0.008666642;0.058387723;0.08533941
-0.018066686;0.06858518;0.05108403
-0.026953349;0.036118142;6.328481E-4
-0.03406268;-0.005480486;0.035076592
-0.008500143;0.03624061;0.045248773
-0.025550114;0.07430499;0.028581832
-0.007940092;0.046943992;0.07071703
0.0061479267;-0.012444807;0.039386123
0.0049183415;-0.019330846;0.027602646
0.003934673;-0.015464677;0.022082118
-0.015602262;-0.03268424;0.05790007
-0.02498181;-0.037084892;0.10374193
-0.019985447;-0.031230414;0.10018104
-0.034738358;-0.04060933;0.09147296
-0.059040688;-0.052799966;0.06575649
-0.07223255;-0.04223997;0.038933318
-0.08903604;0.020895522;0.03309978
-0.083728835;0.04952892;0.0495267
-0.06698307;0.050560635;0.11423074
-0.041086454;0.06544851;0.15661897
-0.03911916;0.032046307;0.1444358
-0.02504533;0.033449546;0.10422051
-0.013786264;0.012697136;0.068142034
0.02022099;0.010157709;0.038888626
0.009926791;0.023751168;0.027204651
0.007941433;0.020563433;0.008482471
0.025103146;0.0055132466;0.010692227
0.038832515;-0.019026903;-0.035586845
0.037316013;-0.06365902;-0.0476101
0.023602812;-0.082177214;-0.074416205
0.018882249;-0.07199177;-0.059532963
0.040105797;-0.07478092;-0.013251371
0.05708464;-0.08482473;0.022211403
0.05816771;-0.08348479;0.046284746
0.05903417;-0.09803783;0.025699673
0.059727333;-0.08780526;0.012747238
0.035281867;-0.05461921;-0.020270959
0.0032254946;-0.01869537;-0.06816989
-0.0036696044;-0.013393795;-0.07914529
-0.015435684;0.0095974635;-0.07503498
-0.018598547;0.020177972;-0.08307486
-0.027378837;0.017704876;-0.06645989
-0.02190307;0.0032264013;-0.05863666
0.001227544;-0.01616888;-0.060581204
-0.0052679647;-0.017622603;-0.033230588
0.03328563;-0.023473082;-0.037912596
0.020378502;-0.006278466;-0.058845703
0.010052802;0.005914727;-0.022467187
0.026792241;0.020356782;-0.056254998
0.04643379;0.010035425;-0.05066806
0.043397035;-0.0029091598;-0.06533913
0.06596763;0.008610172;-0.06379475
0.0777741;-0.0024868622;-0.07017642
0.06846928;-0.016051989;-0.0618052
0.054775424;-0.026904091;0.0021183395
0.03132034;-0.019960774;0.06106967
-0.0061937277;-0.0050311186;0.05823074
-0.036204983;-0.005587395;0.02002209
-0.022713985;0.020530084;-0.01464639
-0.0056711887;0.060174067;-0.038474925
0.0017130491;0.091889255;-0.032733064
0.0076204394;0.092261404;0.0025244856
-0.0064036488;0.073809125;0.0287774
-0.01762292;0.015297298;0.011693796
-0.039098334;-0.026824662;0.018730037
-2.8668066E-5;-0.057397228;0.0075621544
0.0062270653;-0.07248028;-0.0056690266
0.017481653;-0.059546728;-0.058050845
0.013985322;-0.05076238;-0.08472193
0.0111882575;-0.051547404;-0.08496504
0.0027006061;-0.06311292;-0.1236361
0.0084104845;-0.087990336;-0.10457294
-0.0057716123;-0.08757977;-0.10084585
-0.02961729;-0.07943882;-0.07891887
-0.048693832;-0.06823856;-0.045752283
-0.07020506;-0.034278344;-0.023320576
-0.09366405;-0.025860174;-0.026273647
-0.09993124;0.0043118605;-0.022972044
-0.08619499;0.05813699;-0.010565135
-0.068955995;0.08869709;0.0048291422
-0.055164795;0.11314517;0.017339876
-0.031631835;0.12020364;0.029106276
-0.0065554692;0.105537914;0.053949084
-0.0052443757;0.08443033;0.043159265
-0.0041955;0.06754426;0.034527414
-0.0033564004;0.05403541;0.03523912
-0.0151851205;-5.216719E-4;0.066667855
-0.012148096;-0.011354838;0.07423272
0.0027815232;0.00654113;0.07266743
-0.010274782;0.005232904;0.04309488
-0.008219825;0.013561323;0.026663404
-0.02532586;0.02178656;0.025236974
-0.045260686;0.03617925;0.008666141
-0.03620855;0.0508184;0.0032219754
-0.03521684;0.053154718;-0.016758356
-0.040673472;0.045648776;0.0039761267
-0.04503878;0.07245652;-7.2534854E-4
-0.029781023;0.070465215;-0.02167403
-0.023824818;0.06730967;-0.0019095356
-0.025309855;0.07416024;-0.015004191
-0.0014978835;0.07807819;-0.04071429
0.0113016935;0.08746255;-0.034524556
-0.0034586454;0.09262629;-0.03133058
-0.021516915;0.070976034;-0.04244728
-0.010963533;0.06224958;-0.039621886
-0.008770826;0.061518412;-0.054744385
0.01798334;0.05858973;-0.011178319
0.008136671;0.056246784;-0.03198953
0.0065093366;0.062184926;-0.0580135
0.011457469;0.04584169;-0.035082676
0.015415976;0.056204602;-0.022206765
-0.0064172195;0.042619932;-0.031241974
0.007366224;0.036439694;-0.04218108
0.02464298;0.036964256;-0.018510489
0.019714383;0.029571405;-0.014808391
-0.0029784932;0.015844624;-0.005987338
0.0038672055;-6.0555054E-4;-0.016313307
0.015593764;-0.0043906905;-0.0073865834
-0.0062749884;0.0042999475;-0.030713955
-0.023769991;-0.027810043;-0.022618039
-0.012765992;-0.023810534;-0.029617868
-0.028962795;-0.053423427;-0.027600545
-0.029420236;-0.05289499;0.0066305017
-0.017286189;-0.057159744;-0.006219036
0.01742105;-0.049634043;-0.018256478
-0.0048131603;-0.026425986;-0.020366902
0.021149471;-0.025047038;-0.023910709
0.010669577;-0.04503763;-0.051745754
0.014785662;-0.043061353;-0.043252073
0.03057853;-0.053980332;-0.030793063
0.024462823;-0.052559268;-0.0054938262
0.03832026;-0.076422416;-0.02548881
0.030656207;-0.08145043;-0.028008236
0.037024967;-0.040160343;-0.0319769
0.048369974;-0.055565774;-0.05243699
0.063695975;-0.06164012;-0.04956678
0.044706784;-0.071187094;-0.049223736
0.029515427;-0.072574675;-0.031761803
0.02986234;-0.06118474;-0.034930926
0.0051398724;-0.09113529;-0.022231849
-0.014638102;-0.083845735;-0.015832355
-0.017960481;-0.05613909;-0.024189321
-0.014368385;-0.029286271;-0.027017472
-0.030244708;-0.024991516;-0.023518275
-0.030445766;-0.041868214;-0.013052901
6.4338674E-4;-0.04286957;0.0048897103
0.025514709;-0.031170657;0.023052393
0.026661767;-0.034311526;0.014633321
0.008829414;-0.03213672;0.02127697
-0.0116864685;-0.017896876;0.009306732
-0.003099175;-0.0268175;0.013207104
-0.00872934;0.0082335;0.0048039644
-0.019483471;0.0081493;-0.009535735
-0.028086778;0.02370694;0.019129224
-0.028719421;0.018965552;0.007686192
-0.029225538;0.02454744;0.004195829
-0.04213043;0.036825452;0.003356663
-0.046204343;0.0153978625;-0.0011232633
5.365247E-4;0.02325579;0.010624827
0.01292922;0.052979633;0.01035533
-0.002156624;0.042383704;0.017854577
0.004524701;0.029219465;0.010475067
0.016119761;0.015563072;0.017950367
0.03164581;0.012450458;9.81387E-4
0.037816647;0.017772866;0.0027382346
0.03650332;0.026718292;0.0117609
0.041702654;0.027624635;0.00940872
0.039612122;0.026787207;-0.019328492
0.025439698;0.024554767;0.011392674
0.039101757;0.011831312;0.0033524209
0.043781407;0.01571505;-0.0068883756
0.028775126;0.02038454;0.0021064868
0.029270101;0.019432632;0.011255502
0.02341608;0.015546106;0.009004402
0.018732864;0.009311885;0.0033949276
0.021236291;-0.011300492;0.020001099
0.029489033;0.011272106;0.002524316
0.011091227;0.010580185;0.013542891
0.03387298;0.024089148;0.01659603
0.045848384;-0.0057286816;-0.019340362
0.024178708;-0.040520445;-0.009710572
-0.011907034;-0.076166354;-5.3613338E-5
-0.04702563;-0.07968309;-0.011566328
-0.0438705;-0.080933966;-0.0034913437
-0.0663464;-0.06943467;0.0067772376
-0.07182712;-0.03679774;-0.011863367
-0.057461698;-0.05600069;-0.011346161
-0.052219357;-0.036988053;0.017680883
-0.07302549;-0.004590443;0.008480644
-0.05842039;0.010390146;0.02201889
-0.02798631;0.008312116;0.019568237
-0.022389049;0.0066496935;0.01565459
-0.017911239;0.0053197546;0.012523672
-0.03307899;0.015193304;-0.005313094
0.029786807;0.001217143;-0.019582506
0.011329446;-0.0068387855;-0.015666004
0.027813556;-0.022658529;-0.00872421
0.016000845;-0.024376823;-0.026119994
3.0067615E-4;-0.011688958;-0.0036108384
-0.018509459;-0.009351167;-0.0106035145
-0.0023075673;3.3156673E-4;-0.012291405
0.004403946;0.028390253;-0.013641718
0.003523157;0.014899703;-0.04538603
0.015318526;0.035357263;-0.045879137
0.01225482;0.028285809;-0.03670331
-0.0026961437;0.011691147;-0.027458351
-0.027156916;-0.004709582;-0.037249885
-0.021725532;-0.027205165;-0.037465923
-0.011130425;-0.06707663;-0.026164144
-0.008904341;-0.045848805;1.624345E-4
0.0053765276;-0.030429045;-0.005631771
0.010551222;-0.021218237;-0.0026011202
-0.010309022;0.022087911;0.0036808227
0.016752781;0.028607829;0.006753252
0.044652227;0.024448764;0.02649635
0.04197178;0.02737151;0.0441463
0.046077423;0.0047097085;0.050649073
0.03061194;0.022517767;0.03856613
0.024489552;0.032076713;0.023235718
0.025841642;0.02097387;0.024350293
0.045673314;0.0042790966;0.015573985
0.04903865;0.0081107775;0.022127157
0.026730921;0.022113621;0.02151032
0.0026347362;-0.0026216025;0.028634036
-0.03539221;0.008840218;0.04400098
-0.047063768;-0.008552826;0.037153907
-0.025151014;-0.0021547605;0.027770001
-0.007620812;0.018588692;0.04125897
0.012653351;0.021120952;0.03886655
-0.02737732;0.0153342625;0.0367573
-0.046901856;0.0028924101;0.06964022
-0.012521485;0.0132514285;0.038524672
-0.010017187;-0.0034613574;0.0077728643
-0.00801375;0.022230914;0.010124542
-1.6100012E-4;0.04122223;-0.0073300544
0.0061212;0.014227785;0.007612519
-0.02010304;0.003569728;-0.0034802973
-0.034832433;-0.011206717;-0.0047373627
-0.0028659457;-0.041777875;-0.0037898903
0.022707244;-0.0506098;-0.008695975
0.024415795;-0.02955034;-0.016527092
0.038282637;-0.011140271;-0.036170892
0.030626109;-0.016724717;-0.017510932
0.024500888;-8.797738E-4;-0.01967281
0.013350709;-0.02414132;-0.036831997
0.029430568;-0.009938056;-0.014133566
0.042294454;-0.015762944;-0.026638884
0.033835564;-0.0063603553;-0.019455638
0.014568451;0.0027242156;-0.051892634
-8.452395E-4;-0.021258127;-0.026182078
-0.019426191;-0.034194004;-0.026707381
-0.0030409533;-0.041417703;-0.0137487175
-0.0024327626;-0.03469666;-0.00719038
-0.01444621;-0.021507328;-0.017178085
-0.011556968;-0.014080863;-0.0061252806
-0.021745574;-0.014389691;0.02000212
-0.01739646;-0.017761752;0.01981029
-0.026417168;0.002978098;0.06555526
-0.021133734;0.008632478;0.07353796
-0.041906986;0.035030983;0.043595992
-0.02102559;0.037399787;0.034876794
0.014429528;0.025232328;0.02594831
0.011543622;0.0029983632;0.028375836
0.009234898;-0.011663809;0.038130358
0.0073879184;-0.017143548;0.03245741
0.0059103346;-0.05590234;0.020106552
0.023478268;-0.03690937;0.041085243
0.031282615;-0.004527496;0.038532257
-0.0062239086;-4.969971E-4;0.021255493
0.013770873;-0.0019600976;0.0035278315
0.0047666985;0.006244422;0.02196289
-0.014936641;-0.012191962;0.0501875
-0.036949314;0.00899643;0.03253281
-0.03580945;0.038447145;0.03559656
-0.01614756;0.049507715;0.024571
-0.025418049;0.04585617;-0.0031947626
-0.04533444;0.03199744;0.020295752
-0.07376755;0.02403545;0.0066662896
-0.05276404;0.02860336;-0.006190406
-0.04221123;0.027570188;0.0028601752
-0.008768986;0.01424365;-0.0035712349
-0.0070151887;0.02076992;0.024096137
-0.011862151;0.022865936;0.034511283
-0.02198972;0.02766775;-0.0050081597
0.0011582234;0.0065091993;-0.007717465
0.04467658;0.02083236;0.0033963402
0.09199126;0.0072908876;-0.0031423029
0.09234301;-0.02072979;-0.004466967
0.08012441;-0.057208832;-0.0072845113
0.07034953;-0.06920457;0.017219266
0.05002962;-0.06630115;-0.013177712
0.058773696;-0.06085342;-0.03925311
0.047018956;-0.061182737;-0.031402487
0.056365166;-0.03800869;-0.017504802
0.05759213;-0.028844452;-0.017714778
0.039823707;-0.049638063;-0.039171822
0.019358965;-0.06627295;-0.046571832
0.04048717;-0.07645586;-0.07358559
0.019889738;-0.10178969;-0.079962224
0.01591179;-0.09236925;-0.06211431
0.006479432;-0.0910829;-0.03816801
0.0114335455;-0.10255382;-0.051628157
0.027896836;-0.092980556;-0.039349403
0.02231747;-0.07438444;-0.031479523
0.017853975;-0.061070055;0.0016718517
-0.0044668196;-0.031668544;0.026142169
-0.0035734558;-3.3483576E-4;0.01896061
-0.009108765;-0.0049553686;-0.0020190119
-0.026037011;-0.011776795;-0.011185522
-0.020829609;-0.0031714358;0.02366877
-0.016663687;0.03027535;0.041786578
-0.02583095;0.010157781;0.035382386
-0.02691476;0.009688725;0.016782472
-0.021531807;0.02962598;0.040379103
-0.017225446;0.022138285;0.037967347
-0.026280357;0.022398127;0.05713169
-0.021024285;0.030418502;0.040041286
-0.03556943;0.0415223;0.04160334
-0.015955543;0.03321784;0.07547017
-0.037764434;0.039074272;0.05646989
-0.036461547;0.051571917;0.071933724
-0.035419237;0.038132533;0.05754698
-0.02833539;0.060193527;0.024943834
-0.010168312;0.06846732;0.018197255
-0.02063465;0.067273855;0.029792178
-0.01025772;0.055381585;0.03145093
-0.014456176;0.06774277;0.029066995
9.350593E-4;0.038569216;0.0060660955
-0.011751953;0.04023037;-0.016240874
-0.009401562;0.033746798;-0.0053755115
-0.0012712496;0.037934937;-0.027347283
0.011483001;0.02722295;-0.02363564
0.0091864;0.038965862;-0.022814762
0.01359912;0.040547688;-0.020204935
0.010879296;0.03868815;-0.020070197
0.033703435;0.04345052;-0.025626471
0.02696275;0.016010417;-0.041399613
0.0465702;0.011245833;-0.031361878
0.01850616;-0.0066283336;-0.03270669
0.039804928;-0.011552667;-0.04139973
0.019343942;-0.031117134;-0.050502595
0.015475154;-0.021768706;-0.038448952
0.012380123;-0.029914966;-0.045993537
0.022404099;-0.020806972;-0.03308389
-0.013326721;-0.027583078;-0.0034202377
-0.016911376;-0.028316462;-0.00273619
-0.044779103;-0.01327817;-0.017423328
-0.02957328;0.022189964;-0.013938662
-0.029908625;0.019314472;-0.01896343
-0.0301769;0.03263908;-0.009311369
-0.03039152;0.015173761;0.023214968
-0.018063216;-0.01911099;0.028142286
-0.014450572;-0.015288793;0.02251383
-0.011560459;-0.012231034;0.018011063
-0.0029983665;-0.009784827;0.04311979
-0.014898693;-0.06720286;0.042113017
-0.0056689545;-0.05376229;0.037596665
-0.010785163;-0.02738483;0.037694518
-0.008628131;0.0015296348;0.034061864
0.005597495;-0.008151292;0.052054178
-0.008022004;0.010666466;0.037737094
0.018582396;0.033533175;0.020619363
0.0086159175;0.019014038;0.0012611151
0.006892734;-0.01603877;-9.44233E-4
-0.006985813;0.0027939845;-0.010325699
-0.01183865;0.013172688;-0.019783996
-0.00947092;-0.0019618499;-0.009967823
-0.0013267362;-0.0015694799;-0.034927383
0.005188611;-0.001255584;-0.03751222
-0.03334911;0.0068080327;-0.04524415
-0.026679289;-8.035737E-4;-0.030531257
-0.008843431;-0.014705359;-0.051182818
-0.007074745;-0.0070767873;-0.03137594
-0.005659796;-0.02284893;-0.055667162
-0.0045278366;-0.013591643;-0.035061073
0.02762773;0.0016266849;-0.05480667
0.022102185;-0.011198652;-0.041892212
0.048931748;0.009791078;-0.05646299
0.0516454;0.025020363;-0.056693826
0.035066318;0.02157879;-0.024261313
0.015553054;0.0094505325;-0.03288561
0.006192444;0.015372925;-0.024355365
-0.0012960449;0.012298341;-0.04057804
-0.013536836;4.6367245E-4;-0.02474759
-0.010829469;0.003495938;0.001198022
0.016336424;0.0027967503;-0.0143736135
-0.00568086;-0.0133876;-0.0037840472
-0.010794688;-0.00602258;-0.010742081
-0.021135751;-0.011068064;0.020214928
-0.0044086003;-0.004166951;0.02378913
0.0027231197;-0.014271061;0.005652398
-0.010321504;-0.02079185;0.012139106
-0.027007204;-0.011945979;0.009711285
-0.015355763;0.018568218;0.013530746
-0.04353461;-0.0023329265;0.012777722
-0.04732769;-3.0384123E-4;0.033171397
-0.019112151;0.021631926;0.01891993
-0.027789721;0.015743041;0.024706256
-0.015981777;0.007906933;0.012050161
-2.8542106E-4;0.028200546;0.03825341
-0.0064783366;0.017872937;0.046032418
0.0073173307;0.02836085;0.015732182
-0.0066461354;0.04300118;0.014538871
0.0071830917;0.018775944;0.0077248467
0.005746473;0.027520755;0.0024689399
-0.0016528214;0.040766604;-0.003884223
-0.0013222571;0.038863283;-0.0050605033
0.005192194;0.024840627;-0.00775934
0.010403755;0.0229975;-0.027301222
0.020823004;0.030898001;0.012534022
0.010408403;0.0262809;-0.022394657
0.008326723;0.02102472;-0.017915726
0.025411379;0.035569776;-0.008570862
0.020329103;0.03158082;-0.0010949707
0.016263282;-0.002860343;0.004788086
0.013010626;0.011774225;-0.013357031
-0.0083415;0.009419381;-0.05668172
-0.0191732;-0.025276996;-0.039583657
-0.02783856;-0.023346597;-0.031666923
-0.022270847;-0.03898978;-0.023380416
-0.024066677;-0.031191822;-0.012942613
-0.019253343;-0.024953457;-0.027639247
-0.009152674;-0.0027752658;-0.033634834
0.011427861;-0.008470213;-0.013431305
0.0028922886;0.0025988298;-0.005080982
-0.003936169;0.003641564;-0.034631193
-0.034398936;-0.026774248;-0.025849484
-0.008769148;-0.0276694;4.1416226E-4
-0.025765318;-0.02057302;-0.013047577
-0.020612255;-0.018020915;-0.018152906
-0.003989804;-0.0050417325;-0.014522324
-0.009441843;0.008466614;-0.0020475467
0.011196526;0.009898291;0.021408837
0.04645722;0.0047936332;0.0075567574
0.055915777;-0.0039775935;-0.013095219
0.044732623;-0.021932075;-0.020144144
0.048286095;-0.02692066;-0.01416219
0.013628878;-0.03716153;-0.017091472
0.017153103;-0.025041722;-1.9661416E-4
0.044972483;-0.018470878;0.0036513025
0.035977986;-0.011651702;-0.025789896
0.010032388;-0.03432136;-0.03596395
0.008025911;-0.029019589;-0.03453288
0.012670728;0.0017843284;-0.02376888
-0.021113418;0.0061149625;-0.0056361975
-0.016890734;0.01114197;-0.021745287
-0.026012586;-0.008273924;-0.021204822
0.0104399305;-0.015994139;-0.005489249
-0.004148056;-0.0065453113;-0.010153118
-0.009568444;-0.02242375;-0.031071713
-0.0014047556;-0.039814;-0.02485737
-0.013623805;-0.011538699;0.016491057
0.0016009564;-0.012355959;-2.348889E-4
0.0012807652;-0.019259768;-0.002092208
-0.011475388;2.1718592E-4;2.3053048E-4
-0.015430311;0.018923748;-0.0036241694
-0.012344249;0.030763999;9.0925826E-4
-0.0036253985;0.0433612;0.027534047
-0.015400318;0.01593896;0.023980362
-0.012320255;0.012751168;0.01918429
-0.0098562045;0.010200934;0.015347432
-0.0016349633;0.015973248;0.017942008
-0.0013079706;0.0518411;0.014353607
-0.019796377;0.028972879;0.023006322
-0.0345871;0.037240803;0.027975371
-0.04641968;0.046980143;0.035759203
-0.037135746;0.046959113;0.057415955
-0.035958596;0.05162979;0.0075538587
-0.041266877;0.06317883;0.017566524
-0.058013503;0.09273057;0.048525877
-0.0339108;0.081996955;0.056105856
-0.033378642;0.065597564;0.050548747
-0.020452913;0.05872805;0.009872592
0.0023876699;0.04073244;0.013659792
0.008160136;0.04196095;-5.9560355E-4
0.006528109;0.05075626;0.0033321108
0.011472487;0.04060501;0.027568033
0.02792799;0.013734007;-0.016226824
0.03484239;0.009424706;-0.01112599
0.015373914;0.0075397645;0.002622645
0.02479913;0.009156812;0.002098116
0.019839305;0.02451295;-0.02322385
0.028371444;0.03914161;-0.016625956
0.041447155;-0.0022804623;-0.03634764
0.045657724;-0.01744937;-0.023316393
0.03652618;-0.029584495;-0.030078895
0.04172094;-0.031480096;-0.054727178
0.033376753;-0.043934077;-0.04568604
0.014201404;-0.05858476;-0.023169925
0.005111123;-0.04843031;-0.03386797
-0.0021611017;-0.065306745;-0.03090297
-0.020478882;-0.0772454;-0.02853097
-0.010133105;-0.077421315;-0.015207589
-0.014356484;-0.079124555;-0.015974665
-0.011485187;-0.07267465;-0.02425434
0.01581185;-0.07220221;-0.032831207
-0.00610052;-0.057761773;-0.028169263
0.0013695841;-0.058709417;-0.014869395
-0.0051543326;-0.06884254;-0.0023252033
-0.004123466;-0.07851153;-0.0037644594
-0.022048773;-0.058121722;0.023795074
-0.042639017;-0.055872377;0.036272388
-0.07786121;0.002177098;0.013685878
-0.07478897;0.048616678;0.009044405
-0.072331175;0.08889334;-4.304912E-4
-0.03911494;0.100802176;0.001559904
-0.0125419535;0.068141736;0.014675657
0.008716437;0.04982589;0.030881152
0.056973148;0.017985713;0.061033044
0.08932852;-0.021548929;0.060349874
0.10271282;-0.054739144;0.0482799
0.08842025;-0.07035381;0.027100481
0.0582362;-0.053158052;0.0025397607
0.06533896;-0.05190144;0.019316964
0.07102117;-0.024333654;0.01730904
0.031816937;-0.0054044225;0.021562075
0.0067035486;0.014426462;0.011487942
-0.019637162;0.0021661695;-0.0061416775
-0.05320973;0.020482935;-0.004913342
-0.042567782;0.008573849;-0.011547861
-0.015304226;0.006859079;-0.013144539
0.0065066186;0.017987262;-0.0028007873
-0.001044705;0.01751481;0.007329683
0.005414236;0.0061993483;0.015434058
-0.008168611;-0.0028530213;0.025726153
-2.8488896E-4;0.005530083;0.0436278
-2.2791116E-4;-0.0049509336;0.0233788
-0.02518233;0.024164254;0.055031165
-0.020145863;0.019331403;0.044024933
-0.022366691;0.04671512;0.048696507
-0.042893354;0.023309598;0.015910331
-0.04681468;0.021772679;0.039486077
-0.024951745;0.011168143;0.027877925
-0.019961396;-0.005127986;0.010778902
-0.009719118;5.8511115E-4;0.031669997
0.004724706;-0.013594411;0.023382872
0.016279764;-0.012438029;0.014800048
0.031773813;-0.044325422;-0.009253711
0.025419049;-0.026085338;-0.015020157
0.02033524;-0.03805577;-0.056059096
0.028768191;-0.025757117;-0.03332384
0.041764554;-0.036230695;-0.032420788
0.027161643;-0.043047056;-0.046932723
0.027979314;-0.051625144;-0.04145243
0.022383451;-0.06473762;-0.07144319
0.011656761;-0.04866509;-0.09157839
0.009325409;-0.043619573;-0.046456065
0.013710327;-0.05052066;-0.058258604
0.04221826;-0.03572903;-0.054272898
0.04002461;-0.03327072;-0.054892927
0.050769687;-0.04067908;-0.024773717
0.03436575;-0.04348076;-0.03319788
0.0212426;-0.01290961;0.005961227
0.00449408;0.0131098125;0.041194763
0.009845264;0.02923785;0.03295581
0.007876211;0.04839028;0.04355215
0.012550969;0.032462224;0.027224531
0.003790775;0.024407279;0.025588218
0.00303262;0.008588323;0.026232293
-0.010073904;-0.013441841;0.03436474
-0.0080591235;-0.021690972;0.03901523
-0.0064472985;-0.045477778;0.05220828
-0.042657837;-0.050444722;0.080047876
-0.040376272;-0.026293278;0.06794455
-0.063551016;-0.0022846225;0.06392595
-0.044590812;0.026297301;0.06832826
-0.03567265;0.021037841;0.054662608
-0.02853812;0.016830273;0.043730088
-0.010330496;0.03846422;0.010179382
-0.020764397;0.029208874;0.013807568
-0.035361517;0.0093046;0.03018668
-0.040789213;-0.0019313201;0.054813407
-0.05763137;-0.0031075561;0.034280412
-0.052355096;0.028763955;0.031330578
-0.029384078;0.029261164;0.025064465
-0.036007263;0.04215893;0.012239072
-0.02255581;0.07278965;0.017603757
-0.011794648;0.07541922;0.002559568
-0.0031857183;0.06346037;0.015328905
0.028701425;0.025768299;0.016169373
0.04171114;3.021386E-4;0.016841749
0.039618913;0.04086671;-0.0058625382
0.03794513;0.03738087;0.008786532
0.024106104;0.026779694;0.014646413
0.031784885;0.013611256;-0.016993808
0.031677905;0.015576505;-0.019259108
0.025342325;-0.0047262963;-0.026930723
0.02027386;-0.017843537;-0.027208641
0.0037190882;-2.1232956E-4;-0.021766914
0.0029752704;-0.015794864;-0.032843217
0.0023802165;-0.03919839;-0.03584489
0.001904173;-0.040733714;-0.040199347
0.014023338;-0.03102447;-0.045440726
0.01746867;-0.040444575;-0.019165082
0.013974937;-0.04329316;0.011425747
-0.0013200507;-0.04088453;0.003476535
0.01769396;-0.03583262;0.014304666
-0.0045948327;-0.0271036;0.021014044
-0.009925866;-0.020120379;-5.7157665E-4
0.017059308;-0.002033803;-0.017644761
0.007397446;-0.0047520422;-0.010209559
0.0059179566;-0.008489134;-0.010120772
0.010984365;-0.019291308;0.014950257
-0.0099625075;-0.041995544;0.010007081
-0.020470006;-0.035158936;0.02324004
-0.010126005;-0.01250215;0.007068594
-0.008100804;-0.014689219;0.0247955
-2.3064317E-4;-0.0133138755;0.021789525
-0.0064345147;-0.0184636;0.05571287
0.0073523885;-0.0053958804;0.029335922
0.0058819107;-0.012129204;0.021515612
-0.0015444715;0.004359137;0.03264218
-0.0012355772;3.6230928E-4;0.031777803
0.005261538;-0.010647653;0.04065662
-0.014540769;-0.0100806225;0.057525296
-0.030382615;-0.015876997;0.051684298
-0.03680609;-0.012701598;0.047206815
-0.004444874;0.014838722;0.041476388
-0.009805899;0.041558478;0.027517049
0.01715528;0.03480928;0.022013638
0.0074742245;0.023159925;0.023274973
-0.01277062;0.03884044;0.016862167
0.008533504;-1.7764774E-4;0.0095834825
0.025576804;-0.012642118;4.959885E-5
0.032961443;-0.014801195;0.011563117
0.026369154;-0.0055909557;-0.0022729442
0.008595323;-0.0029102645;-0.030529292
0.0068762586;7.967884E-4;0.004287503
0.011751006;-0.0024875693;0.013000315
0.021900805;0.018322445;0.008447127
0.0050206445;0.053720456;0.021992076
0.0040165153;0.050788864;0.013882724
0.0032132124;0.029693592;-0.036745384
0.00882057;-0.004370127;-0.019825995
0.013306456;-0.0066211014;-0.006290483
0.010645165;-0.03810938;-0.005032386
0.021016132;-0.080487505;0.018825654
0.016812906;-0.0878275;-0.0136504145
0.025950324;-0.0749495;-0.012873457
0.03326026;-0.0599596;-0.05033783
0.03910821;-0.057342682;-0.049840573
0.043786567;-0.050561644;-0.03811465
0.016279252;-0.034199316;-0.04377297
0.0067734024;-0.058609452;-0.044588685
-0.007081278;-0.065637566;-0.051100638
-0.030665023;-0.06188505;-0.021739885
-0.030782018;-0.04950804;-0.051766906
-0.024625614;-0.030231431;-0.020319777
-0.013450491;-0.024185145;0.012455117
0.014239606;-0.050598115;0.009964094
-0.0011083146;-0.024853494;0.011682212
0.0116133485;0.009804705;-0.0021776678
0.009290678;0.028156264;-0.0074061966
0.0074325427;0.02252501;-0.0059249573
0.037196033;0.02427001;0.033541285
0.029756827;0.031916007;-0.0018779102
0.023805462;0.022407806;0.011974234
0.02529437;0.0069887447;-0.011514363
0.013985496;0.025903495;-0.0055005527
-0.0013116035;0.020722797;0.022552682
-0.013549283;-0.0021717628;0.018042147
-0.017089427;0.0076375897;-0.004706908
-0.019921541;-0.009514928;-0.015288964
-0.015937233;-0.0076119425;0.014526641
-0.0127497865;0.004847946;0.030761939
-0.010199829;0.025753357;0.020898612
-0.014409863;0.028415186;0.0128126405
-0.01152789;0.028982148;6.797998E-4
0.0032776876;0.015373219;0.0062079025
-0.01612785;0.023236075;0.014536634
-0.01915228;0.02952636;0.019441808
-0.015321824;0.026746089;0.026881572
-0.018507458;0.02139687;0.03498182
-0.039805967;0.031179996;0.020368269
-0.050594773;0.034319;0.029771177
-0.015475819;0.074330196;-0.012706496
0.068869345;0.07508916;-0.004305822
0.098845474;0.016321326;0.028977217
0.06032638;-0.04944294;-0.028380726
0.017011104;-0.05205435;-0.00942333
0.0011088836;-0.04008098;0.007891023
0.0071371067;-0.050814785;-0.0014996817
-5.403145E-4;-0.07033933;-0.008816933
-0.019182252;-0.021896463;-0.035764486
-0.027845802;0.02154533;-0.028611587
-0.03477664;0.054736264;-0.026600206
-0.052821312;0.07191401;0.0035245218
-0.06725705;0.06065621;8.6649245E-4
-0.04755564;0.05946247;0.0026463189
-0.044294514;0.036632475;-0.017023569
-0.03543561;0.054305978;-0.027095418
-0.009598488;0.041882284;-0.01581696
-0.013928791;0.053818326;-0.014606693
0.0013569678;0.04930466;-0.019302541
0.013585574;0.014443729;-0.023254534
-0.01413154;0.014679983;-0.0031739392
-0.0113052325;0.032056488;-0.012109464
-0.009044186;0.05533269;-0.023164134
-0.0072353487;0.04270365;0.0140858805
0.02546172;0.05291292;0.026503079
0.039119378;0.051705338;3.040261E-4
0.018795501;0.05855177;0.013524471
0.015036401;0.015591416;-0.01398511
-0.006720879;-0.0031518675;-0.049469337
0.0071232966;-0.027521495;-0.043481722
-0.0068013626;-0.032954697;-0.038691625
-0.01169109;-0.034176257;-0.007906427
-0.015602872;-0.041403506;-0.0082782665
-0.012482298;-0.029997803;-0.016192926
-0.016235838;-0.047435742;-0.024477778
-0.03798867;-0.025448594;-0.050246283
8.590636E-4;-0.010983876;-0.022814216
6.8725087E-4;5.878995E-4;-0.0010638722
-0.0182002;-0.018279681;-0.01042141
-0.014560159;-0.0036862444;-0.02181369
-0.024148127;0.0017385045;-0.02116189
-0.025568502;-0.0032966963;-0.009312324
-0.026704801;-0.016699858;-0.026590485
-0.04011384;0.0038276142;-0.021272387
-0.019591073;0.04681209;-0.0074475976
-0.03442286;0.03901217;-0.009864328
-0.008788287;0.023397239;-0.0039852127
-0.0070306296;0.009342791;0.0063821427
-0.0056245034;0.049661733;0.018582277
0.008000397;0.06629188;0.0013892587
0.006400318;0.034283508;0.024158282
0.005120254;0.053989306;-0.0076264995
0.0040962035;0.043191444;-0.0061011994
0.0032769628;0.034553155;-0.0048809596
0.027621571;0.024517525;-0.01347508
-0.0029027439;0.04930152;7.4337336E-4
-0.008572195;0.047253717;-0.005069364
-0.019357756;0.045615472;0.009225759
-0.021736205;0.041179877;-0.007853768
-0.029888963;0.025131403;-0.013900202
-0.011411171;0.020105122;0.008020463
-0.002878937;0.023896597;-0.016630504
-0.01480315;0.03630478;-0.015257528
6.574804E-4;0.029043822;-0.014061491
-0.0057240156;0.03573506;1.7658813E-4
-0.010829212;0.033275545;-0.015093105
0.01633663;0.03599544;-0.006410421
0.025569305;0.01629635;-0.022315837
0.0017054431;0.01772458;-0.012090951
-0.0048856456;-0.0014453362;-0.001957917
-0.016408516;0.008218731;-0.011136646
-0.019376813;0.0065749846;-0.028147599
-0.00925145;0.0021349879;-0.0128501095
-0.0074011604;-0.01547951;0.0030988185
-0.0121709285;-0.0030086078;-0.055040475
-0.0034867427;-0.011781886;-0.055458162
0.028460605;-0.01567551;-0.00608528
0.029018484;-0.026602907;-0.027817443
0.029464787;-0.043157324;-0.033777393
0.04857183;-0.03765086;-0.027021913
0.032607466;-0.04105819;-0.0024769057
0.013585972;-0.05003405;-0.011551837
0.017118776;-0.04627724;-0.016858658
0.0074450215;-0.024521792;-0.023057237
0.0059560174;-0.035242435;-0.007020009
0.017264813;-0.045381445;-0.022803508
0.02006185;-0.047242656;-0.047002573
0.00979948;-0.054981627;-0.04717237
0.007839585;-0.0439853;-0.037737895
2.1667756E-5;-0.07425074;-0.05123524
1.7334205E-5;-0.059400592;-0.040988192
-0.0062361327;-0.07095797;-0.038527858
0.0012610939;-0.06614138;-0.021276388
0.013508875;-0.063850604;-0.020829704
0.0108071;-0.04951798;-0.030067082
0.01489568;-0.017739385;-0.018316362
0.005666544;0.007683491;-0.016557386
0.023283236;0.012396793;-0.022816222
0.012376588;0.009917434;0.0027919447
0.01615127;0.043871447;-0.009241054
0.031671017;0.04290966;-0.03228298
0.044086814;0.026515227;0.0048010577
0.010269451;0.02746218;-0.0018964586
-0.0042844396;0.028219745;-0.018753495
-0.015927551;0.024138296;-0.0015994756
-0.025242042;0.022435637;0.012123739
-0.038943633;0.013261009;0.023077898
-0.056154907;0.029358808;0.047222085
-0.06992392;0.053174548;0.037777666
-0.04968914;0.058164638;0.028317837
-0.008501312;0.06840671;0.0073222383
0.0056989505;0.062537864;0.009666384
0.01080916;0.053155296;0.0039245137
-0.016352672;0.015961735;-0.0064307014
-0.038082138;0.0065193884;-0.007097686
-0.02421571;-0.010409489;0.013511304
-0.03812257;-0.01770259;0.02418795
-0.042998053;0.0108379265;0.042348407
-0.046898443;0.018045342;0.026163882
-0.050018754;0.045686275;0.013313917
-0.027515003;0.055299018;0.0029851184
-0.022012003;0.056739215;0.0023880948
-0.017609602;0.05632887;0.009576491
0.004662318;0.0591256;0.01918463
0.022479855;0.047300477;0.026773486
0.042983882;0.017527882;0.01956332
0.034387108;0.009334806;0.023267843
0.015009685;0.021530345;0.062657245
-4.9225165E-4;-0.018713225;0.07502814
-0.037893802;-0.05090808;0.038928762
-0.03656504;-0.039163962;-0.009091366
-0.041752033;0.0030438292;-0.018698875
-0.0021516262;0.016497564;-0.05709777
0.004528699;-8.644493E-4;-0.02844189
0.009872959;-0.013191559;-0.02275351
0.007898367;-0.024615748;-0.008632496
0.012568694;-0.0525051;-0.0030974033
