-0.028473629;0.034235466;0.018858358
-0.0087164035;0.014888374;-0.003663313
0.025839377;-0.0130893;0.01581935
0.0331715;-0.02297144;0.01265548
-0.0015877986;-0.043377154;-0.014875616
-0.016895238;-0.050326724;0.006849507
-0.021328691;-0.04651138;-0.032020394
-0.032687955;-0.015334102;-0.038116317
-0.013650362;0.0033577185;-0.0054930523
-0.01717029;0.024561174;0.020605559
-0.007486232;0.03527394;-0.0022655535
-0.029426485;0.06571915;-0.014312442
-0.026666189;0.06820032;0.032300048
-0.0025829508;0.048310257;0.050840035
0.03855864;0.038648207;0.04067203
0.01678441;0.030918565;0.0137876235
0.0134275295;-0.009640148;0.004780099
0.010742024;-0.007712119;0.003824079
0.008593619;-0.006169695;0.003059263
0.022499895;-0.023685755;-0.03505259
-0.024187583;-0.037698604;-0.04054207
-0.020912567;0.007341116;0.0050663427
-0.0026675537;0.06837289;0.022803074
-0.005259043;0.067198314;0.011992459
-0.029207235;0.05375865;-0.0029060326
-0.0061782873;-0.0069930786;0.035175174
0.01849487;-0.04934446;0.03439014
0.016358396;-0.07072557;0.0025121113
0.020899218;-0.10033046;-0.04174031
0.010469373;-0.08026437;-0.04589225
-0.0150620015;-0.0048364922;-0.017963799
-0.004237101;0.046130806;-0.008121039
0.026297819;0.06815465;0.024753168
0.011663255;0.07327372;0.013552535
-0.0016068957;0.07424397;0.004592028
0.0034019835;0.025020178;0.016173622
0.012096587;-0.011233858;0.006688898
-0.01844773;-0.021487085;-8.988817E-4
0.0055543156;-0.02968967;-0.019469105
0.021630952;-0.017501734;0.0031747157
0.018867262;-0.010876388;0.0025397725
-0.0067811906;6.738896E-4;0.008281818
-0.03198745;0.013039112;3.7545446E-4
-0.028714962;0.0041812896;0.019050363
-0.015159469;-0.0029049686;0.008990291
0.037872426;8.010252E-4;-0.024057766
0.03186044;-0.01498418;-0.006746214
0.0051758518;0.016137656;0.03210303
-0.02710932;0.012910125;0.025682423
-0.006062455;9.530999E-4;-0.010704062
-0.007974964;0.03513748;-0.02106325
0.0029950289;0.028109984;0.0018994006
-0.010103977;0.022487987;-0.0047304793
0.0075418185;-0.01638461;0.027465617
0.012283455;-0.02873269;-0.0030275069
0.008264264;-0.03236115;-0.0086720055
0.019111412;-0.02588892;-0.025687605
0.010601629;-0.0050861365;-0.033050083
-0.022768697;0.0021810909;0.011059933
-0.011964957;-0.004505127;-0.0036520534
-1.9696604E-4;0.012020898;0.022078358
0.015467427;0.012741718;0.030162686
0.012373942;0.013318375;0.0053801485
-0.0010383466;-0.0174703;-0.001945881
-0.019580677;-0.03272624;0.0046932953
-0.026602041;0.008194008;-0.0024953638
0.0037183666;0.015930206;-0.001996291
0.027974693;0.0033691651;-0.014097033
0.022379754;0.002695332;-0.011277626
0.010091304;0.017781265;0.009727899
-0.015364457;0.0017250126;0.026532318
-0.013854066;-0.02049499;-0.016274145
0.0014167475;-0.05077099;-0.006769316
0.013633398;-0.015616793;-0.024165453
0.009344218;6.5651257E-6;-0.006832362
-0.020649625;0.025005251;-0.00546589
-0.016519701;0.029379202;0.026877288
0.00709674;0.04537836;0.0027518307
0.008802392;0.045677688;0.008451465
-0.0023330864;0.020917151;0.019261172
0.005946031;0.01673372;0.021658937
0.017256824;-0.03973802;0.01107715
-0.0033820402;-0.08179042;0.01511172
-0.024580631;-0.056057334;-0.012910624
-0.010289506;-0.060470868;-0.0665785
0.0011433953;-0.0077516944;-0.0345128
0.0040397164;0.056298643;0.00988976
-0.007705727;0.07316392;0.026661808
-0.0046020816;0.07728113;0.027579447
0.018193334;0.052449904;0.022063557
0.0020546678;0.010709925;0.017650846
0.0016437343;-0.03205706;-0.010879323
0.0044399872;-0.078770645;-0.0024534587
-0.00738551;-0.07239152;-0.039462768
0.006591592;-0.048538215;-0.056570213
-0.0072267265;-0.023205573;-0.007756171
-0.02296888;0.0033105426;0.037545063
-0.012125105;0.040148433;-0.0012139493
0.037174918;0.057118747;0.03652884
0.043802433;0.06757;0.06672307
0.038166948;0.082181;0.03462846
8.46057E-4;0.043869797;-0.016047234
-0.029010653;-0.002404161;-0.044087786
-0.018521024;-0.039423328;-0.01652023
-0.02419182;-0.078413665;-0.031966183
-0.028728455;-0.06273093;-0.031822946
-0.038607765;-0.050184745;-0.031708356
-0.013698711;-0.027647795;-0.012866686
0.02185353;0.027881764;0.014706651
0.011232825;0.05355541;0.03051532
0.01679876;0.036594328;0.030662257
0.04312651;0.004275463;0.043279804
0.043876205;-0.01845463;0.0033738443
0.016350966;-0.036638703;-0.034800924
-0.016606728;-0.044935964;-0.03409074
-0.038285382;-0.04532377;-0.008522592
-0.022815807;-0.020634016;-0.0068180733
-0.037002645;0.036617786;-0.011704459
-0.034289617;0.03241923;-0.0093635665
-0.0024316926;0.0103103835;-0.013740853
-0.001945354;0.011373307;-0.010992683
0.0062562167;0.024723645;0.034955855
0.026879974;0.0041539166;0.021714684
0.030878978;0.009573133;0.011121746
0.032515682;0.026408507;0.015147397
0.021325046;-0.0038731948;-0.019132081
0.004560037;0.006276444;-0.0028056658
-0.0057269703;-0.016853845;-0.0022445326
-0.012394076;-0.019733075;-0.020545626
-0.01772776;-0.022036461;-0.010186501
-0.023557208;-0.017629169;-0.0018992007
-0.009470767;-0.007853335;-0.02026936
0.017423386;0.0030923323;0.0025345115
0.01550121;0.027473865;0.05202761
-0.015724033;0.015729092;0.029122088
-0.012579226;0.021958275;-0.0017023301
0.010249119;0.008191619;0.023638137
-0.0027382048;-0.012196705;-0.02483949
9.344362E-4;-0.034757365;-0.026121592
0.005435049;-0.05593089;-0.0021472743
-3.3946082E-4;-0.047869712;-0.014217819
-0.019021569;-0.013295771;-0.017624255
-0.004279755;0.011238384;-0.014099404
0.018451195;0.037115708;0.0074704764
0.0053859567;0.051567566;0.0059763812
-0.025378734;0.04125405;-0.0014688951
-0.040615488;-0.001371758;-0.013675116
0.0018826099;0.008277593;0.0015599071
0.043693587;-0.024627926;0.038747925
0.02245487;-0.03220234;0.01849834
-0.027348604;-0.03201187;-0.016451327
0.012496117;-0.025609497;-0.025661062
0.025621893;0.0013874018;0.00447115
0.022060014;0.0073599215;0.0035769204
-0.005789488;0.0058879373;0.027861536
-0.01244409;0.02658535;0.02228923
-0.009955272;0.04939328;0.011581384
0.024848282;0.036389623;0.040515106
0.019878626;0.013486699;0.0074120853
-0.009097099;-0.020460641;-0.025320332
-0.01821518;-0.028868513;-0.039006267
-0.0051971436;-0.03559481;-0.024955012
-0.016657716;-0.022225847;-0.02621401
-0.019576171;0.016594322;0.010278792
-0.031285938;0.035150457;0.033223033
-0.02502875;0.09687036;0.032828428
0.0377895;0.07749629;0.0012627415
0.0755441;-0.019252965;-0.061489806
0.04012278;-0.118527375;-0.055441845
0.032098223;-0.0948219;-0.044353478
0.017866079;-0.13523252;0.03951722
0.039292865;-0.108186014;0.094113775
0.02362179;0.010326188;0.03154102
-0.037352566;0.12388595;-0.08101718
-0.17988205;0.13035876;-0.114813745
-0.21734314;0.032412007;-0.073101
-0.17387451;0.025929607;-0.0584808
-0.13909961;0.020743685;-0.04678464
-0.061279688;-0.12403005;-0.006177711
0.13691375;-0.09609904;0.07005783
0.178281;0.051245768;0.056046266
0.1863748;0.17849661;0.12608701
0.20222484;0.20529729;0.14461961
0.15084237;0.18611284;0.09694569
0.055048898;0.086390264;0.03380655
-0.023148382;-0.084012784;-0.03545476
-0.091956206;-0.21096022;-0.06586381
-0.11418997;-0.28751817;-0.08394105
-0.08197697;-0.24563955;-0.07965284
-0.06714408;-0.14338663;-0.07622227
-0.070902765;-0.00845931;-0.042227816
-0.06453471;0.12135755;0.0037177475
-0.04537777;0.23146105;0.046724197
-0.0128647145;0.27579382;0.06237936
0.05377073;0.20813507;0.09990349
0.10864158;0.11650805;0.09867279
0.12285077;-0.041168556;0.028938232
0.099843115;-0.17355984;-0.033099417
0.05643699;-0.23884788;-0.07647953
0.015462092;-0.2410783;-0.098683625
-0.042317826;-0.18661264;-0.0851969
-0.06041676;-0.052415114;-0.01815752
-0.07645841;0.08619291;0.029223984
-0.042416725;0.12832932;0.035879187
-0.010495882;0.17141347;0.05370335
-0.0068342052;0.15900578;0.03671268
0.003907636;0.08657961;0.035620145
0.02031361;-0.015111308;0.034746114
-9.3661307E-4;-0.08396404;-0.022203108
0.0055007096;-0.12967123;-0.036512487
0.0044005676;-0.11936199;-0.029209988
0.028520454;-0.051739592;-0.035867993
0.011878863;0.005483327;-0.009944393
0.0032530907;0.060636662;0.010794486
0.013539973;0.09225933;0.05863559
0.017081978;0.08318246;0.028158471
0.023040581;0.06654597;0.0037767766
0.007494966;0.028236777;-0.009478578
-0.008066528;0.010089422;0.017417137
-0.04395322;0.008071537;0.02018371
-0.033600077;-0.03104277;-0.021353032
0.001244938;-0.096709214;-0.060832426
0.01662095;-0.099242374;-0.06116594
-0.01951574;-0.1075189;-0.036432754
-0.03905009;-0.061015118;0.008353798
-0.057802573;0.013687905;4.3303837E-4
-0.014992058;0.06407532;3.464307E-4
0.045818854;0.05751026;-0.012222855
0.031967584;0.027258208;0.021471716
0.013074066;-0.018818434;0.05467737
-0.022353247;-0.04942975;0.006241898
-0.010070098;-0.027043797;-0.0012564816
-0.0049310783;0.018989962;0.005244815
-0.013319863;0.05269197;-0.008304148
-0.01221839;0.020278575;-0.019143319
-0.026962211;-0.021277139;-0.002814655
-0.0028197696;-0.051396713;-0.052251723
0.024306685;-0.07236737;-0.04805138
0.017882848;-0.064143896;-0.019691104
0.022118777;-0.029440116;-0.028252883
0.008320022;0.051447906;0.021147694
-0.002718982;0.066158324;0.035668153
0.016574815;0.01230166;0.022284525
0.025759852;0.02859133;-0.013422381
0.006545381;0.019748062;-0.029487904
-0.036951195;-0.03420155;0.0076596765
-0.015498456;-0.02111124;0.024877742
-0.013961265;-0.016888991;0.0011521928
-0.012731512;-0.010386193;-0.005328246
-0.01331021;-0.014558955;-0.0042625964
-0.018460667;0.032102834;0.015339923
0.0071064658;0.03193227;-0.006478062
0.027560173;0.019295815;-0.0051824492
-0.007639362;0.027936652;0.02710404
-0.0014239894;0.025474321;0.015433232
0.0019858084;0.004754457;-0.012653414
0.018776147;-0.008696434;-0.010122731
9.584174E-4;-0.022582147;-0.0018481851
0.005454234;0.003809282;0.023521451
-0.005011613;0.0061724256;0.018817162
0.0038032096;-0.0075620594;0.008803729
-0.0125824325;0.015825352;-0.011707016
-0.019440945;0.018910281;-0.021865614
0.017259743;-0.0036217745;0.02000751
0.016932795;0.022102581;0.0035060076
0.019796235;0.020807065;0.021554805
0.017399488;0.010395652;-0.0015061552
-0.006392909;0.011441521;-0.0074549243
-4.268273E-4;0.021653216;0.01903606
0.012158538;0.014197574;0.021478849
0.015976831;0.008233059;0.0046830787
-0.012218536;0.003461447;0.016246462
-0.012899828;-0.031605843;-0.0057528294
-0.0071948627;-0.031534676;-0.017102264
0.0051816097;-0.015852738;-0.019931812
0.004145288;-0.012682191;-0.01594545
0.0017537302;-0.003895753;-0.006506359
-0.0017220158;0.0062583974;0.019794913
0.020497387;0.03625672;0.00958593
0.0023354099;0.029005375;0.0014187442
-0.0075066723;0.0075792996;-0.0051150047
-0.0013178376;-0.01268656;0.008407996
-0.0010542701;-0.010149248;0.006726397
-8.434161E-4;-0.008119399;0.0053811176
-0.0053622327;-0.03774552;0.0043048942
0.0019602138;-0.020821415;-0.021556085
0.01719317;0.014592868;-0.010994867
-0.0018704633;0.021049295;0.0037041057
0.014128629;0.016839435;0.015463284
0.0019279035;0.03534655;0.024870628
-0.0093951775;0.031402238;0.019896502
0.004983858;0.025121791;0.0034172018
0.016487086;0.007597433;0.008983761
-8.7283074E-4;-0.012672054;-0.017812992
-0.013198265;-0.03201264;-0.026750393
-0.02618361;-0.019360114;0.0035996858
-0.0037593893;1.3690846E-4;-0.009620251
0.026679989;0.0126095265;0.004803799
0.01040649;0.01946262;0.010093039
0.005200193;0.006195097;0.0018244314
-5.2734587E-4;-0.0012939223;-0.011040455
0.008953123;-0.0072851377;0.016167637
-0.013150001;-0.01207811;4.3410884E-4
-0.0042700013;-0.031537488;-0.005902713
-0.028416;-0.03772999;-0.0047221705
-0.007107801;-0.017683992;-0.0037777363
-0.0056862407;-0.023522194;-0.015522189
-0.0014239924;-0.015692756;-0.012417751
0.009798306;0.003070796;0.002565799
-0.0030988553;-6.683633E-4;-0.004197361
0.002208416;0.02759031;-0.009607889
0.017391732;0.022072248;0.0048136893
0.024850886;0.008282798;0.028850952
0.02456821;0.009751238;0.016830761
0.008717068;-0.010949009;-0.030285392
-0.007088846;-0.033759207;0.025771687
-0.005671077;-0.036382366;0.0018673496
-0.0045368616;-0.035355892;-0.01725612
-0.0020669892;-0.028284714;-0.026304897
-0.0016535914;-0.016377771;0.003956083
-0.032572873;0.011897783;-0.021835133
-0.026058298;0.009518227;-0.023718107
-0.020846639;0.007614581;-0.0064744856
0.013010189;-1.5833515E-4;0.013570412
0.018220652;-0.003251668;-0.0016436707
5.140209E-4;5.236655E-4;-0.013814936
-0.013651283;-0.012081068;-0.011051949
-0.0062335264;0.005960146;0.0036584407
0.0059506786;-0.013981883;0.0091767525
0.03132304;-0.014310506;0.019841403
0.004745934;-0.005198405;-0.0028768785
-0.022765752;0.020841276;-0.027301503
-0.005712602;0.01979802;-0.0030912021
0.009492419;-0.012286584;0.05377704
0.010718935;-4.5426682E-4;-0.0069783693
-0.019549852;0.009011586;-0.0055826954
-0.004702382;-0.03654073;-0.023216156
0.010300594;-0.022982584;0.012677074
0.026990475;-0.018386068;0.00389166
0.0012798805;-0.017833855;0.009363328
-0.027101096;0.020107917;-0.005009338
-0.026368376;0.016086332;-0.01025747
0.0242178;0.025369067;-0.014455976
0.038124237;0.026545253;0.01968522
0.010186891;0.0056112027;0.0032481754
-0.026225487;-0.033011038;-0.01615146
-6.678896E-4;-0.06703383;-4.2116782E-4
-0.009909311;-0.0036270642;-0.012836934
0.0014475506;0.015848348;-0.0040195473
-4.0445948E-4;0.003303679;-0.009465638
0.0059264326;0.008892943;0.01742749
-0.0015088541;-0.011635645;0.0076919915
-0.024644583;-0.018683515;-9.640661E-5
-0.015028167;-0.011821813;-0.031327125
0.005164967;-0.00945745;-0.0250617
0.015069474;0.01743404;0.00495064
0.012055579;0.013947232;0.0039605116
-0.007543037;0.0017827853;0.02816841
0.01115307;0.023301229;0.022534728
0.021422457;0.021765983;-7.2221796E-4
0.012450465;-0.0013372139;0.024422226
-0.018164627;0.011430229;7.877805E-4
-0.028594203;-0.009605817;-0.024369776
-0.026000362;-0.023309654;-0.04449582
-4.877895E-4;-0.012397723;0.0019033436
0.008984769;-0.006793178;-0.010977325
-0.011562185;-0.0054345424;0.0037181398
0.009500252;-0.010597634;0.009224512
0.010725201;0.010271893;0.01987961
0.025767662;0.0019675142;0.028403688
-0.007510871;0.0046990113;-0.00852705
-0.023196196;0.006884209;-0.00682164
-0.010744457;-7.426327E-4;-0.024207313
0.030466935;0.008780894;-0.013115849
0.018123547;0.025774715;0.014507321
0.0066863378;0.026869772;0.011605856
0.0037865702;0.012120818;0.009284685
-0.007908244;-0.009053346;0.013677748
0.006173405;-0.044742677;-0.014057802
0.017438725;-0.048294142;-0.02999624
0.03582598;-0.029260313;0.007253007
5.357833E-4;-0.017158251;-0.019197594
-0.0011338734;-0.0012266004;0.0033919245
-0.010282098;0.04901872;0.008963539
-0.005100679;0.061089974;0.032170832
-0.021268044;0.05199698;7.3666533E-4
-0.0076394347;0.050972585;0.05058933
-0.0076740477;0.0064030676;0.009221466
-0.006139238;0.005122454;0.007377173
-0.0049113906;0.004097963;0.005901738
-0.0054916125;-0.01547163;-0.02027861
2.942101E-4;-0.028002303;-0.022472888
-0.012264632;-0.016151844;-0.03047831
0.0011257945;-0.009796474;6.173519E-4
9.0063555E-4;0.01716282;0.0129938815
7.2050845E-4;0.026230257;0.010395105
0.009951407;-8.907948E-4;0.020816084
0.011086126;-0.006962636;-0.0020971326
0.0088689;-0.0055701085;-0.0016777061
0.0070951204;-0.016956087;0.0049078353
0.0056760963;-0.01356487;0.0039262683
0.024853377;-0.010851895;-0.021858985
0.021445202;-0.008681516;-0.0049871886
-0.026593838;0.021179786;-0.010239751
-0.029087571;0.051318828;0.0043081995
-0.017020056;0.031680062;-0.0028034404
0.0020089545;3.4405084E-4;0.022757247
-0.006205336;-0.009099759;0.005705798
-0.017464269;-0.0072798072;-0.007935362
-0.0014714153;-0.030823845;-0.025098288
0.009760368;-0.043409076;-0.020078631
0.014058294;-0.012852262;-0.028562905
-0.0012533646;0.005343191;-0.004100324
-0.0119401915;0.019899553;0.02796974
-0.0033021534;0.019044641;0.022375792
0.027045777;0.030860715;0.005400634
0.018511621;0.04656357;0.023070507
-0.011753202;0.015375857;-2.935942E-4
-0.012527562;-0.022074314;-2.3487536E-4
-0.01314705;-0.04265945;-0.0189379
-0.00895514;-0.021627562;-0.02140032
0.014710888;-0.004802049;-0.035870258
0.01958121;-0.0038416393;0.002553795
0.007852469;-0.012448312;0.014543036
-0.018718025;0.008791351;0.02413443
0.00846308;0.032033082;0.013057543
0.041145463;0.025626464;0.010446034
0.028228872;0.014251172;0.0021068275
-0.003979403;-0.004224063;-0.004564538
-0.020371022;-0.04087925;0.00884837
-0.024109319;-0.0452034;-0.017921304
-0.022412455;-0.03303772;-0.008087044
0.0070700366;-0.020180177;-2.1963475E-4
-0.016218971;-0.02551914;0.012324292
-0.005162677;0.0045846873;-0.0026405663
0.011494859;0.02866775;0.010387547
0.027945887;0.0385592;0.008310038
0.019231709;0.01834736;0.01289803
-0.009614632;0.04592789;0.010318424
-0.010816706;0.04299231;0.0020047394
-0.003965865;0.012518848;0.020353792
-0.020360192;-0.014984922;0.0037830332
-0.0037881534;-0.027612938;-0.0032235736
-0.021780523;-0.04084035;-0.008828859
0.009138082;-0.06392228;-0.032063086
0.010435466;-0.054262824;-0.01940047
0.014598372;-0.01841026;-0.009270376
-0.022696301;0.010271793;0.011333699
-0.011907042;0.055092435;0.0153169595
0.031099366;0.05032395;0.012253568
0.017066993;0.030884158;-0.0026971458
-0.0035339054;0.015332326;0.016592283
-0.009077124;-2.3413895E-4;0.0070238267
-0.0244492;-0.022062311;0.011869062
-0.008621859;-0.033274848;-0.034254752
0.011852512;-0.02661988;-0.0336538
0.01573201;-0.0056709033;-0.008173041
0.015710607;0.017338278;0.0059615676
-0.017119013;0.013870622;-0.013980746
-0.005882711;0.0048464974;-0.011184596
0.009356331;0.022627197;0.022302322
0.001235065;0.008726758;0.017841859
-0.009949448;0.022606406;0.0017734865
-0.0048345583;-0.010039874;0.0014187892
-0.0038676467;-0.0267819;0.0011350313
0.015655883;-0.03080052;-0.011591975
0.007837206;-0.018390415;0.0032264201
-0.009355235;-0.014712333;-0.003668864
3.283119E-4;0.010105134;0.0033149088
0.01276265;0.014334107;-0.009848073
0.014897619;0.023967287;0.010871542
-0.0068319044;0.03167383;0.0024472333
-0.0039030234;0.015964063;-0.0042922134
2.5812446E-6;-0.0028537498;0.0028162294
-0.015622935;0.007092;-0.0039970167
0.006251652;-0.013076399;-0.015697613
0.011251322;-0.01983612;-5.8090587E-5
0.0058760573;-0.025243895;0.018703528
-0.010924154;-0.0014451167;0.021212822
-0.016551822;-0.007406093;-0.008029742
-0.0069914586;0.009700125;-0.012673794
-0.019655667;0.0358851;0.008610965
0.0077129663;5.8308017E-4;0.025638772
0.021795373;-0.015158536;0.008011018
-0.0060012015;-0.012126829;-0.056091186
0.013949038;-0.012826463;-0.019872949
0.04240923;-8.8617037E-4;0.027851641
0.0026773848;0.030541064;0.022281313
-0.024420593;0.024432851;0.011575051
-0.019536473;0.013296281;-0.00948996
0.0015583211;0.004387025;0.011158032
0.0012466569;-0.03711538;0.0026764257
-0.008377675;-0.039067306;-0.004108859
-0.01295214;-0.040628843;-0.040787086
-0.005674212;-0.026253074;-0.00137967
0.02046063;0.02899754;0.023896264
0.0069935047;0.04194803;0.02536701
-0.010030196;0.036683425;0.014043609
0.007600843;0.019971741;-0.007515113
0.017018175;-0.0090226075;-0.01226209
0.029239539;-0.004093086;-0.016059672
-0.020358369;-1.4946882E-4;0.012152262
-0.028786695;-0.018869575;-0.02777819
-0.0011543558;0.00677934;-0.0034725522
0.0053265155;0.021048471;0.022221958
0.0042612124;0.019963777;0.024027567
-0.01846603;-0.0027789779;4.7205327E-4
-0.016335323;-0.030348182;-0.012122357
-0.0036932593;-0.011778546;-0.009697886
0.020482892;-0.015672836;-0.014008309
0.010136314;-0.009413269;-0.011206647
0.008109051;0.008094384;-0.0027153175
0.014299741;-0.009149493;0.022827746
0.031752292;-0.010444594;-4.8780325E-4
0.017589334;0.010394325;-0.012890243
-0.0062410324;0.014565459;-0.004062194
-0.003430326;0.021027368;-0.009499756
-0.012119261;0.004321894;-0.0013498042
0.005929591;0.012832516;0.023920156
-0.0030688269;0.016516013;0.019136125
0.005357438;0.00383781;0.0028089003
0.0042859507;0.0030702478;0.00849712
0.0018662605;-0.0069188015;0.013047696
-0.023506992;-0.02428504;0.004188157
-0.0016180932;-0.019428033;-0.021649474
-0.023169475;-0.028042426;-0.01106958
-0.013848079;-0.03493394;-0.027605664
-0.007953464;-0.0029471528;-0.0033345309
-0.006362771;-0.0023577223;-0.0026676247
0.008972283;0.029363822;0.0041159
0.019677827;0.03911606;0.04079272
0.006367261;-0.0030821539;-0.017365824
-0.007406191;0.013159277;-0.0013926591
-0.004362453;0.010527422;-0.0011141272
-0.005052462;0.011546937;0.011608698
-0.00872947;-1.3745022E-4;0.009286959
-0.014796075;0.01551504;-0.005070433
-0.0024618607;-0.0032129681;0.008443654
0.013655512;5.5462547E-4;5.0492276E-4
0.0124869095;-0.015181299;-0.012096061
0.016239528;-0.021520039;0.0028231505
-0.007320878;-0.017216032;-0.01024148
-0.0027317025;-0.013772826;0.0043068165
-0.002185362;-0.007893261;-0.0028045468
0.01700171;-0.0031896082;0.0040063625
-0.0129611315;-0.015051686;-0.00304491
-0.010368905;-0.012041349;-0.002435928
-0.008295124;-0.009633079;-0.0019487424
0.008988901;0.020418536;0.017191006
-0.008433879;0.006959829;0.007502805
0.0120028965;0.024317862;-0.012747756
0.012727317;0.02257929;-0.010198205
0.005494354;0.014938433;-0.008158564
0.005957983;-0.006799254;0.012223149
-0.017108614;0.013310597;-0.021471482
0.0035006092;0.0043984773;-0.004677185
0.0059254873;-0.008981218;0.015008252
-0.01400961;-0.010309975;0.012006601
-0.008082688;-0.01449798;0.0033552814
-0.017403651;-0.011598384;-0.034815773
0.0017020795;-0.024903707;0.00339738
-0.0064508365;-0.0042979657;0.008967904
0.004214331;0.0028116277;-0.024075678
0.008058965;0.020999301;0.018239459
0.0017596718;0.03867444;0.033341568
0.017032737;0.027814554;0.0016732535
0.01518869;0.03162664;-0.017411398
0.005900952;0.012801314;0.017320883
0.0031582615;-0.024133949;-0.004893294
-0.01778589;-0.05055716;-0.010164635
0.027958788;-0.052945726;-0.008131708
-0.00888297;-0.023606582;-2.5536664E-4
-0.022731377;-0.031385265;0.0060457066
0.011502399;-0.018858213;-0.020163435
0.010764419;-0.00883657;-0.0036307478
0.0117365355;0.033555742;0.022095403
1.4228365E-5;0.048719596;0.0051763216
0.014073882;0.054600675;0.016641058
-0.007490894;0.01868054;0.0133128455
0.008069785;0.0118194325;0.0044002766
0.009580828;-0.031169454;-0.033979777
-0.0032728377;-0.040560562;-0.002183823
-0.008868271;-0.032448452;0.0107529415
0.0022803838;-0.010333761;-0.022647647
-0.0075506927;-0.0020170084;-0.0056181173
-0.018540554;0.023386393;-0.004494494
-0.0054574437;0.037459116;0.021404404
-0.009053455;0.023717292;-0.014126476
0.0036947362;0.022098834;-0.01755118
0.02951829;0.0051790667;-0.0077909445
0.014239632;0.013518253;0.025017245
4.5420494E-4;0.0108146025;0.013763796
0.0019258639;-0.028848318;0.0047610365
-2.1808843E-5;-0.038703654;0.003808829
-0.007829947;-0.027837923;-0.028202936
-0.028138958;-0.012895339;-0.028812349
-0.030323666;0.01780873;-0.0042998795
-0.002383933;0.026746983;0.015310097
0.024655353;0.055772588;0.024748078
-0.011525717;0.05711807;0.019798461
0.0064044264;0.0144444555;0.0033387693
0.012936041;-0.004069436;0.008921015
0.008786333;-0.037630547;-0.017863188
0.008591566;-0.023854438;-0.00804055
-0.024376746;-3.3355106E-4;-0.02518244
-7.513976E-4;-2.6684086E-4;0.004854048
0.04471138;-0.03458847;0.022633238
0.026394106;-0.055795778;0.018106591
-0.025759716;-0.054011624;-0.023014728
-0.039357774;-0.061959296;-0.018411782
-0.025236217;-0.05269244;-0.014729425
-0.009251474;0.007846049;-0.030533541
4.113205E-4;0.05627684;0.0068231677
0.008141557;0.054396473;0.011708534
0.023700746;0.06851718;0.021866828
-0.004476904;0.051688742;0.011243462
-0.0051440233;0.038225994;-0.0035052306
0.013072281;-0.006919205;0.0034458155
-0.0020421748;-0.024285365;-0.0034933474
0.00930376;-0.041303292;0.003455322
-0.009744491;-0.020542633;-0.028485743
-0.0046705934;-0.019559106;-0.010288594
0.016576026;-2.228518E-5;0.054269124
-0.0117391795;0.028107172;0.0309153
0.0015461561;0.038110737;0.01848224
0.018424425;0.02736359;0.002285792
-0.01963546;0.025015872;-0.010671366
-0.012583368;0.020012697;0.010212907
8.708055E-4;-0.0121148415;0.0019203254
-0.0071158553;-0.0065668738;0.02028626
0.013057316;-0.0302535;0.028729009
-4.916476E-4;-0.0429528;-0.008266794
-0.008205818;-0.02811224;-0.031613436
-0.0018771545;-0.0068647913;-0.03779075
-0.010876724;0.016383167;0.013517402
0.005361121;0.025606534;0.017063921
-0.005086103;0.042360228;-0.011348863
0.0068686176;0.024513181;0.0096709095
0.008619894;0.003985545;0.026486728
0.036583416;-0.012436564;0.021189382
0.013641732;-0.013074251;-0.0017984943
-0.007836614;0.014540599;-0.007688795
-0.015644291;0.005382479;-0.037401035
-0.0015779331;0.013680983;-0.02367083
-0.015324847;0.0015697867;-1.8666324E-4
-0.0044473773;-0.02061917;0.012350669
0.0011295982;-0.038370337;-0.0026194644
-0.011596321;-0.02444627;-0.008345571
-0.003027057;0.011692985;-0.012926457
0.033515856;0.021854388;0.014658834
0.033062685;0.03310851;0.017977068
-0.018862354;0.017111808;0.0018816539
-0.015089883;0.013689446;0.0015053231
-0.012071906;0.010951557;0.0012042585
-0.040907525;0.008761246;0.0072134067
0.01727398;-0.017991003;-0.0067292745
-2.4331591E-4;-0.023767803;0.01336658
-0.0017571527;-0.034639243;-0.008056736
-0.0014057222;-0.027711393;-0.006445389
0.0035629224;-0.019044114;-0.023906311
0.004412838;-0.002735292;-0.012875048
-0.01678223;0.0103117665;-0.010300039
-0.016550783;0.023874413;0.01675997
0.008634373;0.02222453;9.079751E-4
0.011594999;0.030279625;0.03822638
0.009275999;-0.0070263003;0.018081104
0.005858299;-0.02749604;-0.016785117
0.015624139;-0.018871833;-0.0071780933
0.02187431;0.013027534;5.075253E-4
-0.0106255505;0.019797027;0.0129060205
-0.0038129408;0.015837621;0.016574817
-0.031175353;0.0376701;-0.005490147
-0.029627781;-0.004238922;0.026857883
0.018485274;-0.028391138;0.015236306
0.05228822;-0.04771291;-0.031560954
0.057455577;-0.04754533;-0.018998764
0.01158946;0.0025887375;-0.008949012
-0.042290933;0.05207099;0.011590791
-0.07445774;0.06353179;0.028022632
-0.034566198;0.063325435;0.022418106
0.03328454;0.050660346;0.005434485
0.059440136;0.031153278;-0.008152412
0.016302107;0.018672623;-0.01902193
-0.026020814;-0.022561902;-0.008967544
-0.053629152;-0.0024245218;-0.007174035
-0.035090823;0.0011853825;0.006760772
-0.03276016;0.019698305;0.0054086177
-0.029333126;0.040758643;-0.014423106
0.0046584997;0.023231916;9.615153E-4
0.0177893;-1.6446735E-4;-0.030480787
0.01266894;-0.012631574;-0.011884631
-8.023482E-4;-7.302591E-4;0.015492296
0.014983121;-0.009959207;0.031143837
-0.008326002;0.0014076342;0.05616507
-0.0050983024;0.03862611;0.032432057
0.002171358;0.080900885;-0.024054356
0.031424586;0.064720705;0.0057565155
0.014202169;0.014276567;0.029605212
-0.0058257645;0.011421254;0.04243417
0.0047143884;0.015387003;0.046447337
0.04283401;-0.034565397;-0.025342131
0.05301721;-0.090152316;-0.057773706
0.018976267;-0.09712186;-0.021218965
0.0026810134;-0.037072483;0.0017748288
-0.02754269;0.045342013;0.0014198631
-0.025159152;0.08939861;0.01988589
-0.03418982;0.07151889;0.028408712
-0.017976858;0.04159011;0.06647697
-0.0050064856;-0.02922791;0.028181575
-0.025880188;-0.073382325;-0.02120474
-0.02070415;-0.046205863;-0.06696379
0.05218668;0.02553531;-0.059821032
0.040186845;0.029803248;-0.0041068266
-0.017850526;0.042592596;0.034214538
-0.05490542;0.080949076;0.052371632
-0.034549337;0.08975926;0.029397305
0.0051730312;0.04368241;-0.026482156
0.024450924;-0.027554072;-0.008685725
-0.00543926;-0.031418256;-0.01319858
-0.043413907;-0.025134606;-0.004308864
-0.042543627;-0.038857684;-0.0034470912
-0.0012224012;-0.027961148;-0.002757673
5.845791E-4;0.0026310817;-0.0147061385
0.008280164;0.036479864;-0.018014912
0.0019366306;0.054183893;0.016838072
0.015611804;0.062097114;9.7045716E-4
0.031239444;0.030927692;0.007026366
0.015616555;0.012242153;0.024371093
0.018743243;-0.008956278;0.019496875
0.030619595;-0.10091502;0.0030974993
0.013558176;-0.13385701;0.027478
0.021784041;-0.08833561;0.0157324
-0.018510267;-0.055043492;-0.03741408
-0.0023082139;-0.0034097931;-0.011181264
0.026278429;0.0128971655;-0.027695011
-0.016477257;0.06344273;-0.02215601
-0.036619306;0.08825418;0.0010251927
-0.026170444;0.03310335;-0.011679846
-0.016248856;-0.007892321;0.009406123
0.029188415;-0.0031888569;0.0512749
0.009288233;-0.0056760856;0.03476992
-0.005069414;-0.010790869;0.002815935
0.013131969;-0.0055076946;-0.016497253
0.021443075;0.008093844;-6.9780153E-4
0.00465446;0.034600075;0.011941759
0.009973568;0.04955506;0.022053408
-0.018583646;0.074019045;0.0051427255
-0.022679416;0.071715236;-0.008385819
-0.005643533;0.04799719;-0.0067086555
-0.010764826;0.032147754;0.0071330755
-0.0054868613;0.006968202;0.049456462
0.01904801;-0.053800438;0.014565168
0.02773841;-0.08679035;0.0054021347
0.042503227;-0.09130728;-0.04567829
0.013690081;-0.10117082;-0.06779263
-0.039047934;-0.06531166;-0.035484105
-0.06092585;-0.033499327;-0.028387286
-0.040928178;0.010700538;-0.0039598285
0.015694957;0.086685434;0.04058214
0.054743465;0.10372335;0.03871571
0.054732274;0.08610368;0.05597257
0.032848317;0.01888294;0.038528055
0.037216153;-0.038018648;0.030822443
0.028210424;-0.09603992;-0.006592045
0.013193339;-0.10495693;-0.024023635
0.019929672;-0.077715546;-0.03171891
3.1873691E-4;-0.04967244;-0.025375128
-0.029432511;0.022762049;-0.014050102
-0.061046008;0.065084636;0.0075099184
-0.053524308;0.08644271;-2.4206511E-4
-0.014694446;0.07540417;-0.012693652
-0.0055055562;0.010323335;-0.0039049217
-0.018466946;-0.019866332;-0.009373938
-0.028836057;-0.040893067;-0.02624915
-0.0121313445;-0.032714453;-0.02724932
-0.020642577;-0.05429656;-0.021799456
6.734393E-4;-0.04656225;0.026310435
-0.011961249;-0.012249799;0.03979835
0.009181001;0.04020016;0.03808868
0.0339073;0.05091013;0.011720943
0.04431334;0.0469781;0.040626753
0.05107567;0.037582483;0.013751403
0.012735538;0.048815984;-0.013998877
-0.013249069;0.06405279;0.020050898
0.012838244;0.06374223;0.034790717
0.021208096;0.10411879;0.040332574
0.0107164765;0.14110753;0.04476606
0.024198182;0.13319853;0.023312848
0.0037335448;0.081558816;-9.972168E-5
-0.057950664;0.015247054;-0.031329777
-0.07136053;-0.025302356;-0.0063138218
0.005411575;-0.045241885;-0.0050510573
0.03401676;-0.033068508;-0.004040846
0.027213408;-0.026454806;-0.0032326768
-0.0016667736;-0.018038845;0.009913859
-0.020083418;-0.048806075;-0.017068913
-0.045754235;-0.010919861;-0.0074051307
-0.016290888;-0.03061089;-0.0059241042
-0.01928271;-0.02761371;0.0077607166
-0.009176169;0.0029090312;-0.012541427
-0.010465935;0.011702225;0.008716859
-0.020872748;0.01873678;7.234868E-4
-0.012010698;0.033739425;-0.01192121
-0.012733558;-0.0011334608;0.0029630316
0.014813153;0.0053432314;0.0023704253
-0.0053369775;-0.017600415;0.03314634
0.020730417;-0.023455331;0.007767072
0.022834335;-0.012514265;-0.006286342
0.021392468;-0.016261412;-0.005029074
0.024926474;-5.0912995E-4;-0.022773258
0.01994118;-4.0730397E-4;-0.018218607
0.015952943;-3.2584317E-4;-0.014574885
-0.026300145;0.030989325;8.400914E-4
-0.046040118;0.01854146;0.038172074
-0.007144593;-0.013291832;0.011787659
0.009909325;-0.029383466;-0.0030698732
0.01417746;-0.057881773;0.0225441
0.019154469;-0.065055415;-0.006964719
0.020011075;-0.06766933;-0.018071774
-0.00586614;-0.016635468;-0.02070742
-0.018755412;0.061691627;-0.022815935
-0.00875433;0.0712283;-0.018252749
-0.014815964;0.06323264;-0.008352199
-0.04622777;0.04746111;0.012068241
-0.036982216;0.01296889;0.022154592
0.009476727;-0.03962489;0.0052236742
-0.0033561187;-0.03794991;0.02292894
0.011377605;-0.0022349283;0.0058431514
0.034102082;0.0075870575;0.0046745213
0.03821917;0.021694645;0.016239617
0.047762834;0.020480717;0.031741694
0.027272766;0.0070095733;0.0128933545
-0.004744286;-0.006892341;-0.027185315
-0.027232928;-0.011763873;-0.040498253
-0.045223843;-0.025036098;-0.044898603
-0.047116574;-0.029403878;0.0015811181
-0.03613076;-0.017273104;-0.017485106
-0.008592107;0.029931517;-0.0077380845
0.047813814;0.039570212;0.043809533
0.050751053;0.04103117;0.028797626
0.04372584;0.004699937;-0.0019618992
0.024043173;-0.03999005;-0.02031952
0.0067345384;-0.01636704;0.021244384
7.001305E-4;-0.006843632;0.0044955076
-0.010377396;0.0039000942;-0.033903595
-0.023926916;0.009370076;-0.020872876
-0.036329035;0.02624606;-0.0166983
-0.021250727;0.020996848;-8.5864007E-4
-0.02637558;-0.0050775213;0.024313089
-0.010162965;-0.04781202;0.00695047
0.005932128;-0.05387461;-0.013189624
0.0063082026;-0.02747469;-0.010551699
0.026921563;-0.03135475;0.004058641
0.01841225;-0.021958802;0.0032469127
-0.0040202006;-0.008192042;-0.00990247
-0.01884116;0.0153213665;-0.026671976
-0.022885429;0.012257094;-0.04008758
-0.027683342;0.016055675;0.017929936
-0.040896673;0.02534454;0.0080939485
-0.028029839;0.010900632;0.025225159
0.01820113;-0.0037794947;0.013930127
0.039560903;-0.024898596;-0.0013558985
0.025398722;-0.023043877;0.011415281
0.032818977;-0.018435102;-0.009617775
0.027817681;-0.002248081;-0.02644422
0.042566646;-0.026798464;0.022594623
0.021553317;-0.015188772;0.018075699
-0.043694846;3.4898255E-4;-0.01053944
-0.036518376;-0.009095814;-0.033431552
-0.013589702;-0.010401651;-0.014245242
-0.0108717615;-0.002071321;-0.005146194
-0.021197408;0.013967943;0.0146330455
-0.012270427;0.0049243546;0.005456436
0.0120586585;-0.011685517;-0.0018848511
0.04245943;-0.015598413;0.010992119
0.04021754;-0.02497873;0.021293696
0.013424033;-0.013732985;-0.0017150438
0.0013642263;-0.014111388;-0.032622036
-0.022346118;-0.00191411;-0.032347627
-0.016314395;0.004718712;0.0053718975
-0.033364017;0.013149969;-0.0019524819
-0.032941215;0.0011449757;-0.0078119854
-0.02010297;-0.024084019;0.0062504117
0.012042624;-0.009892216;-0.0074996706
0.020571599;-0.007913772;2.502634E-4
0.016457278;-0.003206018;-0.012299789
0.017853323;5.6018564E-4;-0.0035898315
0.004907659;0.019198148;0.022128135
-0.002323873;0.021608518;0.030202508
0.0012659016;0.026661815;0.017912006
0.008825221;0.011954452;-0.004420395
0.019560177;1.8856162E-4;0.008963684
0.02033564;-0.015474151;-0.011579053
-0.035293985;-0.03737932;-0.034263242
-0.04386019;-0.023653457;-0.033660594
-0.0054006516;-0.022047766;-0.001928475
0.005054479;0.016736789;-0.00779278
0.005606083;0.01026443;0.0062657758
-0.0048901336;0.008211544;0.011262621
-7.8710687E-4;0.031569235;0.021510096
0.0024953145;0.028380388;0.0047080773
0.0019962515;-0.0022956894;-0.008733538
-0.010902999;-0.011211552;-7.368305E-4
-0.022784898;-0.005844241;0.024410535
-0.00885292;-0.001550393;7.7842845E-4
0.021042665;0.017509686;-0.024377257
0.024646632;0.010882748;0.005498194
0.044717304;0.0180812;0.0043985555
0.026398845;0.005089959;0.022268845
0.022681575;-0.024053033;0.024065075
-0.03497974;-0.037992425;-0.01199794
-0.04985879;-0.05539394;-0.015848352
-0.014887033;-0.034940153;-1.7868138E-4
0.014652873;0.009547878;0.006107055
0.025784798;0.013888302;0.0048856437
-0.0012471611;0.011110642;0.016408514
-9.977289E-4;0.008888514;0.013126812
-7.981831E-4;0.007110811;0.01050145
-0.025638547;0.0056886487;-0.00409884
0.015426663;-0.01732408;-0.009529072
0.017028831;-0.004484265;-0.0013732577
0.0011230642;0.005787588;-0.026098607
-0.0037890486;0.02025507;-0.027128885
0.011031261;0.028704057;-0.009203108
0.0010125089;0.06983825;0.030137513
8.100071E-4;0.027745595;0.005360011
0.010023005;-0.005928523;0.004288009
-0.034169096;-0.023492819;-0.015319593
-0.013272776;-0.043794256;0.0064943256
-0.0059307213;-0.056910403;-0.0073045394
0.003067923;-0.04240332;-0.030843632
0.0040168385;-0.0151726585;-0.024674905
0.01727597;0.019111874;0.005260076
0.041945778;0.027789498;0.0042080604
0.02105662;0.0347316;-0.0028835514
-0.009717203;0.03091028;0.022693159
-0.0077737626;0.024728224;0.018154526
-0.03434401;0.026032578;0.033273622
0.005337292;0.030201063;-0.017131103
0.019894833;0.02416085;-0.0012048822
0.025290867;-0.008796319;0.011536094
0.010857694;-0.022662057;0.021728875
-0.024126345;-0.043129645;-0.0201169
-0.038051076;-0.034503717;-0.02234352
-0.014815861;-0.036977973;-0.024124816
-0.011852689;-0.001457378;-5.498526E-4
0.013955349;0.0019590976;0.012060118
0.006476779;0.007817278;-0.0028519058
0.009868924;0.034378823;-0.0022815245
0.025082638;0.011878058;0.01067478
0.023191111;0.0032524464;0.0022898242
0.0013653887;0.03385196;0.008081859
-0.005157689;0.027081566;0.031465486
-0.0072511514;-0.009584747;0.00642239
-0.013613421;-0.026417797;-0.007362088
-0.032765735;-0.021134239;-0.01838967
-0.03871259;-0.01690739;-0.008461736
0.011217428;-0.022900913;-0.0130193895
0.018348943;-0.00894573;-0.004165511
0.020929154;0.005343416;0.015417591
-0.0035691767;0.0073997327;-1.659272E-4
-0.02160534;-3.3021378E-4;-0.006382742
0.013965727;0.002860829;0.019893806
0.028360082;-8.363368E-4;0.009665045
-0.010124435;-6.690695E-4;-0.0047679637
-0.026849547;0.015089745;-0.010064371
-0.018354638;0.021446796;0.0044485033
0.015003789;0.042157438;-0.0026911974
0.024503032;0.04310095;0.016597042
0.013352425;0.01573076;0.0070276335
0.00755694;0.0063346075;-0.031877894
0.037295554;0.014442686;-5.023145E-4
0.02358644;0.0021791488;0.024598148
0.018869154;-0.004506681;0.013428519
-0.011467177;-0.016105345;0.023242814
-0.018548742;-0.044134274;0.0060942518
-0.0039014935;-0.08530742;-0.0201246
-0.010933694;-0.096370935;-0.04109968
-0.002496956;-0.04897175;-0.051629744
0.0011274354;0.010822601;-0.028803794
-6.605517E-4;0.03678308;0.020706965
-0.014590941;0.057551466;0.016565572
0.008639747;0.08041617;0.013252458
0.025661798;0.08308294;0.029351966
0.03146694;0.04146635;0.029731574
-0.0076389494;0.01754808;-0.0012147418
-0.02329866;-0.035961535;-9.717935E-4
-0.023326429;-0.06001923;-0.019527435
-0.03897364;-0.073015384;-0.040621947
-0.023366414;-0.06466231;-0.02624756
-0.02650563;-0.048604846;-0.020998046
0.017857995;-0.020133875;-0.0042984374
0.003348896;0.008892899;-0.0034387498
-0.008258383;0.04773932;0.009749
0.0043307934;0.07256646;0.0390492
0.022214634;0.054928165;0.01873936
0.0083967075;0.04394253;0.008741488
4.673663E-4;0.028904025;7.4319047E-4
0.014436393;-0.02062678;-0.0056554475
0.016236614;-0.025876423;0.020475643
