-0.04799572;0.007958391;-0.022967838
-0.044646576;0.025116712;3.757305E-4
-0.04665476;0.04196837;3.0058442E-4
-0.04513631;0.017949697;0.0064904676
-0.022046547;0.0018597568;0.005192374
0.012050263;0.0046128053;-0.0020961007
0.02682771;-0.011934755;0.017073119
0.024587167;-0.022047805;0.019908495
0.027482234;-0.023888243;-0.009073203
1.1078747E-4;-0.025360595;-0.019758563
0.00165113;0.004711524;-0.028306851
-0.006491596;0.03501922;0.0023545197
-0.0098807765;-1.0962458E-4;-0.010616384
0.009282879;-0.0250877;-0.020993108
0.012113803;-0.0013201598;0.008205514
0.014378542;-0.004181128;0.0065644113
0.017752834;-0.015844902;-9.984709E-4
0.0032647671;-0.0033009218;0.017951224
0.0026118136;-0.021390738;0.014360978
-0.0010355491;-0.01398759;-0.0010112171
-0.04301594;0.032559928;-0.013308974
-0.01722525;0.038547944;0.014352821
-0.002842701;0.024588354;0.023982257
-0.010086661;0.035295684;0.019185806
0.0075556715;0.025111547;0.0028486443
0.013857037;-0.011160763;-0.0039710845
0.00796063;-0.03080361;0.0030731324
0.011056004;-0.024642888;-0.041291494
0.013532303;-0.02596431;0.0044668047
0.0061383424;0.0011035516;0.022323444
0.008035674;-0.005367159;-0.007141245
0.0064285393;-0.004293727;-0.005712996
0.006705331;-3.099816E-4;-0.017070396
-0.018073235;0.015377015;-0.0011563174
-0.016021088;0.018551612;0.0053249463
0.0028081296;0.03359129;-0.008240043
-0.019628497;0.011248032;-0.025342034
-0.020390296;0.0058734254;-0.0015236277
0.0024377625;-0.0140512595;0.017531099
0.02695021;-0.020616008;-0.004725122
0.021560168;-0.019617807;0.0024699026
6.063433E-5;-0.040694244;0.014475922
-0.015576493;-0.013805396;-9.192623E-4
0.012538806;0.004580683;-7.3540985E-4
0.020968545;-0.0025854534;0.011911673
-0.012912665;0.032306638;-0.0029706622
-0.010330131;0.04147031;0.01637347
-0.005139105;0.014426248;0.0068487762
-0.005673784;0.005290998;-0.013270979
-0.012351527;-0.005142201;0.0018832167
-0.011443722;-0.019738762;0.0015065734
0.0017825225;-0.034541007;0.0074552586
0.015488518;-0.033882808;0.012214207
0.012390815;-0.020856246;-0.015228635
0.009912652;0.0020650034;-0.018432908
-0.004569879;0.032902002;0.004003674
-0.003655903;0.035696603;0.0032029392
-0.0076122223;0.016057283;-0.009937649
-0.0029647779;-0.0059041744;0.010799881
-0.021121822;-0.00784834;-0.010110095
0.003415042;-0.021903671;-0.0018380762
0.029294534;-0.011272937;-0.02022046
0.023435626;0.00973165;-0.0036763686
-0.017188998;-0.00471468;0.022058904
-0.007501199;-0.016271744;0.011397124
-0.004438459;-0.028642396;-0.0158823
-0.0098007675;-0.013538916;-0.025205841
-0.015653113;0.020418867;-0.0014146725
-0.004709991;0.038210094;-0.013631738
9.195072E-4;0.058693074;0.03909461
0.025735606;0.03757946;0.006275688
0.015900984;0.008188568;0.01127055
-0.0044667125;-0.0028241456;0.00901644
-0.00357337;-0.052259315;9.631521E-4
-0.020046195;-0.029307453;-0.017979478
0.015213043;-0.023445962;-0.0018835827
0.0027954346;-0.02188177;-0.020256866
-0.0071386523;-0.008130416;-0.022455493
-0.008835922;-2.5433284E-4;-0.017964395
-0.0039437376;0.024796534;0.010628484
0.00153251;0.04171223;0.008502788
0.001226008;0.033369783;0.01305223
0.015043306;0.007945825;0.016691783
-4.6535485E-4;-0.00614334;0.019603427
-0.003497284;-0.014289672;0.021932742
0.003452173;-0.017681738;-0.0074538067
0.0043242383;-0.02352039;-0.018463045
-0.013728109;-0.021941312;-0.0085204365
0.0015175125;-0.03005305;-0.013066349
-0.00191099;-0.014667439;-0.010453079
0.004721208;0.028891047;0.0041375365
-9.105336E-4;0.038737837;0.0033100294
0.007084073;0.04974027;0.046398025
0.0041047586;0.036667217;0.0058684186
0.0032838068;0.019958774;0.017194735
0.0088770455;-0.015282981;-0.004994212
0.0039766366;-0.037226386;0.0022546304
0.028181309;-0.032906108;0.008053704
-0.0040174527;-0.020074887;1.9296346E-4
0.0030360378;-0.009809909;-0.012345629
-0.01007117;0.0015270726;-0.022376504
-0.026806936;-0.0019033419;-0.030401202
-0.02613305;0.014102327;-0.011820962
0.015031061;0.030031862;-0.00945677
0.015149849;0.033400487;0.0049345843
-0.009755121;-0.0076546087;0.0039476673
-0.0031165967;-0.0154986875;0.003158134
0.027194222;-0.0061489497;0.021276508
0.04050538;-0.02054416;0.0045212056
0.0011543025;-0.010185327;0.016116964
-0.017826557;-0.045648262;3.9357165E-4
-0.025198746;-0.04589361;-0.037185144
-0.029533997;-0.011714888;-0.023498114
-0.0033146976;-0.0031219102;-0.0062984913
0.011410742;0.016252471;-0.005038793
0.0060035936;0.03175198;-0.0040310347
-0.006134625;0.022276582;0.034275174
-0.0017827002;0.033446267;0.021170137
-0.0014261601;0.014257013;0.00443611
0.017609071;0.00515561;-0.008951112
-0.0077877427;-0.005250512;-0.01341089
-0.020292694;-0.03857541;-0.0044787116
-0.0021716552;-0.021485327;-0.0035829693
0.012325176;-0.035938263;0.015883625
0.012985141;-0.02250061;-0.0122931
-0.009924388;-0.024250487;-0.03483448
-0.01106451;-0.01002539;-0.0028675841
0.005210892;0.016979687;0.010205933
0.015106213;0.03858375;0.014414746
-4.150291E-4;0.049617;0.024031797
-0.023769524;0.0146936;0.0067254375
-0.0049531185;0.00237988;0.00538035
0.024162505;-0.010596096;-0.0019457199
0.002142504;-0.024101878;-0.001556576
-0.013910997;-0.028656501;-0.01374526
-0.009566298;-0.0448002;-0.023496209
-0.0029655378;-0.020215161;0.006203033
0.01481507;-0.0036721288;-0.0012875735
0.018102055;-0.009187703;0.011469942
0.0035441446;0.04264984;-0.009574047
-0.022164684;0.05286987;-0.0014092376
-0.013044247;0.042295896;0.01137261
-0.002622898;0.018211717;0.0028480878
0.018214181;-0.0010556265;0.014778471
0.0067588454;-0.0633445;-0.019427223
7.1957626E-4;-0.0506756;-0.021791779
-0.004111839;-0.03116548;-0.036183424
-0.011101971;-0.012432384;-0.022696739
-0.004194077;0.0056790924;5.9260917E-4
-0.0033552616;0.023293274;0.0067240875
4.4079075E-4;0.037384618;0.02412927
0.0050401324;0.017407695;0.031803414
-0.005342894;-0.011073844;0.019192733
0.0051006847;-0.021359075;0.009104186
0.004080548;-0.01708726;0.007283349
0.023576938;-0.044919807;-0.012923321
-0.01395095;-0.026560847;-0.010338657
-0.011160759;-0.0056236773;-0.0020209253
-0.018303607;0.033001058;-0.0016167403
-0.008392886;0.020150846;-0.0012933923
-0.011401809;0.025495678;-0.032284714
-0.010683947;0.004771542;-0.025827771
0.024265341;0.010067234;-0.0019122168
0.019412274;0.0018037867;0.017220227
0.0014673191;-0.007931971;0.0012761812
-0.0035136447;-0.0063455766;-0.005229055
0.005001584;0.013673539;0.002066756
0.03368877;0.007813831;0.0079034045
0.005076014;-0.021873936;-0.018677276
-0.016251689;-0.020624148;-0.02119182
-0.025501352;0.0022506814;0.008046543
-0.01571358;0.020550545;0.031437233
0.018679135;0.032065436;0.012649788
0.024318308;0.03190235;0.01636983
-0.010232854;0.01614688;-0.011904136
-0.022248782;-0.0152074965;0.0029766914
-0.038111527;-0.018415997;0.014881353
-0.010176721;-0.030357799;-0.019344918
0.005921123;-0.02741124;-0.015475934
0.0062993984;0.0030710094;0.0063692527
-0.002772981;0.0024568075;-0.0011545978
0.014969115;0.011340446;-0.019673679
0.018225292;0.03407236;0.009261058
0.017705234;0.014757886;0.0074088457
-0.0030233131;0.021181308;0.0059270766
-0.01960615;-0.0049299533;-0.0077583385
0.00462758;-0.032068964;-0.006206671
-0.0072354362;-0.03503017;0.013784664
0.011399151;-0.015524136;-0.0077222693
0.01693182;8.069112E-5;0.0063221846
0.013545456;0.0031895528;0.017557748
0.004586365;0.021301642;-0.004703802
-0.013518408;0.010791314;0.0024869584
-0.020189727;-0.003866949;0.008239566
-0.006776781;3.1440864E-5;0.0065916535
-0.0054214248;0.015650153;-0.007226677
0.01285036;-0.006229878;-0.005781342
-6.572119E-4;-0.008108903;0.007874927
-0.02083827;-2.3712181E-4;-0.006200059
-0.010420616;0.0060603027;0.007539953
0.0026010075;-0.010776758;0.012281963
0.014580806;0.019503593;0.01607557
-0.011772855;0.018727874;0.006610456
-0.012543284;-0.0068927;-0.0072116354
-6.596273E-4;-0.0055141603;-0.043269306
0.0057222983;0.001838672;-0.015865447
0.0077028386;0.0014709375;0.012307643
0.01866227;0.00117675;-0.027653886
8.673167E-4;9.4140007E-4;0.0028768913
0.010068853;7.5312005E-4;0.002301513
-0.0013199174;6.0249603E-4;0.0018412105
0.009881566;-0.008893003;-0.0047770315
0.0032177528;-0.013364403;-0.0038216254
-0.013050797;0.004933478;-0.0218073
-0.008878138;-0.0023032175;-0.01119584
7.0998946E-4;-0.0018425741;-0.002706672
-0.0025570085;-0.0077240593;-0.008415338
0.012016893;-0.031179247;0.0057677296
-0.0028864853;-0.031193398;0.023364184
-0.016371688;-0.015579718;-5.8652913E-5
-0.014659851;-0.009338775;-0.0062969225
0.0085846195;0.008153981;0.013712462
0.022492696;-0.018476816;0.02346997
-0.008568344;-0.014781453;-0.012474025
-0.006854675;-0.011825162;-0.028729219
-0.0039212396;-0.00946013;0.014516625
0.021863008;-0.0013181038;0.0178633
0.025302906;0.011445517;-0.03570936
-0.007882675;0.009156413;-0.0035674882
0.0030688602;-0.0082998695;0.01589601
-0.013169912;0.015235105;0.012716807
-0.01209843;0.0121880835;0.010173446
-3.037436E-4;-0.027749533;-0.010611244
-0.0064929947;-0.025324626;-0.008488994
0.011993104;-0.014009701;0.011958804
-0.012280516;-0.0018327609;-0.0029329564
0.0042380868;0.007908791;-0.008596365
0.031515468;0.015702033;0.018122908
0.012712375;0.021936627;0.008248326
-0.0070175994;0.0175493;-0.005901339
-0.01030158;0.001539441;-0.010971071
0.0011337362;-0.008143447;0.0037231431
-0.002218011;-0.009639758;-0.009521485
-0.012711909;-0.029586807;-0.013867188
-7.9452706E-4;-0.017419444;-0.004843751
-0.0100106215;0.014189444;0.008625
-0.008008498;0.011351556;0.0319
0.007655702;0.046581246;-0.0057300003
0.010812062;0.040389996;-0.0045840004
0.01489965;0.041686997;0.0088328
0.011919719;0.017724598;0.0070662396
1.607756E-4;-0.0045703226;0.011902992
1.2862048E-4;-0.019281259;-0.0092276065
-0.0045846035;-0.027925007;-0.032382086
0.008832317;-0.025465004;-0.007155668
-0.010121646;-0.026622005;0.0067754653
-0.022159817;-0.0025476033;-8.296276E-4
-0.019290354;-0.008288083;-0.006913702
-0.009182283;0.021494534;0.0069690384
0.014529173;0.057820626;0.024325231
0.014748339;0.052506503;0.013210185
0.003986171;0.026380202;0.0105681475
0.012563937;0.014854161;0.008454518
-0.0071363505;-0.009991671;0.025513614
0.014603419;-0.029868336;0.014160892
0.014807736;-0.04889467;-0.013671286
-0.013153811;-0.048490737;-0.03593703
-0.01833555;-0.035667587;-0.04124962
-0.030293439;-0.012909071;-0.007999699
0.008577748;0.042797744;0.006100241
0.0256122;0.059238195;0.04238019
0.0033022591;0.044265557;0.033904154
-0.014545693;0.035412446;0.014623323
-6.990542E-4;0.0033299557;-0.013301341
0.013503256;-0.022336036;-0.0043910732
0.017052606;-0.03036883;-0.009762858
-0.017607916;-0.03679506;-0.020310286
-0.021898832;-0.02943605;-0.02874823
-0.008144066;0.01082616;0.0020014164
0.010672247;0.011785928;0.0016011331
-0.0023997023;0.0063037425;0.032530908
-0.0144197615;-0.016832005;0.0010247253
-0.00841081;0.008409395;-0.0054302197
0.012021353;0.019227516;0.008155825
0.004929582;0.009132013;0.025274659
0.022693666;0.02918061;0.026469728
0.010342432;0.010844489;0.008675782
-0.012038554;-0.0131994095;-0.024309374
-0.0018183432;-0.010559527;-0.0319475
0.011045326;-0.008447622;-5.5799965E-4
0.0057112603;-0.009883097;-4.463997E-4
-0.023555992;-0.023531478;0.0058928803
-0.017282294;-7.518248E-5;-0.0015356959
0.009611665;0.046814855;-0.0074785566
-0.007935667;0.053076882;-0.005982845
0.003026466;0.017461507;-0.0047862763
0.027421173;-0.023530794;0.027420979
0.021936938;-0.018824635;0.021936784
0.00973705;-0.036934707;-0.044950575
-0.0125228595;-0.057672765;-0.010960459
0.008731713;-0.06488822;-0.002518367
0.01323537;-0.0019105708;-0.008264693
-0.015974205;0.020346543;-0.019111754
-0.053404365;0.035027236;-0.009039404
-0.01303599;0.05614679;-9.815231E-4
-0.0026162926;0.05429243;0.011714782
0.011969466;0.0153089445;0.028121825
0.033013072;-0.028377844;0.01624746
0.018597959;-0.057077277;-0.018252032
0.013315867;-0.061286822;-0.0146016255
-0.011222307;-0.024029456;0.0133187
0.012897154;0.0057764347;0.02315496
-0.014682276;0.035871148;-2.2603225E-4
-0.03518332;0.05682192;-0.0064308257
-0.032834157;0.045457534;0.0073553394
-0.020017326;0.017616028;0.030884271
0.015236139;-0.010907178;-0.025292583
0.012188911;-0.036850743;-0.013984066
0.014438629;-0.020105593;0.001312747
0.031863403;-0.009834475;-0.0051998026
0.012990722;0.0108824195;0.0020901582
-0.0083574215;0.008705936;-0.0045778737
0.0011265626;0.02571475;-0.003662299
9.0125005E-4;0.0205718;0.01582016
-0.0070915;-0.0022925609;0.031406127
-0.0041107;-0.011209048;0.012624903
-0.01266356;0.006657761;-0.021150077
-7.5584796E-4;0.0022012088;-0.010670062
0.0087703215;-0.007614033;0.010213951
-0.0023587428;0.009533774;-0.00432884
-3.2449415E-4;0.001377019;0.015286928
-0.0018220954;-0.002023385;-2.704574E-4
0.0032298237;0.010881292;-0.012716366
0.022896359;-6.699663E-4;-0.003923093
0.0058170874;0.002589027;-0.0031384742
-0.01878383;0.0051962216;-0.01501078
-0.019714564;-0.020843023;-0.024508623
0.0045408485;0.008325581;-0.007106899
0.005195179;0.016035466;-0.005685519
-0.009906357;0.012828372;0.007951585
-0.007925086;0.004012698;0.018861268
0.01865993;8.515831E-5;0.0025890144
0.010240445;-0.015556874;-0.010428788
-0.005870144;-0.0061954986;0.010406969
-0.003133615;0.001293601;0.020825576
0.002180608;-0.002090119;-0.00833954
0.009556986;-0.0016720953;-0.0066716317
-1.6691089E-4;0.026787324;-0.0053373054
-0.009508529;0.02455486;0.020730156
-0.002919323;8.938872E-4;0.010334125
-0.0038979584;7.1510975E-4;-0.010482701
0.015631633;0.013072087;-0.01463616
0.009380307;0.01670767;0.019541072
-0.0018707546;0.007116136;0.015632857
0.0016283962;-0.013057091;-0.006243714
-2.59783E-4;-0.016695673;0.0075050285
-0.004895326;-0.035231538;-0.006495977
-0.013291261;-0.03131023;-0.02394678
-0.0075080087;-4.818449E-5;-0.0066574253
-0.002881407;0.024961453;0.0071740597
-0.011680125;0.026219161;-5.107522E-4
0.010968399;-8.996705E-4;0.005841398
0.008774719;-0.0038447364;0.010923118
0.024207275;-0.040575787;0.0087384945
-0.0056341793;-0.05121063;-0.005509204
-0.021694843;-0.028468505;0.0018426367
0.002956625;-0.022774804;-0.01727589
-0.0054472;0.022405157;-0.0013207125
-0.00904526;0.030424125;0.00519343
-0.019736208;0.033714302;-0.002095256
-0.0064139664;0.01759644;0.004573795
0.018306326;0.0078271525;0.016159035
0.017770061;-0.021863278;-0.012072771
0.01890355;-0.026865622;-0.0034082169
0.011997839;-0.021492498;-0.008976573
0.018973272;0.0046810014;0.0053187413
0.0042411173;0.0068698013;-0.014495007
-0.027857106;0.005495841;0.013403994
-0.028535685;0.013771673;0.029473195
-0.016578548;-0.0014826618;-0.020171443
0.0070496616;-0.0043111295;-0.022387154
-0.008422771;-0.022198904;0.013340276
0.0010742834;-0.027134122;0.010672221
0.011796927;-0.0060822982;-0.010212223
-0.0014999586;-0.011115839;-0.008169779
-0.016824966;-0.005767671;0.012214177
-9.599735E-4;0.017260863;0.028521342
-0.028892979;0.03568369;-0.0021829267
-0.03248938;0.025421953;-0.007996341
-0.0041165063;0.004712562;-0.006397073
0.017019294;-0.01497995;0.026132341
0.022990435;-0.01198396;0.014655873
0.009017348;-0.034587167;-0.025775302
-0.013098621;-0.015169735;-0.0018702411
4.5860317E-4;0.0128642125;-0.007746193
0.023804383;0.03216637;-0.012446954
-0.005956494;0.022608096;-0.028707564
-0.011015195;0.014961476;0.008283949
0.006812844;0.03384418;0.03162716
0.028887775;0.033325344;3.017275E-4
0.0059227203;0.020410277;0.006491382
-0.020261824;-0.008671779;0.0051931054
-0.011521959;-0.0069374233;-0.0020955156
-0.013905067;-0.014924939;0.004573588
-0.006436554;-0.024439951;0.00990887
-0.0067117433;-8.0196076E-4;-0.023322904
0.016505605;0.014983431;-0.006158323
0.008516984;0.0119867455;-0.0049266587
0.0068135876;0.025214396;-0.003941327
0.01482587;0.017046517;0.028096939
0.019673197;0.013637214;0.02247755
0.029801058;0.01403477;-0.0070179594
4.0334545E-4;-0.010647183;-0.0056143673
0.0050101765;-0.027267747;-0.004491494
-0.04599186;-0.034314197;-0.022343196
-0.027418487;-0.0055763577;-0.011624556
-0.0047472897;0.014288913;0.028200354
-0.014735332;0.04893113;-0.0086897155
-0.008663265;0.007894904;0.011798227
0.025881888;-0.0030590761;0.028188583
0.03164301;0.010052739;0.035050865
0.006564408;0.008042191;-0.028209308
-0.0025609734;-0.027941247;-0.022567445
-0.009861278;-0.0036029976;0.006946043
-0.007889023;0.0096176015;-0.013193166
-0.009436218;0.013944082;0.0019454675
2.6352526E-4;0.008030266;-0.004693626
-0.00760168;0.009549213;0.0024950993
-0.0060813436;0.00763937;0.0019960795
0.004509925;0.015486496;-0.0046531362
0.01923294;0.009264196;0.0025274907
0.009136352;0.032411356;0.020771993
-0.011440919;-0.005320914;0.029117594
-0.013840235;-0.02613173;-0.0017059247
0.0029903122;-0.049030386;0.017385261
8.2974974E-4;-0.04547431;-0.011091792
-0.0071487003;-0.017629446;-0.021373434
-0.0025939601;0.004646443;-0.023348747
0.004174832;0.009967154;-0.012428997
0.018964866;0.029848723;0.008806802
-4.531076E-4;0.03637898;0.007045442
-0.025362486;0.019728184;0.018136354
-0.014039989;0.012657546;-0.0042409175
0.001268009;0.0070010372;-0.022142734
0.016639408;-0.01939917;0.0010358129
0.008624026;-0.034269337;8.286503E-4
0.0068992204;-0.036790468;-0.02433708
0.021144377;-0.035682376;-7.196638E-4
-0.008084499;0.0120791;-5.7573104E-4
-0.008030099;0.00966328;-4.6058482E-4
-0.009549079;0.004605624;-3.6846785E-4
-0.0076392633;0.003684499;-2.9477428E-4
0.011076089;0.018572599;0.012264181
-5.141286E-4;0.03048308;0.016061345
0.004276197;0.021261463;0.0065990756
0.0034209576;0.013884171;-9.707395E-4
0.016799266;-0.013892664;0.0054734084
-6.2308705E-4;0.0013858693;0.010628726
0.00575153;-0.014516304;-0.010247018
-0.009461275;-0.027238043;-0.014447615
-0.0075690206;-0.021790436;-0.011558092
-0.0076177167;-0.004932348;-0.0029964736
-0.0014066732;0.017929122;0.016352821
0.011374662;0.023718297;0.006832257
0.0028497293;0.022099638;-7.8419445E-4
-0.008657716;-0.01357029;0.0056226444
0.008698827;-0.010856232;0.0044981157
0.006959061;6.9001457E-4;-0.008901508
0.0118172495;-0.01819799;-0.0071212063
-0.015546201;-0.011433391;5.530352E-4
-0.02024946;0.022103287;-0.005807572
0.0056754313;0.03330763;0.014103943
0.009227845;0.0141461035;0.017533153
-0.0082427235;-0.019933118;0.0015265231
-0.01596918;-0.012821494;-0.03002878
0.0122246565;-0.016507195;9.769748E-4
0.012904725;-0.019455755;7.815799E-4
-0.0037387197;0.0031853954;6.252639E-4
1.3402426E-4;-0.016201684;5.0021114E-4
0.01573222;0.018288653;-0.0058498313
-0.0046017244;0.011505922;-0.0046798647
-5.5637956E-4;0.021704737;0.002506108
-0.0035701036;0.02986379;0.008254887
-0.0153560825;0.0020160323;3.5390918E-4
0.008027634;-0.010887174;0.0065331273
0.009547107;-0.02433474;-0.007273498
-0.0032998144;-0.013217792;0.0066812015
-0.0073273517;0.011300767;-0.007155039
-0.024611881;0.0121656135;-0.01822403
0.005310495;0.012857491;0.010420775
-0.019189104;0.03841099;0.02708662
0.029961217;0.021353794;-0.0033307038
0.011468973;0.013958035;-0.027664563
-0.008012321;-0.038833573;0.0028683494
-0.001722357;-0.049816858;-0.0039553205
-0.0045028855;-0.042978484;-0.0031642562
-4.7730847E-4;-0.018757788;-0.008781405
0.005868153;0.01936877;0.011724876
0.0046945224;0.021745015;0.0031299007
0.010005618;0.023646012;0.008753921
-0.010745506;0.012666809;0.038253136
-0.0023464044;7.584478E-4;0.011852509
0.0012478764;0.0037317583;-0.021767993
-0.0255642;-0.012639593;-0.011164394
-1.3885908E-4;-0.0038616748;-0.008931516
0.013951412;0.0062856604;0.030354789
-0.0138388695;-0.010596472;-0.02571617
-0.014196096;-0.049102176;-0.020572936
0.027705623;-0.036156744;0.0022916514
0.061226998;-0.038300395;-0.004416679
0.005231599;0.016234685;0.0027166568
-0.03643972;0.025487749;-0.016576674
-0.035401776;0.0453902;-7.613396E-4
0.013866079;0.045687158;-6.090717E-4
0.029842863;0.014674727;0.005762743
-0.0073757097;0.01798978;0.010860194
-0.040275566;0.008141825;-0.010061844
-0.0040954542;-0.02473654;0.023200525
0.012348637;-0.032289233;0.012310419
0.03956641;0.0054186145;-0.0026516644
0.019153127;0.016834892;0.04162867
0.0012600019;0.019717913;0.0083029345
0.0056955013;0.02202433;-0.018357651
-0.025131099;0.014494465;-0.008436122
-0.013854879;-0.0071544284;-0.0067488975
-0.036083903;-0.049473543;-0.030399118
-0.039804623;-0.052078836;-0.0055692946
-0.011531198;-0.03853807;0.0017945645
-0.0029749584;-0.0058304537;-0.004814348
0.005432533;0.020335637;-0.010101479
0.012158527;0.01314351;0.023168817
0.028476821;0.016764808;0.0060350536
0.035281457;0.004036846;0.011078043
0.011037665;-0.006145523;0.0151124345
-0.0036698675;-0.008041418;0.0058399476
0.012689106;0.012316865;-0.0140780425
0.019526284;0.006728492;-0.011262434
-0.021878973;0.011632794;-0.027759947
-0.006565678;0.003056235;-0.0034579574
-0.013065042;-0.010055012;0.028483635
-0.008889534;-0.01429401;0.004036907
7.00873E-4;-0.008310208;-0.021770474
-0.0041268016;-0.006648166;0.020083621
-0.0064264415;0.022806467;0.009816896
-0.002016153;0.027620174;0.0016035172
0.0046370775;0.006471139;-0.023717185
0.003709662;0.005176911;0.012276251
0.0045302296;0.010391529;0.016071001
0.008311683;0.0114382235;-0.0058931992
0.006649347;-0.018974422;-0.0047145593
6.319776E-4;-0.033929538;-0.0037716476
-0.007306918;9.813702E-4;-0.009267318
-0.015220534;-0.0023399037;-0.032413855
-0.0059264274;-0.014371923;0.0053189164
0.007758858;0.022877462;0.004255133
-0.0031679135;-0.0035730307;-0.0028458934
0.01465317;0.015891576;0.016473286
0.0039100354;0.0033382603;-0.005571372
0.0062530283;-0.0035793916;0.008042903
-0.010622578;-0.012238514;0.012684322
0.010251938;-0.03791581;0.0038974576
-0.0027359496;-0.017832648;0.003117966
-0.011563759;0.010733881;-0.010005627
1.239923E-4;0.005462105;-0.0017545017
0.007911694;0.013744684;0.017346399
0.0016418551;-0.010879253;0.03887712
-0.017436516;-0.018078402;-0.006398305
-0.0061367126;0.0042872783;-0.030118644
0.0060281297;0.0034298226;0.007155085
0.009510004;-0.006631142;-0.019275932
0.027920503;0.013445087;0.009579254
0.0051489025;0.007631069;0.0076634036
-0.003693378;0.018604856;-0.025119277
-0.0076422025;0.018008884;-0.013845421
-0.034238763;-0.026217893;-0.0048263376
-0.013328509;-0.049099315;0.02738893
0.028399693;-0.05490445;-0.015588856
0.008657254;-0.01892356;-0.024971085
0.008488303;-0.008888849;-0.013726868
-0.013521858;0.0022639208;0.014018506
-0.017067486;0.020561136;-0.0012851954
-0.0042789886;0.02582391;0.0052218437
0.0012643089;0.023784127;0.016677475
0.0041364473;0.031527303;0.00709198
0.020496657;0.0033468415;0.018173585
0.008584826;-0.0035725266;-0.010461133
0.011555361;-0.012233022;-0.014618906
-0.006380711;-0.009786417;0.007054875
-0.011354569;-0.0015791337;0.0056439
-0.004396155;-0.010638307;-0.02048488
-0.020704424;-0.021010645;-0.010137904
-0.02281354;0.0050664837;-0.026860323
-0.010438331;0.010303187;0.0035117415
0.018211834;0.01449255;0.015309393
0.006756968;0.02409404;0.0059975144
0.005405574;0.016150232;-0.0014519884
0.0027619593;0.0066701854;-0.01366159
0.013147067;0.011586148;0.007820727
0.004267654;0.0030189187;0.0062565817
-0.013773377;-0.010084865;-0.0074947346
-0.021956202;-0.0143178925;0.0065042125
0.016810039;-0.008329313;-0.01354663
0.015010531;-0.03166345;-0.017087305
0.0073209247;-0.01908076;0.005080157
-0.03320576;-0.0058896085;0.010314126
-0.026564607;-0.004711687;0.0082513
0.008435814;0.01810565;0.01910104
0.012998651;0.01448452;0.021530833
0.021336421;0.0022126164;0.010974666
-0.007930864;0.033020094;-0.009970267
-0.009469691;-0.0017089256;-0.0079762135
0.009611747;0.0048828595;0.012369029
0.012376898;-0.017968712;0.003645223
-0.011973482;-0.02062497;-0.015833821
-0.009578785;-0.025874976;-0.018917058
1.4947173E-4;-0.01132498;-0.0026336457
0.014182078;0.0034400155;-0.008356917
-0.010529338;0.021502012;-0.012935533
-0.0052984706;0.02657661;0.0021515733
0.0129487235;0.021261288;0.014221258
-0.003703521;0.0107590305;0.011377007
-0.004525317;0.0054822243;-0.015898395
0.0057547465;-0.017489221;-0.012718716
-0.0016462028;-0.042116378;-0.022674972
-0.0013169623;-0.039943103;-0.018139979
0.01144643;-0.019454481;0.016738018
0.016969644;-0.015563585;8.904141E-4
-0.009861785;0.012549132;-0.0055376687
-0.021951927;0.006914306;-0.004430135
-0.005061542;0.021156445;0.008955892
0.006888266;0.023175156;0.0071647135
0.022698114;-0.009584876;0.005731771
-0.0052790097;-0.023292901;0.0045854165
-0.016723208;-0.03113432;-0.021331666
-0.010253566;-0.021782456;-0.017065333
0.0011721471;-0.014300965;0.023847733
-6.2478235E-4;0.004184228;0.025328187
0.013562674;0.015847383;-0.01098745
-0.00946236;0.009552906;-0.03378996
0.0049301116;0.0045173247;-0.02703197
0.005506589;0.0036138599;-0.0028755746
0.0028427714;-0.022108912;0.02269954
-0.003975783;-0.01456213;0.018159632
0.0077568735;-0.017899703;-0.016722294
0.017142998;-0.033069763;-0.013377835
-0.020660602;-0.02020581;0.008047732
-0.022778481;0.015085352;-0.0060618147
-0.0010352846;0.012068281;0.013900548
7.3427235E-4;0.019029625;-0.0076295612
-0.005662582;0.0245987;0.012646351
-0.0060925656;-0.00532104;0.010117081
0.029500948;-0.001131832;0.008093664
0.015788257;-9.0546557E-4;0.012724931
-0.0061193937;-0.0038493725;-0.008570055
-0.017395515;-0.012454498;-0.025606044
-0.010791412;0.0056614014;-0.032984834
-0.01488313;0.007654121;-0.03888787
0.0037184963;-0.003251703;-0.0061102943
0.007662297;-0.015101362;0.026361765
0.010817338;4.1891012E-4;0.039839413
-0.0038461299;0.028460128;0.03812153
0.007860596;0.022768103;0.024247224
0.023475977;0.06821448;-0.02435222
0.018780781;0.06394658;-0.013231777
0.022837125;0.060532268;0.026914578
0.0198322;0.039050814;0.046531662
0.00805326;-9.348183E-6;0.024725331
-0.018557392;-0.05313248;0.019780263
-0.008595914;-0.07063098;-0.04042579
-0.024064232;-0.07837979;-0.038590632
-0.017688885;-0.06582883;-0.024622506
-0.0047761076;-0.0026630631;-0.019698003
0.011804114;0.019744549;-0.0032584032
0.02350579;0.03454564;0.0036432776
0.021929633;0.03701151;0.021664621
0.0050437064;0.029609209;0.011081697
-0.003777535;0.008062367;0.0026153582
-0.017084528;-0.040425107;-0.022907713
-0.0027301223;-0.066715084;-0.005826171
-0.006871598;-0.025247067;-0.010910937
0.014815222;-0.010822655;-0.0024787493
0.007164677;0.006966877;0.0042670006
-0.005205758;0.0399485;0.0346636
-0.010414607;0.0319588;0.02773088
-0.014581685;0.025567042;-0.021565296
0.007084652;-0.0045463676;0.013997763
-0.0037072785;-0.025512094;-0.0075517893
-0.020153323;-0.032909676;-0.012291431
0.016689843;-0.01695274;0.008916855
0.016476873;0.008312808;-0.011616516
0.0256815;0.0097752465;0.0032067872
0.006482699;0.007820197;0.02131543
-0.03543884;0.0062561575;-0.0016976562
-0.028351072;0.014379926;-0.007608125
0.003881642;0.002128941;-0.0060865
0.018730313;-0.010796847;-0.0111192
-0.011578249;-0.036762476;-0.01514536
-0.0045750993;-0.045034982;0.006633712
0.01665242;-0.014152986;0.0053069694
0.021134436;0.02305261;0.0042455755
0.009095049;0.037192088;0.028396461
-0.0036614607;0.01725367;0.022717169
-0.018554168;0.007552937;-0.013076265
-0.022655835;0.00916735;-0.029211013
0.006875332;-0.01766612;-0.02336881
0.013312765;0.0014921038;0.012554952
0.012212712;0.026193682;0.010043962
0.01602017;0.011579947;-0.010714831
0.015941136;0.028013958;-0.027321864
-0.021622092;-0.0057138344;0.0031425084
-0.015735174;0.007928933;0.008764007
-0.015713139;9.3146045E-5;0.019511206
-0.01725801;-0.034300484;0.0156089645
-0.0059939087;-0.021190386;-0.018762829
0.009267373;0.008047691;-0.015010263
-0.009773602;0.0064381524;0.01299179
-0.006256381;0.027025523;0.010393431
0.030932395;0.043495417;0.0020647454
0.035683416;0.041046333;0.007901796
0.0066717328;0.029712068;7.143707E-5
-0.018100115;-0.0012303462;0.01255715
-0.006667591;-0.016609278;0.02879572
0.0024784273;-0.022662422;0.016786575
-0.015204758;-0.027504938;-0.0053207395
0.009711194;-0.02512895;-0.041756593
0.0077689546;-0.01385316;-0.008405273
-0.006284836;0.023292473;-4.7421857E-4
-3.4036898E-4;0.031133978;0.030870626
0.0012902048;-9.2817834E-5;0.0059465
0.0025946638;0.012425746;-0.0077428
0.0036382312;-0.0056844032;5.5760076E-5
0.002910585;-0.0014225227;0.018794607
-0.027359033;0.0019869818;0.015035686
-0.010949725;-0.014035415;-0.006721451
0.0053027193;-0.029978331;-0.03037716
-0.0035703245;-0.005232665;-0.024301728
-0.0028562595;0.014563868;-6.9138285E-4
-0.0038475075;0.024151094;-0.006803106
-0.017140506;-0.0025541247;8.07515E-4
0.0019125951;0.0292067;-0.024353988
0.018717576;0.02336536;0.01801681
0.013411561;0.003067288;0.014413448
0.012291749;0.0024538306;0.017780758
0.011395899;0.008213065;0.020474607
0.013804219;-0.018429548;0.0101296855
-0.013956625;-0.045993637;-0.004396252
-0.0096028;-0.03366991;-0.028517002
-0.0076822396;-0.030060928;-0.0415636
-0.0061457916;-0.024048744;-0.03325088
0.0044583664;0.015136005;0.010899295
-0.0011208068;0.033983804;0.014969436
-8.966454E-4;0.042812042;0.030725548
0.003970184;0.046749637;0.012080439
0.001613647;0.021774707;-0.009085649
0.013790918;-0.010705234;0.01773148
-0.009279766;-0.024189187;0.020435184
0.005076187;-0.03497635;-0.021151852
-0.016251551;-0.04048108;-0.004421482
-0.0020637403;-0.035509862;-0.022287186
-0.004775992;-0.02840789;-0.005329748
-0.010070793;-0.016476313;-0.010513798
0.001318365;0.01494395;0.010338961
0.018242192;0.04008016;0.014521169
0.013031254;0.060189128;0.011616935
0.0041750027;0.048151303;-0.003206452
0.0033400024;0.019771041;0.016184838
0.015172002;0.0033168334;0.01919787
0.0027626015;-0.028596533;-0.0033917034
-0.011852419;-0.044752225;-0.033963364
-0.026669435;-0.03580178;-0.00842069
-0.018210549;-0.013016425;-0.019236552
-0.0036309385;0.01146186;-0.0028892418
0.008032749;0.031044489;0.0039386065
-0.0029488006;0.04358559;0.015650885
-0.02110904;0.03486847;0.006270708
-0.010637232;0.018519778;0.0050165667
0.038365215;0.0054408223;0.029013254
0.03225467;-0.014397342;0.0044606025
8.03737E-4;-0.049017873;-0.002681518
-0.02904451;-0.0735893;-0.027145214
-0.012298108;-0.04324644;-0.027966172
-0.017650986;-0.015847152;-0.028622936
0.0030667107;0.03107228;0.00835165
-0.0037966315;0.03423282;0.02543132
0.004775195;0.03988626;0.032845058
-0.007117344;0.044409007;0.013776045
0.019306125;0.016777206;-0.001479164
0.0279449;0.013421765;0.017566668
0.03641842;-0.014262589;-0.004696665
-0.0052402643;-0.008285071;0.008742668
-0.0026297113;-0.037878055;-0.011755866
-0.005228769;-0.033427447;-0.03440469
-0.024495516;-0.011116956;0.003726246
0.019466087;0.019231435;-0.0032690032
-0.00786463;0.018510148;0.009884797
-0.018791704;0.021058118;0.001657838
-0.005658363;0.032471493;-0.0049237297
0.011098309;0.029102195;0.014811017
-0.011433852;0.0045317565;-0.006901187
2.2791812E-4;-0.015124595;-0.03052095
0.011119834;-0.021474676;5.8324035E-4
0.018270867;-0.03905474;-0.012033408
5.541941E-4;6.2075114E-6;0.009123274
-0.0011191447;0.018754967;0.02604862
-0.005582816;0.008753973;0.014588895
-0.013841253;0.04762818;-0.019578883
-0.012635502;0.031852543;0.0093368925
0.014891598;4.8203408E-4;-0.011280485
0.016600778;0.0035106272;0.02222561
0.005468123;-0.047191497;0.011530489
0.015311998;-0.0690032;0.009224392
-0.012750401;-0.033327557;-0.017620487
-8.2532107E-4;-0.036037046;-0.00784639
0.013402243;0.014920362;-2.7111626E-5
-0.014278205;0.04318629;-0.01877169
-0.033297565;0.04704903;-0.0087673515
-0.009450551;0.050139226;-7.6388114E-4
0.008064559;0.04323638;0.018138895
0.0064516473;0.015839104;0.014511116
-0.007338682;-0.037328716;-0.013391107
0.014441554;-0.045487974;-0.029462885
0.028740743;-0.03014038;0.013929691
0.037055094;-0.042862304;0.036143754
-0.012543424;-0.05303984;0.0039150026
-0.039722238;-0.029931873;-0.015617998
-0.034902792;0.004179501;-0.031244399
0.0017652668;0.0377186;-0.01874552
0.020162214;0.05204988;0.022503585
-0.007307729;0.069764905;0.018002868
-0.021471184;0.049561925;0.033152293
0.010948054;0.017774539;0.014021835
0.024383442;-0.007655369;-0.0012825315
0.017944254;-0.027999295;0.017723974
-0.034082096;-0.025524436;-0.01707082
-0.022578178;-0.017294548;-0.019906657
-0.013375042;-0.007585639;0.0153246755
0.012737466;1.8148872E-4;0.02475974
-0.0054350267;0.006395191;-0.005192208
-0.0074730213;0.014491153;-0.004153766
0.0065215826;0.017842922;-0.022073014
0.0052172663;0.033024337;0.0073415893
0.016673813;-0.0017055298;0.012123272
-7.234496E-4;-0.016989423;0.009698617
-0.01151626;-0.013591539;-0.010991106
-0.0014005078;-0.023373231;-0.027542885
0.014504594;-0.021823585;-0.03453431
0.005353675;0.016916132;-0.0026274463
-0.00196706;0.013532906;0.010398043
-0.012511148;0.026451325;0.020818435
-0.016258918;0.03053606;-0.0020952525
0.0026178653;0.005678848;0.017073797
0.017719293;-0.023581922;0.013659039
0.0048004338;-0.018865537;-0.02032277
-0.003972153;-0.00884243;0.0024917845
-0.0047402224;0.002301056;-0.010506572
0.007145322;-0.0012841552;-0.008405258
0.0072787576;-0.010402325;0.005775794
-0.0035519938;-0.005196859;0.023370635
-0.012216595;0.027092513;0.012446508
0.007414224;0.03104901;0.016207207
0.0043688794;0.024839208;-0.012034235
-0.0011923967;0.004246366;-0.015877388
-9.5391733E-4;-0.040352907;-0.0064519104
0.019549366;-0.038532324;0.0010884717
0.0031394928;-0.015200861;-0.011629223
-0.0037384056;0.0034643116;-0.009303378
0.009509276;0.015271449;-0.0074427025
-0.01583008;0.012217159;-0.0059541618
0.0013984363;0.019148728;-0.0047633294
-0.005131251;0.0028189821;-0.0038106637
-0.011917501;0.021005185;0.009451469
-0.009534;-0.0019458515;0.007561175
0.0173728;-0.010931681;0.01854894
0.023273239;6.29655E-4;0.014839152
0.013931092;-0.005746276;0.018121323
0.0064573735;-0.01709702;0.026997058
-0.012021601;-0.032427616;-0.0034023542
-0.02680478;-0.032192092;-0.040221885
-0.015193825;-0.013253675;-0.019677507
3.449401E-4;0.00502206;-0.009492005
-0.0075365477;8.9264824E-4;-0.0075936043
2.2076168E-4;0.010089119;-0.0060748835
0.0033016093;0.026821295;0.013890093
0.022953788;0.037082035;0.029862074
0.01055053;-0.010959371;0.023889659
-0.010309576;-0.024392497;-0.018388271
-0.0051226607;-0.038264;-0.033460617
-0.0025356286;-0.024361199;-0.0017684943
-0.012966003;-0.019488959;-0.020164795
0.017752199;-0.006216167;0.0026181636
0.012639258;0.013777067;-0.010405469
0.014798907;0.017271653;-0.0020743753
-0.008473375;0.054442324;-0.0016595002
-0.0145912;0.018553859;0.0361724
-0.00542296;0.0023430865;0.02268792
-0.015275868;-0.0075005307;-0.0068496643
-0.010658194;0.0033745754;7.702687E-4
0.014910945;-4.2533973E-4;-0.011883785
9.912556E-4;-0.006590272;0.002992972
-0.027331995;-0.008397218;-0.010105622
-0.0031155965;-0.006717774;-0.0018344979
0.011570022;0.0040007806;0.0047824015
0.012381018;-0.0030493753;0.010075921
0.013029815;0.010060499;-0.004439263
0.015111351;-0.0044516004;0.015198589
0.019901581;-0.0035612802;0.024658872
0.008108765;0.0034009758;9.770974E-4
-0.026325488;-4.0421932E-4;-0.017968321
-0.01793539;0.0059266244;-0.008124658
-0.0049733124;-0.0015087003;-2.4972614E-4
-0.0039786496;-0.013706961;-0.02519978
0.0015045801;-0.026590569;0.004840175
-0.0019213359;-0.030647455;0.0038721403
-0.009349569;-0.005767964;-0.009402288
0.006582845;-0.0108643705;-0.02002183
0.006828776;-0.0024414968;0.0027325358
0.005463021;-0.0019531974;0.0021860285
0.0121829165;0.004687442;0.0017488229
-0.021503666;0.031874955;-0.0048509417
-0.032827932;0.03799996;0.0023692467
-0.018449847;0.03039997;0.020645397
0.011802623;0.018069977;0.010266318
0.006317098;-0.004294019;0.033213053
0.0128661785;-0.022185216;-0.017179556
-0.0053320574;-0.03649817;-0.019993646
0.022296853;-0.035448536;-0.0034949163
0.014712484;0.0091411695;0.015954068
-0.0022925134;0.019812936;2.6325363E-4
-0.0033965106;0.034600347;-0.018539397
-0.008967209;0.02768028;-0.014831518
-0.002486267;-0.0028557768;0.013134786
0.015198487;-0.027284622;0.010507829
-3.4121075E-4;-0.037452698;-0.016593738
-0.011210469;-0.036212157;-7.7498966E-4
0.014469125;-0.022719726;-0.006869992
0.0115753;-0.011925781;0.013254006
-0.00323976;0.012334376;0.010603205
-0.004154308;0.031742502;-0.010267436
-0.008010946;0.031644;0.0042860513
-0.0017212571;0.0034402001;0.009678842
0.0048729945;0.00587716;-0.011006927
-0.011726605;-0.001548272;-0.021305542
-0.004693784;-0.038738616;0.020455567
0.0024949731;-0.030990895;0.0038644534
0.009808479;-0.024792716;-0.015658438
-0.0015282172;-0.041709173;-0.01877675
-0.016847573;-0.014617338;0.0037286
0.011521941;0.0070561296;-0.02201712
0.012342553;0.033769906;0.0011363041
-0.024500959;0.039515924;0.013409044
-0.013350766;0.03161274;-0.0017727654
-0.004430613;0.009665191;-0.0014182123
0.01364301;0.0046071527;0.01136543
0.020289408;-0.011939278;0.009092344
-0.002518474;-0.015801422;0.007273875
0.007360221;-0.009516138;-0.0129309
0.0058881766;-0.02636291;-0.00409472
0.012523041;-0.024215328;-0.015775776
-0.025919067;-0.0037472625;-0.025120622
-0.017610254;0.03450219;-0.0013464965
-0.012525703;0.04947675;0.011422803
0.011854438;0.027081402;0.015388242
0.00792105;0.02166512;0.012310593
-0.00928816;-0.013917903;-0.002651525
0.0035069722;-0.033009324;-0.00837122
0.010618078;-0.042032458;-4.46976E-4
-0.010255538;-0.036750965;-0.01910758
0.00429557;-0.013775773;-0.021536065
3.1145578E-4;0.0014793816;-0.004728852
0.0018116647;0.010558506;0.0087169185
-0.026675668;0.039696805;0.013223534
-0.011965535;0.041132443;-0.001921172
0.023240073;0.014155955;-0.0015369377
0.026404558;-0.013675236;0.0112704495
-7.5135374E-4;-0.02969019;0.02151636
-0.0052885828;-0.04562715;-0.001536912
-0.004230866;-0.02712672;-0.02622953
-0.008072193;-0.018576376;-0.027233623
-2.0775449E-4;7.638986E-4;0.015713101
-0.0048537035;0.03498612;0.0063204807
-0.014820463;0.027988896;0.0050563845
0.0053311298;0.019266116;0.004045108
0.0027024038;0.012287892;0.015736086
-0.015025577;-0.008919686;0.0063388688
0.005167038;-0.029010748;-0.026178906
0.01507113;-0.016958598;-0.020943124
0.008931905;-0.01981688;0.008245501
-0.010041976;0.009146497;-0.018403599
0.009153919;0.0323172;0.01027712
0.024510635;0.016478758;0.008221696
0.007108508;0.016308006;3.2735718E-4
-0.011500694;0.0036714051;0.0065118857
-0.027950555;-0.009562876;-0.0010404914
0.0010770562;-0.0139003005;0.017917607
8.616449E-4;-0.026745241;-0.016915914
-0.005560684;-0.027646193;-0.019782731
0.011176453;-0.012741954;-0.009576186
0.019878663;-0.0070685633;0.011089052
0.0034029298;0.009970149;0.021371242
-0.009777656;0.03297612;-0.0141530065
