0.01414499;0.051553942;0.013335159
0.032409742;-0.0025068475;0.010668127
0.011084043;-0.05356798;-0.003965498
-0.0028515153;-0.10535438;-0.009422398
-0.019468712;-0.1405335;-0.026287919
-0.0046374695;-0.085864305;-0.021030335
0.015821274;-0.020253943;0.0019257319
-6.2423066E-4;0.030671844;-0.0047094147
-0.023936884;0.08078747;0.008732469
-0.024618257;0.114629984;0.006985975
-0.018132105;0.07451648;0.02433878
-0.011380685;0.04242569;-0.005528976
-0.018479548;-0.0019969498;-0.016923182
0.009435112;-0.06878506;-0.0010385447
-0.0026081607;-0.10971555;0.017919164
0.02681972;-0.13464744;0.0018353313
-0.0012004728;-0.09678045;0.0014682651
-0.02127288;-0.04304936;-0.011325388
0.0032941974;0.03587301;-0.027810311
0.017479109;0.13807341;-0.015998248
7.020363E-4;0.18311498;0.030951401
-0.01818837;0.12774198;0.03726112
-0.0012694468;0.057662334;0.0048088967
0.033359442;0.046129867;0.0038471175
0.007156304;9.663947E-4;0.009327694
0.011975043;-0.07735188;-0.0050378446
-0.052919965;-0.15563151;-0.016530275
-0.08296097;-0.1666927;-0.06947422
-0.035118777;-0.10679167;-0.024329377
-0.018720021;-0.04637083;0.011786499
0.011586483;0.0035283347;0.003179199
0.010831686;0.0075101675;-0.01620664
0.0071028485;0.032570634;-4.6531262E-4
0.007244779;0.066681504;0.01837775
0.015170823;0.08147021;0.0147022
0.042605408;0.010488665;0.01801176
0.028615577;-9.840683E-4;0.0019094079
-0.0021075385;-0.0054747546;0.0077775265
-0.018873531;-0.030942304;-0.01877798
-0.022911325;-0.059128843;-0.046272382
-0.02614156;-0.06605308;-0.018267907
-0.005288248;-0.021592459;0.004135675
-0.0026680983;0.03272603;0.01580854
0.0041155214;0.021493325;0.006396832
1.6741712E-4;0.0031321608;0.0051174653
0.0063839336;0.008755729;0.0040939725
0.005107147;0.017942082;-0.015474822
0.0040857177;0.040916167;0.006370142
0.009518574;0.03898293;0.017596114
0.0076148594;0.0077488464;0.001576891
0.0115606375;-0.029738422;-0.011238487
-0.0055952403;-0.03941574;-0.00899079
-0.001351192;-0.02059509;-0.0071926317
-0.0026434537;-0.011788572;0.0067458944
0.034603987;0.010881642;0.024146715
0.01752694;0.036830314;0.025567373
0.008552802;0.024776751;0.0017038981
-0.017376509;0.0073214006;-0.017386882
-0.021713708;-3.9287945E-4;-0.020159505
-0.017370965;-0.040939305;-0.003627604
-0.020146772;-0.007751443;-0.0029020833
-0.025492419;0.035986345;0.022678332
0.011637316;0.060039077;-6.073334E-4
0.049934853;0.018343762;0.018264133
0.058697883;-0.01969999;0.039611306
0.016489556;-1.3499279E-4;0.012939045
-0.016495856;0.015517006;-0.020898763
-0.030384185;-0.0016488954;-0.016719012
-0.027432347;-0.031006616;-0.025875209
0.001491622;-0.029492794;-0.014450167
-0.009744203;-0.006406734;9.3986635E-4
0.003142138;-4.3788756E-4;0.013251893
0.01579496;-0.01597531;0.016851515
0.012635969;0.030969752;0.013481212
-0.010984975;0.0466508;-0.03296503
-0.01816298;0.01700814;-0.0013720245
-4.678842E-4;-0.011393487;-0.0073476196
-0.0050618076;-0.0028647897;0.012871904
-0.005611946;0.030520668;0.016547523
0.018166693;0.022854034;-0.0055119814
0.035627104;-0.041091774;-0.029409586
0.019126683;-0.04693592;0.0014723319
-0.015948653;-0.014111234;0.019927865
-0.039321423;0.009023513;0.015942292
-0.03301964;0.00878131;0.006503834
0.02514679;-0.011724952;-0.0135469325
0.050586183;0.0062450385;-0.023337547
0.031093946;-0.005941469;7.9963E-5
-0.024343593;-0.0031906753;6.3970394E-5
-0.038224876;-0.01661504;-0.0061988235
-0.0305799;-0.007042032;-0.01745906
-0.03071392;0.008428874;-0.0014672471
-0.016758636;0.0426806;0.011326202
0.011593091;0.03414448;-0.022189038
0.009274473;7.530836E-4;0.01974877
0.014450829;-0.007210033;0.022049015
0.042029414;0.0067319735;0.011389213
0.03206103;0.011635579;0.0028613699
0.019398823;0.010870963;-0.010210904
-0.0032309408;0.0071342704;0.0043312768
-0.018209752;0.030707417;0.009715022
-0.013005302;0.001128433;0.0015220172
-0.016654242;-0.014722253;-0.011282386
0.017926607;-0.046152804;0.022224091
0.0010600353;-0.032234743;0.005279273
0.024285529;-0.027350293;-0.008276582
0.023334673;-0.017192734;-3.7126543E-4
0.018667739;0.0018708119;-2.9701233E-4
-0.03037831;0.02805915;-0.01898761
-0.06336515;0.01463482;-0.002690088
-0.031942118;0.033582855;-0.014652071
-0.011491194;0.008116284;0.0070283436
-0.0060679554;-0.04819447;-0.013127325
-0.0017293645;-0.09168058;-0.01675186
-0.026383491;-0.13271946;-0.025901487
-0.003919293;-0.11398807;-0.01447119
0.009364566;-0.07400296;-0.0053269523
0.020772902;-0.020139866;0.0082384385
-0.0013504281;0.055763107;0.012840751
4.8215748E-4;0.08679799;0.0227726
0.011323226;0.08662589;0.0057180803
0.016871082;0.066175714;-0.020425536
0.015059365;0.06231557;0.008659571
0.025328742;0.026414955;0.038177658
0.0147942435;0.047694463;0.043042127
0.007929144;0.02253057;0.0031837006
0.007905816;-0.038225543;0.015046961
-0.016331598;-0.096205436;-0.037962433
-0.024002777;-0.097276844;-0.024119945
-0.061389722;-0.043446478;-0.013045956
-0.04286178;-0.008194682;-0.016686765
0.0016480777;0.018444255;-0.007099412
0.002880962;0.030380404;0.0068204706
0.017148519;0.036804322;0.017956376
0.037156317;0.027880957;0.001865101
0.052381303;0.017617267;0.007742081
0.03409254;-0.039031185;0.006193665
-0.033663467;-0.07341245;0.023704931
-0.061305773;-0.058729958;-0.024786055
-0.017794618;-0.029796468;-0.032328844
-0.026735695;-0.006649674;-0.019613074
-0.013576056;0.038430262;-0.00319046
0.0063266554;0.08855671;0.016197631
0.035530075;0.09272037;0.012958106
0.03076781;0.07730129;0.016616484
0.030082997;0.055591036;0.025793187
0.018597648;-0.0039646723;0.00813455
0.010971868;-0.051609237;-0.00599236
-5.9750525E-4;-0.06941239;-0.004793888
-0.024696754;-0.05552991;-0.02883511
-0.015069904;-0.030361429;-0.04181809
-0.013618423;-0.007101644;-0.020954471
-0.0015197381;-0.015056315;0.014486424
-0.013715791;-0.019857552;-0.007160861
-0.018785132;-0.04088604;-0.005728689
-0.010340606;-0.026458833;0.014167049
0.007352515;0.0022704334;-0.013666361
0.03635076;0.051816348;0.014066911
0.03533061;0.061765578;0.030003529
-0.0029855121;0.07909996;0.024002824
0.0077678403;0.07421747;4.5225857E-4
0.023401773;0.06874897;-0.0058881934
0.026533918;0.03937418;0.026539445
0.026695885;-0.045063157;0.014981557
0.0057317074;-0.051675525;-0.013014755
-0.006352134;-0.09446542;-0.010411804
-0.011331707;-0.07869734;0.004170557
-0.025471617;-0.05827037;-0.009163555
-0.011783543;-0.015366294;-0.0010808436
-0.013333084;0.022081964;-0.019614674
-0.029416468;0.03797807;-0.00319174
-0.036033172;0.06319496;0.0036966081
0.020392211;0.050555967;-0.0032927135
0.013970018;0.020132273;-0.008884171
0.024457265;-0.015144182;0.005392663
-0.015590438;-0.019927846;0.0043141306
-0.0062223505;-0.040942278;0.009701304
0.01064712;-0.04525382;-0.010988956
0.035080194;-0.033078056;-0.015041165
0.0038454067;-0.013962446;-0.005782932
-0.018017424;0.0013300435;0.007873654
-0.02222644;0.010439035;0.0062989234
-0.0068436516;-0.008836272;-0.019960862
0.010150079;-0.014881518;0.002781311
0.027651314;0.0021572858;0.02097505
-0.0013164497;0.0032883286;0.004280039
-0.02527191;-0.023931837;-0.015325969
-0.018655028;-0.041020468;2.3922499E-4
-0.027424023;-0.0031288757;1.9138E-4
-0.020376718;0.0162469;0.006403104
-0.016301375;0.012997519;0.0051224832
-0.0021035995;0.026023015;0.0040979865
0.0030046206;0.022380913;-0.02797161
0.0070911963;0.01634223;-0.009877289
0.013485457;-0.004113716;0.010848169
0.012350866;-0.0142284725;0.008678535
0.009880693;-0.023882778;0.03194283
-0.023345446;-0.020668723;5.542626E-4
-0.004613857;-0.043097477;-0.02455659
9.964146E-4;-0.031352982;-0.025895271
-0.028890368;0.013980114;-0.014466218
-0.016862296;0.029934091;-0.005322974
-0.0119273355;0.009884773;0.0144916205
0.0060831313;0.014157819;0.0053432966
0.014241505;0.025388755;-0.014475362
0.028580705;0.010936004;0.01341971
0.036145814;-0.002188697;0.029485768
0.010166651;-0.023625957;0.0048386143
-0.01139793;-0.042338267;-0.008629109
-0.0044308435;0.006754387;-0.006903287
-0.0019821748;0.02571601;0.0069773705
-0.0015857399;0.025260307;-0.019418104
-0.016893592;0.0030207462;-0.015534483
-0.015077374;0.002416597;0.012572413
-0.0183119;-0.0043167225;-0.0024420691
0.01816298;-0.036265876;-0.0019536552
0.022342885;-0.0055752024;-0.007812924
0.0069368077;0.004914838;0.0062496606
0.018049447;0.01330687;0.0049997284
0.035533305;0.029395496;-0.0022502171
0.032332897;0.031328898;0.023199826
-0.011633684;0.017250618;-1.9013899E-4
-0.031181946;-2.6200584E-4;-0.012652111
-0.012445558;-0.011147105;0.014878311
1.9980404E-4;0.022332316;0.024402648
0.019691093;0.008490853;0.01952212
0.017315375;-0.016644817;-0.015632305
0.0294773;-0.028940855;-5.843797E-6
0.01420684;-0.012215183;-4.6750374E-6
-3.532782E-4;-0.023834646;-0.00625374
-0.022938872;-0.036255218;-0.011252992
-0.0355386;-0.0024416738;-0.027752394
-0.029993378;0.01992166;-0.015951915
-0.0052447026;0.09562483;0.018488469
0.022366738;0.05618736;0.014790774
0.0022683903;-0.01286261;-0.01316738
-0.0059977877;-0.027477589;0.0019660958
0.01317052;-0.01729457;0.007822877
0.025380166;-0.037273157;8.301222E-6
0.014835383;-0.053256024;0.006256641
0.007962056;-0.03947982;-0.0012446872
-0.006911605;-0.008146356;0.00525425
-0.026623035;0.034107916;-0.0020465998
-0.016610928;0.03197383;0.00461272
0.012492509;0.058391567;0.009940176
0.0021815065;0.048275754;0.014202141
-0.020911045;-0.005129398;-0.013638287
-0.022978837;0.0037089817;-0.0046606297
-0.010570569;0.0076546855;-0.0037285038
0.016543545;0.0029987483;0.003267197
7.3483604E-4;-7.260014E-4;0.021363758
-0.019724632;-0.028705802;0.017091006
0.028751545;-0.022964641;-0.017577196
0.023001237;0.0035032872;0.004688244
0.0012134889;0.018427629;0.016250595
-0.03262296;0.0038046038;-0.005749524
-0.019848367;-0.009456317;-0.023349619
0.022402557;0.0064974464;-0.024929695
0.037453294;0.031760458;0.005056244
0.018243887;0.016033366;0.010294995
-0.017436141;0.0034516926;-0.029264005
-0.012386413;-0.022238646;0.014088796
0.00571587;-6.0341676E-4;0.023771038
-0.0032398042;0.015142267;2.6682994E-4
0.0028769067;-0.0019486867;-0.031036535
-0.0055109747;-0.020308949;-0.012329229
-0.00987753;-0.03187216;-0.003613383
-0.017277025;-0.0114352275;0.009609293
0.007272131;2.2681792E-4;0.013937435
0.028473955;0.009556455;0.03614995
0.0094979135;-0.011104836;0.010169959
-0.018182918;-0.004196369;-0.023114033
-0.0098588355;0.004455405;-0.0059912265
-0.0031995683;0.041064322;-0.0047929813
-0.0025596544;0.03753896;0.008665615
-0.0012664736;0.025343668;6.824919E-4
-0.0010131788;0.0030874338;0.013045994
-0.0015917931;-0.017842554;-0.0020632052
-0.038773436;-0.023649042;-0.0016505641
-0.024768747;0.007643266;-0.026320452
-0.013564998;0.032677114;0.003943639
-0.0077269985;0.03707919;0.009404911
-0.013994099;0.04060085;0.007523929
0.004429721;0.018418182;0.006019143
0.017606277;0.0022345455;-0.0076846853
0.032053772;-0.015399864;-0.0061477483
0.020174267;-0.004507391;-0.0049181986
-0.0010480863;-0.009855913;-0.01643456
-0.008650969;-0.0016347301;-0.025647648
0.033704225;-0.004432784;0.010731882
0.02071338;0.010516273;0.033585507
0.020476954;-0.015024482;0.020618405
0.022631563;-0.027644586;0.003994724
0.0040427507;-0.033053167;0.003195779
-0.01160955;-0.045192536;0.015056623
-0.04678764;-0.033029027;-0.012954702
-0.06711761;-0.020173222;-0.03536376
-0.03963159;-0.008326078;-0.053291008
-0.014517771;0.04177664;0.0011171929
0.014948282;0.06467131;0.032143753
0.026802376;0.023612048;0.025715003
0.03472315;-0.02173536;0.014322002
0.03402852;-0.009575789;-0.0010423978
0.036597818;0.01733937;-0.0133339185
-0.0011904967;-0.023628505;-0.023167135
-0.007983647;-0.092340305;-0.037283707
-0.04388692;-0.058247242;0.038923033
0.0031717157;0.014339705;0.043638427
0.043162372;0.033346765;-0.008839258
0.06343615;-0.0030100886;0.011678593
0.0046551684;-0.003970571;-0.021907125
-0.0119008655;0.040573545;-0.0112757
-0.0032706922;0.046521336;0.02847944
5.0844625E-4;0.027842067;0.03528355
-0.006624493;0.031648654;0.0032268416
-0.055299595;-0.0059310766;-0.041168526
-0.048927177;-0.03755736;-0.05793482
-0.03601674;-0.05660839;-0.0025978573
-0.025688393;-0.020286711;-0.027078286
-0.022113213;0.01814563;0.009587372
-0.011440571;0.066079006;0.013919897
0.017410044;0.051300704;-0.020114083
0.024865534;0.039478064;0.027658734
0.008954927;0.04876995;0.028376987
0.04310144;0.03745346;0.028951589
0.046199903;-0.0028497316;0.010661272
0.025241174;-0.060092285;-0.0039709825
0.008474188;-0.06369883;-0.015676785
-0.0205644;-0.044709064;-0.01879143
-0.03832652;-0.04826725;-0.015033143
-0.040036216;-0.0136138005;-0.024526514
-0.032028973;0.00317146;0.011628789
-0.014685678;0.03378717;0.015553031
-0.013311042;0.048904736;0.024942424
-0.010648834;0.0063112876;0.00745394
0.007105933;-0.04651347;-0.019036848
0.022090996;-0.020023275;0.0035205213
0.023922797;0.008981379;0.015316417
-0.012893013;0.011872604;-2.4686632E-4
-0.02593941;-0.028001918;-0.018947493
-0.002001528;-0.044276536;-0.015157995
-0.010976222;0.017703773;3.7360445E-4
0.0021565221;0.032913018;0.0065488834
0.022818968;-0.006482085;0.011489107
0.024505174;-0.03956067;0.009191286
0.009447889;-0.028523535;-0.0051469714
0.0044333115;-0.0056313276;-0.010367577
0.010577899;0.022057438;-0.014544061
0.004556069;0.02702095;0.0071147503
-0.024480145;0.04192926;-0.0068081995
-0.014896615;0.038230907;-0.0054465597
0.0021452075;0.019647226;0.008142753
0.018903665;-0.020219719;-0.0059857983
0.002622933;-0.042738274;0.0014613614
0.0036608463;-0.03419062;-0.005080911
0.009959927;-0.022664996;-0.0040647285
-0.0021883084;-0.013444497;-0.0032517829
-0.026750647;1.8190255E-4;0.0036485738
-0.021400517;0.022020523;-0.003331141
6.70861E-5;0.033241417;-0.021414913
0.025834918;0.031280633;0.00786807
0.015199185;-0.014037993;0.012544456
-0.014403152;-0.020605395;0.010035564
-0.022460021;-0.022734316;0.008028451
0.016406983;-0.06349995;-0.006077239
0.025625587;-0.046112463;-0.0048617907
-0.02168703;-0.0040774695;-0.016389433
-0.022037124;0.031113025;-6.1154616E-4
0.0120578;0.04989042;-0.012989237
0.03464624;0.06959984;0.01460861
0.05037324;0.05255487;0.024186889
0.036392342;0.004543895;0.05059951
0.015832625;-0.019802384;0.03422961
0.0126661;-0.045529407;-0.016366312
-0.01877337;-0.061423525;-0.013093051
-0.060331196;-0.02882632;-0.04797444
-0.034202456;0.026938943;-0.038379554
-0.019549465;0.046551153;-0.011953642
-0.023452071;0.045053422;0.015437086
-0.028136658;0.014167739;0.018599669
0.011865674;-0.035540808;0.008629736
0.027461288;-0.023745148;0.006903788
0.060250282;-0.011183618;0.0055230306
0.048200224;-0.008946894;0.0044184243
0.03699768;-0.025907515;-0.0027152605
-0.003214356;-0.03166351;-0.020922208
-0.030696485;-0.05501831;-0.016737767
-0.033932187;-0.029952148;-0.013390213
-0.02558325;0.013538281;0.00803783
-0.0360916;0.018643126;1.8026348E-4
-0.01481078;0.0305395;-0.01235579
0.016276376;9.941002E-4;-0.009884631
-0.0057288995;-0.0038922199;0.004592295
-0.02020812;-0.017176276;0.003673836
-5.4149557E-4;0.0081339795;0.021689069
0.031598054;0.033069685;0.029851254
0.034653444;0.018643247;0.011381004
-0.0027459958;0.016477097;-0.009645197
0.011084453;6.8167795E-4;-0.020216158
-0.004413687;-0.010392157;-0.016172927
-0.03165595;-0.011438726;-4.3834076E-4
-0.01594976;-0.01852598;-3.506726E-4
0.007552692;-0.019508285;0.012219462
0.013854654;-0.03748163;-0.015224431
-0.017041277;-0.0346728;-0.012179544
0.010585728;0.012886758;0.015256365
0.022531083;0.036871906;0.012205091
0.015681116;0.056060024;-0.008985926
0.016451143;0.06828552;0.030311259
-0.011057836;0.064003415;0.0054990067
-0.027596269;0.035577733;-0.020600794
-0.017389515;0.031587187;0.0022693644
1.5088814E-4;-0.009105251;-0.0044345083
0.01496446;-0.0619717;0.008952393
-0.024747182;-0.06676486;-0.011588085
-0.011985245;-0.06434939;-0.015520468
0.020880554;-0.05616701;-0.012416375
0.036235694;-0.035558607;-0.0099331
0.032894805;0.009053113;0.01705352
0.0028783435;0.06192999;0.026142817
0.008552675;0.09798149;0.014664253
0.017779639;0.0627602;0.011731402
-6.2003813E-4;0.037708156;-0.009364878
-0.02549603;-0.002645976;-0.013741902
-0.031334326;-0.02399178;0.020256478
-0.02662996;-0.048880924;-0.0025448175
-0.018178968;-0.05316724;-0.020785853
-0.008293174;-0.042533793;-0.016628683
-0.014447039;-0.019964533;-0.019552946
-0.009995132;0.0027783732;-0.0031423573
0.007628895;0.010035198;0.022486115
-0.012646884;-0.026346842;0.011738892
-0.0069925073;-0.042952474;-0.015608887
0.014718494;-0.020299478;0.0062628905
0.023493545;0.035322916;-0.0074896878
0.003951086;0.06888334;0.00650825
-0.003089131;0.06916916;-0.0010434001
0.017059945;0.052210335;0.01166528
0.044116706;0.057393268;0.046832222
0.018105865;0.019352114;0.02496578
-0.04332781;-0.02983081;-0.0050273766
-0.06903724;-0.06917715;-0.029021902
-0.052104797;-0.075654216;-0.04821752
0.023941163;-0.057398375;0.005175983
0.03868418;-0.0068561994;0.0041407864
0.029384844;-7.9745956E-4;-0.021687372
0.009445375;0.008737032;-0.029849896
0.00677505;0.024177127;0.0011200827
0.00620129;0.0318417;0.007146066
-0.017695218;-0.0073391395;0.030716853
-0.0125936745;-0.04493381;0.030823482
0.01336256;-0.05313455;0.005908786
0.02944005;-0.05657014;-0.0077729714
-0.02488546;-0.04994361;-0.024968376
-0.02303337;-0.021204889;-0.019974701
-0.029364195;-0.013838911;-0.0034797613
-0.003178856;0.03424137;-0.015283809
-0.004105585;0.046143096;-0.012227047
0.033434283;0.04472698;0.015218362
0.047841176;0.012344082;-0.00657531
0.02421044;-0.033874735;0.013489752
-0.0056316475;-0.04272479;0.0045418013
-0.009192818;-0.01230483;-0.015116558
0.009051995;0.018281136;-0.0058432473
0.016616596;0.023999909;0.014075402
0.011730777;0.042637426;0.0050103217
-0.0117091285;0.02629744;0.0040082573
-0.0453048;-0.032087047;-0.009293394
-0.008118842;-0.050669637;-0.019934716
0.020848677;-0.04991071;-0.0034477722
0.002616441;6.964321E-4;0.015991783
-0.0080630975;0.0021196457;0.031543426
-0.0017629777;-0.027991783;0.02523474
0.007964618;-0.022393426;0.0014377926
-0.020190805;-0.0069772415;-0.017599765
-0.034902643;0.033480708;-0.026579812
-0.031047115;0.059597064;-0.01501385
-0.0060876925;0.049240153;-0.00576108
0.012317346;0.019079622;0.014141136
0.009853877;-0.0066113025;0.030062908
0.024289351;-0.03653904;0.0053003267
-0.006349769;-0.054231234;-0.027009739
-0.020704815;-0.07150999;-0.03410779
-0.004063852;-0.01658299;-0.0022862325
-0.017313581;0.011733608;0.010671014
-0.020100866;0.048449386;0.008536811
-0.008268192;0.029384509;-0.005670551
-0.005052054;0.0031951074;0.00796356
0.04205211;0.005681086;-0.0061291526
0.010985436;0.010794869;-0.004903322
-0.02246165;-0.021051604;-0.022672657
-0.011719321;-0.034028783;-0.024388127
0.006249543;-0.028785527;0.011739499
-0.009062866;4.0907826E-4;0.0218916
-0.0025627925;-0.0027977375;0.03001328
0.002637266;-0.03505069;0.011510624
-0.015077687;-0.057728052;-0.009541501
-0.01206215;-0.03993244;-0.0326332
-0.00808722;-0.035070952;-0.007356561
-2.1977584E-4;0.028193237;3.6475138E-4
-1.7582066E-4;0.05380459;2.9180112E-4
0.010796843;0.024293672;0.0064834408
-0.0038625253;-0.0055650626;-0.0073132473
0.01253498;0.03461045;0.006649402
0.027215485;0.03550086;0.017819522
0.039741136;-0.001286812;0.020505618
0.04585541;-0.0057169497;0.010154494
0.028871827;1.1394034E-4;-0.016876405
-0.004246288;0.0016536523;-0.0135011235
-0.01277203;-0.015864579;-0.010800899
-0.039905123;-0.034566663;-0.00864072
-0.0287991;-0.03702833;-0.025662575
-0.03553928;-0.040560164;-0.03303006
-0.036243923;-0.051198132;-0.0014240483
-0.02899514;-0.040958505;-0.0011392386
-0.02319611;0.028170696;-9.113909E-4
-0.01855689;0.022536557;-7.291127E-4
0.01796699;0.060216747;0.01191671
0.04562359;0.082548395;0.009533368
0.053686373;0.07697622;0.020126695
0.029667849;0.055330973;0.047351357
-0.0067344713;0.019264778;3.8108433E-4
0.002424923;0.006036823;-0.0059451326
-0.013685062;-0.026420541;0.020243894
-0.0015730493;-0.064886436;-0.0025548849
0.01592906;-0.07690915;0.004206092
-0.010694251;-0.095902316;-0.027885126
-0.008555401;-0.107971855;-0.022308102
-0.02090682;-0.07075249;-0.0053464808
0.014524544;-0.0144144865;-0.023027185
0.021775885;0.02909341;0.006578252
0.03304571;0.03264973;-0.007237398
0.010811566;0.07611978;0.0067100814
-0.017131997;0.106208324;0.017868064
-0.009018098;0.072466664;0.014294452
-0.007214478;0.011098329;-0.0010644383
-0.008896583;-0.055183835;0.01789845
-0.013367266;-0.07852207;-0.0044312407
-0.032568812;-0.078442656;-0.034794994
-0.02136755;-0.033066623;-0.027835993
0.01728096;0.009484201;-0.016018795
0.03726227;0.01227486;-3.150361E-4
0.0032473144;0.016069889;0.012247971
0.018222852;0.04098091;0.003548377
0.038797032;0.04840973;-0.015911298
0.056037623;0.029352782;0.0060209613
-0.00751365;0.023482226;0.03606677
-0.01851092;0.001598281;0.016353415
-0.036683735;-0.006533875;0.013082732
-0.02153449;-0.0083521;-0.014533814
0.017147409;-4.3168015E-4;-0.011627051
0.0027804272;-0.034720343;0.003198359
-0.018088158;-0.07621378;0.015058687
-0.034783028;-0.05784602;-0.01295305
-0.024701422;-0.047839317;-0.01661244
0.006801363;-0.027333952;-0.03203995
0.02340984;-0.015617162;0.030618038
0.013259122;0.0046937703;0.03074443
-0.022205202;0.036567517;-0.037904456
-0.0052641616;0.055816513;-0.024073564
-0.018273829;0.05246571;0.0057411483
0.019755937;0.021660069;-0.014157081
0.048617247;-0.0061094454;-0.011325665
0.0013937993;-0.0017625564;0.047189467
0.02142754;0.001714955;0.031501573
0.06479828;0.013871964;0.01895126
0.009651125;-0.018589929;0.021411007
-0.05243535;-0.035184443;0.010878806
-0.05757328;-0.034397554;-0.016296955
-0.016371123;0.009981956;-0.025537563
-0.009971899;0.06892306;-0.03918005
0.01389748;0.092638455;-0.012594041
0.0017429846;0.08192326;0.06492477
0.0029568877;0.01866361;0.083189815
0.0023655102;-0.038194112;0.06655185
0.009704908;-0.09930529;0.009491481
0.013232676;-0.09506923;-0.036156815
0.02464864;-0.010430385;-0.035175454
0.005656413;0.049468193;-0.021890363
-0.08531862;0.09269955;-0.01751229
-0.093254894;0.17415965;-0.045259833
-0.03241642;0.21432771;-0.023707865
0.054535616;0.20739967;-0.0064662923
0.056909744;0.18466973;0.007326966
-0.0029097053;0.11726704;0.030861573
-0.005452764;0.025844881;0.04968926
0.05735654;-0.019949095;0.058501408
0.060728982;-0.065959275;0.040551126
0.079051934;-0.109017424;0.0074409004
0.049960297;-0.08252644;-0.03779728
0.004030738;-0.011333649;-0.023987824
-0.02490041;0.03780808;-0.006690259
-0.051170327;0.047433965;-0.011602207
-0.05656126;0.030134672;0.021968234
-0.04681151;0.024107737;-0.013675413
-0.012449208;-0.00571381;0.0078096697
-0.009959366;-0.04832105;-0.006252264
-0.015779993;-0.07146934;-0.01750181
-0.023561494;-0.05873797;0.010998551
-0.018849196;-0.061052877;0.00879884
-0.011954356;-0.0738423;0.0070390725
0.004499015;-0.07157384;-0.025618741
-0.001088288;-0.027571572;-0.014244993
0.02412937;0.029505242;-0.011395995
0.038834747;0.05485419;0.003383204
0.038099047;0.07982086;0.008956564
0.015635487;0.101356685;0.03216525
0.0054771397;0.07014785;7.322005E-4
0.016881712;0.035805777;5.857604E-4
0.0041303695;0.0036446222;-0.012031391
-0.023258204;-0.067396805;0.0028748866
-0.024856564;-0.092979945;0.0022999092
-0.004260251;-0.12907146;-0.0044100727
0.0044042994;-0.12044466;-0.003528058
0.0019609395;-0.07604323;-0.021572446
-0.004681248;-0.024897084;-0.017257957
-0.014682499;0.009769833;-0.0013063657
-0.028933499;0.050003365;-0.0010450926
-0.0325218;0.06031519;-0.013336074
-0.0041424395;0.08731466;0.008081141
0.026373548;0.07766423;0.031464912
0.024223838;0.05431888;0.03142193
0.008441571;0.023142602;1.3754406E-4
0.008315757;-0.008048418;-0.018639965
0.017590106;-0.040813733;-0.014911972
-0.017177915;-0.04827599;0.0068204226
-0.013742332;-0.03393329;-7.936619E-4
-0.007868866;-0.017771631;-6.349296E-4
0.017142408;-0.0032798054;0.011992056
0.024651425;0.009876155;0.003343645
-0.01621636;0.011025924;0.002674916
-0.017660588;0.00882074;0.002139933
-0.01725347;-0.0023184083;0.007961947
0.006509724;-0.015917227;0.006369557
0.014582779;-0.017421281;-0.013654354
0.0022912233;-0.0108120255;-0.017173484
-0.015354522;0.00541288;0.005011213
-0.006033617;0.046517804;-0.0022410294
-0.0032643937;0.060651742;-0.0080428235
-0.004174015;0.06258389;0.006065741
0.006035788;0.070379615;0.023602594
-0.0014213695;0.035991192;1.3207435E-4
-0.0011370956;-0.014957046;1.0565947E-4
-0.0071596764;-0.019778136;-0.0061654723
-0.01666524;-0.0064475094;-0.017432379
-0.016457193;0.022966992;-0.007695902
0.021209246;0.005873594;9.327812E-5
0.030248646;0.029698875;0.025074622
0.035136417;0.0346966;0.001309698
0.028109133;0.02775728;0.0010477584
0.028737307;0.025330825;0.025838207
0.022989845;-0.03911034;0.045670565
0.019954376;-0.08597577;0.024036452
0.0065885014;-0.08753062;-0.0057708384
-0.011135449;-0.046586994;-0.0046166703
-0.032345857;-0.0075820955;-0.016193336
0.006154563;0.050184324;-0.006704669
0.03773615;0.06514746;0.013386264
0.02628267;0.033367965;-0.008040988
-0.005536364;0.014194374;-0.006432791
-0.045054093;-0.010519501;0.0011037675
-0.04385577;-0.039665602;-0.011616986
-0.038209617;-0.10048248;-0.021793589
-0.036817696;-0.10538598;-0.04243487
-0.0075791557;-0.06712129;-0.021447897
-0.0029383246;0.0041154698;-0.0046583177
0.01327434;0.028292377;-0.009976654
0.029369472;0.0398214;0.010768677
0.0016205778;0.03966962;-0.016385058
-0.0033910377;0.017673196;0.011891953
0.02228717;0.017263558;0.028263563
0.028767236;-0.017439155;0.02261085
0.005826289;-0.07176382;0.03058868
-0.023463968;-0.07147356;-0.006779056
-0.020333676;-0.035303846;-0.030423244
0.00404556;0.017069422;-0.036838595
0.007923948;0.023030538;-0.023220876
-0.023348343;0.02623693;0.0064232987
-0.045241173;0.055364545;0.011388639
-0.02369294;0.022416636;0.0028609112
-0.008016851;7.4580836E-4;0.008538729
0.004524019;-0.027528353;-0.005669017
0.0051817154;-0.03608518;0.007964786
0.016645372;0.0023818538;0.006371829
0.035972547;0.025342982;-0.013652537
0.04752804;0.08121189;-0.0046720295
0.045834932;0.08996951;0.015012377
0.027292944;0.07353811;0.024509901
0.0023031055;0.047892988;8.5792097E-4
-0.030970015;0.018001888;-0.018063663
-0.016963512;-0.018410988;-0.00820093
-0.00732081;-0.041291293;-0.012810744
-0.038669147;-0.014283033;-0.0039985958
-0.035622817;-0.034863926;0.0030511236
-0.017560754;-0.037266143;0.008690899
-0.021861104;-0.047000412;0.013202719
-0.014363883;-0.02041283;0.016812176
0.008821393;-0.006955264;-0.0053002597
-0.0023178852;0.0116232885;-0.004240208
0.010645692;0.01711113;-0.0033921662
0.014766553;0.013688905;0.003536267
0.013375742;0.012513624;0.021579014
-0.009611906;6.35899E-4;0.0047632107
-0.0045645246;-0.02605378;0.0038105687
-5.2661967E-4;-0.041155525;-0.015701545
0.007391204;-0.05479942;-0.018811235
0.018412963;-0.017277036;-0.002548989
0.01941787;0.023678372;0.004210809
0.013971796;0.023630196;-0.015381353
0.016646188;0.020466657;-0.018555082
0.040660698;0.041373327;0.016405934
0.0051848097;0.04559866;0.063124746
-0.0372584;0.04429143;0.037999798
-0.04699422;0.019808143;-0.019600162
-9.5377356E-5;0.014284015;-0.015680129
0.0046111983;-0.0041977884;-0.0062941033
-0.018186042;-0.004920731;-0.017535282
-0.022361333;0.0070009152;0.004721774
-0.030389067;-0.010024267;0.022527419
-0.011811254;-0.025206914;-0.006978065
-0.0063240025;-0.023290532;-0.018082451
0.009003298;-0.007694925;0.0042840387
0.027515138;0.01415656;0.00967723
0.017324612;0.03320025;0.032741785
0.015422189;0.0578102;0.013693428
0.027962752;0.04781066;0.010954742
-0.004192299;-0.021126473;0.008763794
-0.029916339;-0.05752618;-0.011738965
-0.017683072;-0.063208446;-0.028141173
-0.026646458;-0.07869175;-0.010012938
0.005245334;-0.061390903;-0.00801035
0.016696267;-0.008487723;-0.01265828
0.029763265;0.04789732;0.002373376
0.03552936;0.08675536;0.014398701
0.02295474;0.081904285;-9.810394E-4
-0.01835496;0.045210928;0.03671517
-0.014683967;0.025231242;0.004372135
-0.0039346735;-0.018877506;-0.0090022925
0.006227261;-0.063539505;-9.5183373E-4
0.018263059;-0.085206605;-7.61467E-4
-0.009608303;-0.06504028;-0.025609173
0.0032508576;0.018280273;-0.02673734
0.0072881863;0.092749216;-0.008889871
0.006611799;0.13904312;0.017888103
-0.017366812;0.14170325;0.020560483
-0.0060809487;0.09070635;0.022698386
-0.017364759;0.023346331;-5.912912E-4
1.7069283E-4;-0.028197937;-4.7303297E-4
-0.004550946;-0.052245848;-3.7842637E-4
-0.028640756;-0.06367168;-3.027411E-4
-0.018225105;-0.07124984;-0.025242193
-0.011455084;-0.083562374;-0.0014437543
-0.029476568;-0.040287398;-0.0074050035
-0.009518754;-0.00879242;-0.012174003
-0.0013650032;0.017966064;-0.0034892021
-0.026092002;0.019060351;-0.0027913617
-0.017748602;0.01681078;-0.02723309
-0.017323881;0.0118861245;0.02196353
-0.0013591052;0.0282589;0.011320823
0.042662717;0.06948212;0.0090566585
0.04975517;0.0930857;0.03849533
0.03980414;0.0705623;0.030796262
0.03028081;0.033793595;0.005887009
-0.0039003517;0.019222377;-0.0077903927
-0.01874528;-0.011184599;-0.012482314
-0.005621225;-0.07457268;0.0025141486
-0.02012198;-0.09715814;0.020761319
-0.036410086;-0.08553901;0.022859056
0.0036844327;-0.06374371;-0.025462756
0.020135047;5.6753063E-4;-0.039120205
0.034076788;0.047329023;0.0062038363
0.03663643;0.08630072;0.0049630688
0.039465394;0.07997808;0.016470455
0.015947316;0.05929496;0.044426363
-0.024742149;-0.0010015316;0.010541092
-0.018231219;-0.06486373;-0.054067127
-0.008334975;-0.058140982;-0.0432537
-0.0051054796;-0.015262784;-0.022102961
-0.005646884;0.011227272;0.007317631
-0.035767507;-0.014455682;0.012104105
-0.023926506;-0.016252045;0.009683284
-0.025391204;-0.0051891366;-0.029753372
0.029687036;-0.018213809;0.0011973017
0.04015588;0.0010539527;0.007207841
0.009468453;0.036780663;0.024516273
-0.017425237;0.02161203;0.0071130185
0.01418481;-0.035835378;0.005690415
0.030879099;-0.0505433;-0.0016976682
0.012984528;-0.029497141;-0.0013581346
-0.008362377;0.0045272876;-0.019836508
-0.041064903;-0.01200317;-0.028369207
-0.032851923;-0.009602536;-0.022695364
-0.007531537;-0.009244529;0.006843708
0.00959977;0.020729376;0.036724966
0.018617317;0.0072085015;0.016879974
0.014893853;0.0182668;0.0072539784
9.775824E-4;0.011488441;0.012053183
-0.019530434;-0.009559248;-0.0028574537
-0.010936847;0.007977602;0.010214037
6.2552217E-4;0.03138208;0.014421229
0.025500419;-0.009269334;-0.038463015
0.030556584;-0.046477966;-0.005770413
2.2651735E-4;-0.044994876;0.014133669
-0.020131286;-0.0359959;0.023806935
-0.009855029;-0.02879672;-0.0122044515
-0.007884023;0.0097751245;-0.02226356
0.0077552814;0.0546951;9.3915104E-4
0.030422974;0.07969358;-0.011748679
-0.013942869;0.057504863;0.0031010567
-0.020529296;0.035066392;0.014980845
-0.0039234366;0.020240612;-0.0067653237
0.03748625;-0.01505751;8.37741E-4
0.03545775;-0.044858508;6.701928E-4
-0.0021025497;-0.046824306;5.3615426E-4
-0.009494539;-0.028084446;0.012928924
0.005685618;-0.027155057;0.0040931385
-0.0056077554;-0.012349045;-0.015475489
-0.009173704;0.010433264;-0.0061303913
-0.018276464;0.014596611;0.0013456871
-0.014621171;-0.005510211;0.00732655
-0.019509437;-0.0028456687;-3.887603E-4
-0.02654505;0.036785964;-0.0065610083
0.02954521;0.041928772;0.0010011934
0.042386167;0.022605518;0.025800955
-0.0059348154;-0.030353086;0.014390764
-6.0352188E-5;-0.03365747;-9.87389E-4
0.012451719;-0.042550974;-7.899112E-4
0.021680124;-0.08404078;-0.01938193
-0.014687151;-0.045357622;-0.015505543
0.00856278;0.0152764;-0.024904434
-0.008774776;0.04659612;0.011326453
-0.01795732;0.045089398;0.0028111618
-0.031553358;0.03763402;0.0022489296
-0.017430186;0.009794714;-0.035700858
0.015743352;-0.02966423;-0.009810685
0.015719682;-0.045606382;0.010901452
7.574507E-5;-0.048985105;-0.010028838
6.0596052E-5;-0.031375587;0.016976928
4.8476842E-5;-0.025100468;-0.0051684566
0.0031637815;-0.040392876;-0.010384765
0.004093525;-0.015126799;0.004192188
0.00796232;0.06446106;0.022103751
0.006369856;0.081256345;-0.019817
0.008220885;0.01969258;-0.0158536
-0.027798291;-0.034245938;0.00606712
-0.045676135;-0.010209249;0.004853696
-0.0115409065;-0.0175424;-0.0023670432
0.011079774;-0.05934642;-0.008143635
0.0010513195;-0.069352135;-0.006514908
-0.0022839443;-0.027356708;-0.011461926
-0.009639655;-0.010947867;-0.015419541
0.0016632756;-0.008758293;0.031414367
-0.014294379;0.024243366;0.012631494
0.021376997;0.041269694;0.0038551951
0.015539097;0.03145325;0.015584156
0.004618778;0.025162604;0.043717325
0.005257522;0.017005082;-0.00252614
0.0026435177;0.0026665658;0.016729089
0.006802314;-0.008804248;-0.01161673
-0.0023706486;-0.021105899;-0.040543385
-0.008146519;-0.009072218;-0.026184708
-0.008079715;0.048992224;-0.0021977655
0.006036228;0.03606878;-0.0017582125
0.017328983;0.0022925243;-0.01390657
-0.0033243143;-0.026290981;0.020124745
4.6554868E-4;-0.030407785;0.016099796
0.019122439;6.737724E-4;-0.005870164
0.010610451;0.0146015175;-0.023446131
-0.014949139;0.017931214;0.012493095
-0.018209312;0.020594971;0.016244477
-0.009879949;0.016475977;-0.012004419
-0.009466459;-0.013381719;0.009146465
0.0018018326;-0.018517874;-0.011432828
0.046753965;-0.024189299;0.009603738
0.013965673;-0.02872644;-0.00481701
-0.010702462;-0.010481152;-0.0038536082
-0.0038744693;0.010365078;0.0031671135
-0.029662076;0.023917062;0.0025336908
-0.02685466;0.02850865;0.020776954
-0.005858728;0.04624442;-0.014628438
0.0046880175;0.027620535;-0.0054527503
-9.370861E-4;-0.007591071;0.0268878
-0.002312169;-0.017010357;-0.00973976
-2.872351E-4;-0.033920787;-0.014041808
0.026332712;-0.034949128;-0.017483447
0.02887867;-0.009209302;0.004763243
0.0027904357;0.016070059;0.022560595
-0.0024551514;0.030043546;0.030548476
-0.009776621;0.022472337;0.0056887805
0.003116203;0.0117278695;-0.020448975
-0.010007038;0.007819796;-0.010109181
0.01465062;0.020318337;-0.014337344
0.004689246;0.011567169;-0.0052198754
0.0053138966;-0.007933765;0.0083241
-0.008248882;-0.026659511;4.0927963E-4
0.002775894;-0.03382761;0.025327424
0.006908215;0.0057504126;0.007761939
8.390721E-4;0.00928783;0.012459551
0.005358758;-0.005069736;-0.008782359
0.010537006;-0.0056182886;-0.013275887
-9.453951E-4;0.037692867;0.0018792902
0.017993685;0.061404295;0.0077534323
0.0018949471;0.035060935;-4.7254274E-5
-0.0141090425;-7.625109E-5;-3.780342E-5
-0.030037234;-0.029748501;-0.018780243
-0.011529787;-0.0472363;-0.021274194
0.00796367;-0.05341404;-0.0045193555
-0.0092540635;-0.042731233;0.021384515
0.006659249;-0.029497486;0.023357613
0.0068898993;-0.014222989;-0.00631391
-0.01480058;-0.02700339;-0.011301128
-0.0024654644;-0.005977713;-0.015290902
0.0042776284;0.02334283;2.672781E-4
-0.016890397;0.028049264;0.0064638224
0.006800182;0.04431441;-0.019828942
0.025752645;0.04795153;0.021636846
0.031539615;0.06336122;0.017309478
-0.010705806;0.022563979;-0.0049024182
-0.0038771455;-0.016323818;-0.016421935
-0.0031017163;-0.019309053;0.011862452
-0.016543873;-0.023259742;0.009489962
0.0039524017;-0.057670295;-0.0111580305
-0.0030880787;-0.052386235;-0.033926424
-0.004032963;-0.0059714885;-0.02089114
0.0077111297;0.018660309;0.020787088
0.010075154;0.014928248;0.0041296706
0.015872624;0.0431926;0.015803736
0.029885598;0.05799158;0.0063929893
0.009064728;0.04951826;0.0051143914
-0.002904467;0.04117711;-0.008408487
-0.010917324;-0.0014333118;-0.02547679
-0.030608859;-0.05427165;-0.0141314315
-0.021362087;-0.04810482;0.007444855
-0.01552717;-0.054108854;-2.9411624E-4
-0.029609235;-0.088599585;0.012264707
0.009125112;-0.06150467;-0.008938234
0.013550089;-0.042953733;-0.025900587
0.03974632;0.015637012;0.01677953
0.020859556;0.050009612;0.025923625
0.0049688956;0.06344519;0.0082388995
-0.0038373836;0.05856865;-0.024658881
-0.0015074068;0.05154242;0.0052728956
0.0019190746;0.030296436;0.010468316
-0.01877724;0.02736215;0.0021246532
-0.021271793;0.009389719;-0.0045502777
-0.010767434;-0.022175724;0.015109778
0.016386053;-0.05680308;0.012087822
0.013108842;-0.08606746;0.009670258
0.008924574;-0.059478972;-0.017263794
-6.728409E-4;-0.039770678;-0.0013110349
-0.025538273;-0.009941542;-0.0010488279
-0.028243119;-0.0017032331;-0.013339062
0.0055305054;0.036137413;-0.00442125
0.022393154;0.06797243;0.008963
0.009320773;0.035627946;9.204001E-4
-0.0019183812;0.011314856;-0.02426368
-0.006222205;0.0028018847;-0.013160944
0.016115986;0.025679007;0.020721246
0.014455289;0.0127307065;0.029076995
-0.0048420187;-0.041377936;0.0045115966
-0.038248613;-0.05185235;-0.027640723
-0.005598892;-0.027419379;-0.009612578
-0.0029166136;-0.028185504;0.0048099374
0.007041709;-0.011610902;0.01009795
-0.0037416327;-0.007726222;-0.00442164
-0.0029933061;-0.0061809774;-0.003537312
-0.003957145;-2.5728194E-4;-0.01532985
0.014021784;0.020106675;-0.01226388
0.011217427;0.03639784;0.021438897
0.016005192;0.046305772;0.004651117
-0.0020395967;0.021419616;0.016220894
-0.018819178;0.010885694;0.012976715
5.696582E-4;-0.002228945;-0.008368628
4.5572655E-4;-0.043970656;-0.019194903
0.010520832;-0.08517653;-0.027855922
-0.022052085;-0.06032872;-0.022284737
-0.005141668;-0.020137975;9.2220993E-4
0.008386666;0.01826462;0.0069877678
0.0035843325;0.039611697;0.024340214
-0.004945034;0.041064356;0.0069721714
-8.310272E-4;0.028163984;-6.722628E-4
-0.0037898219;-0.010281312;0.0057121897
-0.004594357;-0.009787549;0.0045697517
-0.016175486;-0.014080039;-0.015094198
-0.014502889;-0.0018890317;-0.012075359
0.002460189;-0.0077612256;-0.003410287
0.01603065;-0.01245898;0.01602177
0.011262021;9.7031577E-4;0.0065674162
0.028540866;-0.0054737474;0.017753933
0.018926444;0.042496003;0.026703147
-0.0020463453;0.0355593;0.0026125172
0.0014879238;0.011259941;-0.035409987
-3.7216098E-4;-0.014429547;-0.028327988
-0.03623523;-0.024043638;-0.010162391
-0.050863184;0.02451509;-0.014379913
-0.029753046;0.019612072;-0.01775393
0.004322563;-0.021810342;0.0045468556
0.0448643;-0.017448274;0.009887485
0.04995394;-0.0030211192;0.020409988
0.012619402;-0.019604396;0.01007799
