0.0016583564;-0.016367333;0.0018523282
-0.002579565;-0.009968866;-0.0047681374
-0.021594903;-0.014225093;-0.0038145098
-0.02040092;-0.028567575;-0.015551608
0.007898013;-0.015041559;0.0063087135
-0.00461909;-0.0010957475;0.01754697
-0.009945272;0.008498402;0.007787577
0.0022000326;0.0130487215;-0.018769938
-0.009958724;0.016688976;-0.008765951
-0.011873229;0.014913682;0.01173724
-0.0016860834;0.019743446;-0.0031102085
0.009588634;-0.009205244;-0.021238167
0.015483406;-0.033926696;0.0017594665
-0.0048007746;-0.025578856;0.0014075732
0.0039718803;0.004536915;0.03237606
-0.0022912459;0.017692031;9.0084685E-4
0.0036357534;-0.009283874;7.206775E-4
-0.012716398;-0.0089895995;0.006826542
-0.010173118;-0.0056291795;0.017961234
-0.0057947445;0.004871656;0.0018689869
-0.0030732953;-0.0070401747;-0.01100481
0.010822614;-0.0056321397;-0.008803848
-7.1690907E-4;0.029869288;-0.0070430785
0.012707722;0.03639543;6.1553705E-4
0.014072428;0.019741345;0.02549243
0.009695442;-0.0029569245;0.020393943
-5.6145953E-5;-0.03517804;-0.008684845
0.013236334;-0.04220493;-0.031947877
-0.025348434;-0.044701446;-5.583008E-4
-0.037466247;0.0064263437;-0.02544664
-0.0034104974;0.020766076;-0.026607312
0.019927852;9.8786E-4;-0.02753585
0.027661031;0.010165288;-0.01577868
0.010410075;0.03000723;0.018627057
0.008328061;0.0115057845;0.021151645
0.0011936983;-0.017357873;0.010671316
0.010329959;-0.0373238;-0.022712948
-0.008923533;-0.04704654;-0.018170359
-0.012607576;0.007675269;-0.008286286
-0.012429811;0.043640215;0.03712097
-0.015412599;0.053662173;0.035946775
-0.02170508;0.05855474;0.016257422
-0.017364064;0.01403129;-0.005744063
-0.03107875;-0.030962467;-0.01084525
0.0032619995;-0.032582473;-0.0086762
0.014328349;-0.02137848;0.00555904
0.03490018;-0.023352783;0.010697232
0.006826394;-0.031182228;-0.028942214
-0.004695135;0.0063042184;-0.010653771
0.015775142;0.06910588;0.0039769826
0.012620114;0.0724722;0.0031815863
0.0022835908;0.02672776;0.008795269
-0.0075481273;-0.0036177922;0.038286217
-0.0021322519;-0.040394235;0.018128973
-0.011862052;-0.04794039;-0.022996822
0.0022291087;-0.06335231;-0.018397458
-0.0075917128;-0.036619347;-0.039717965
0.0033016296;-0.007420478;-5.24373E-4
-0.014546196;0.023751117;0.0058305017
-0.015543207;0.003375894;0.004664401
-0.010090816;0.027700715;0.028731521
0.010677348;0.047160573;-0.0020147832
0.006979378;0.012728457;0.017138174
-0.0045727477;-0.011692233;0.013710539
0.011966802;-0.010916287;0.010968431
0.009573442;-0.011858029;-0.0037252551
-1.5374678E-4;-0.040736422;-0.034230202
-0.025122998;-0.013839139;-0.027384164
-0.017754648;0.026428688;0.0093426695
0.012358782;0.04301795;0.0012241355
0.012230775;-0.007773139;-0.024020692
0.00744087;-0.040593512;0.024533447
-0.011234804;0.008150191;0.019626757
0.017574657;0.028395154;-0.009298594
0.028122226;-0.005408878;-0.0011888753
0.0045290305;-0.027764602;-9.5110026E-4
-0.016689276;-0.028461682;-0.0070108804
-0.013351421;-0.021206845;6.4129586E-4
0.011975113;-0.009152977;5.130367E-4
0.013486341;0.009865119;0.0066604293
-0.010304677;0.029767096;0.0053283432
-4.3124185E-4;0.020688675;0.010512675
0.009030007;0.02123844;0.0021601398
0.016599005;0.0029282528;0.026728112
-0.0039082957;0.007030102;0.0026324894
-0.0070328866;-0.016250918;-0.010394009
-0.01343881;-0.028625734;-0.020815207
-0.008407298;-0.043213088;-0.016652165
-0.026257088;-0.0048829704;-0.019571733
-0.04209942;-7.8137615E-4;-0.0031573859
0.006945464;-6.251009E-4;-0.0025259086
0.030556371;0.033874918;0.029229272
0.026007596;0.077099934;0.029633418
0.012993578;0.04449245;0.023706734
0.012738612;-0.022218542;-0.012284612
-0.0030903604;-0.042774834;0.0026723102
-0.010284788;-0.010782367;-0.004112152
-4.153307E-4;-0.033625893;-0.028289722
-0.044863515;-0.042525716;-0.022631777
-0.0046408116;-0.015270571;-0.04935542
0.03222485;0.031533543;-0.008234337
0.04296738;-0.013835666;0.01216253
-0.0039073457;-0.025131032;0.0034800242
-0.017969627;2.0767386E-4;0.0027840193
-0.0034382013;0.03610364;0.008477216
0.02068694;0.05857041;0.03803177
-0.010794199;0.05310633;0.011675417
-0.02191661;0.017485064;0.015590334
-0.009720787;0.01711305;-0.012527732
-0.0023078797;0.018377941;-0.016272185
0.023153696;0.022514852;-0.006767749
0.027897958;-0.0023006182;0.013335801
0.0035683655;-0.008090494;0.010668641
0.008323442;-0.017409896;0.008534913
0.022283753;-0.018615417;-0.02442207
-0.0056104967;-0.010204833;0.017962344
-0.019332148;0.0027736335;0.008119876
-0.0076532178;0.031906407;0.0127459
-0.012372575;0.023962626;-0.00230328
-0.0075543094;-0.0245799;0.010657376
-0.012293448;-0.05716392;0.0335259
-0.03249101;-0.055106137;0.00807072
-0.016617807;-0.030022409;-0.031043423
0.010143255;-0.025580427;1.6526126E-4
-0.009072896;0.026410658;-0.024867792
-0.017414566;0.043003526;-0.0011442328
0.014974597;0.05471532;-9.1538625E-4
0.04479218;0.025022257;-0.03198231
0.04130249;-0.014357194;-0.025585847
-0.030239256;-0.0052357554;0.010781323
-0.029660156;-0.008876104;-0.022624942
-0.0065406244;-0.008663383;0.006900046
0.0064862506;8.817932E-4;-7.29963E-4
-0.00809225;-8.5706543E-4;0.0056660296
-0.0205363;-0.025685653;-0.007967176
-0.0062727896;-0.012736022;-0.006373741
0.0020130184;0.011686183;0.026151007
0.0055166646;0.006223946;0.033420805
0.017694581;-0.024708344;0.020486645
0.012593165;-0.032266673;-0.021110684
-0.024300467;-0.04925084;-0.048138548
-0.032721624;-0.037838172;-0.03226084
0.017572701;0.010354463;-0.01330867
0.00858941;0.01453357;0.008103063
-0.0064097214;0.0038143562;0.037732452
-0.0012215272;0.031176485;0.017685961
-0.007227222;0.048378687;-0.010851231
0.045780722;0.05276545;-0.0024309852
0.029593328;-0.012475139;0.023055213
-0.013044087;-0.03810511;0.0059441696
-0.01434152;-0.06485909;-0.020244664
-0.0130357165;-0.05813727;-0.009945732
-0.008866073;-0.046509817;-0.0017065852
-0.008655358;0.023729647;-0.0013652681
0.0040132133;0.047108717;0.036407784
-0.01788318;0.075186975;-0.0021237717
-0.0025877934;0.035149578;-0.0016990172
0.055742264;-0.006255337;0.017390786
0.042250063;-0.04875427;-0.004837371
-0.0138562005;-0.029628417;-0.028869897
-0.03764746;-0.015890233;-0.023095917
-0.023086717;0.029475315;0.012773266
0.0049681254;0.04233025;0.0039686128
0.02506825;0.016676702;0.015674891
-0.01041415;-0.0038461392;3.9912196E-5
-0.01067507;-0.035889413;-0.03121807
-0.021821305;-0.05527403;-0.037474457
0.007542955;-0.028594224;-0.011229565
0.0021281142;-0.02912538;0.016016347
0.0032649913;-0.0014253029;0.031563077
0.019799493;0.069172256;0.031500462
0.031464595;0.08815031;-0.0060496298
0.011890425;0.043957744;0.020160297
-0.02095641;-0.019521303;0.003628237
-0.03629638;-0.017179543;-0.0033474104
-0.005599602;-0.037181135;-0.0026779284
0.008801568;-0.017244907;-0.0021423427
0.020322505;0.014329074;-0.007963874
0.013914254;5.2575907E-4;-0.0063710995
-0.002149847;-0.04332939;0.0074031204
-0.0110948775;-0.014351014;-3.2750357E-4
0.002842848;0.01664419;-0.012762003
0.0022742783;0.013315351;-0.010209602
0.008850672;0.004402281;0.004332318
4.928813E-5;0.012896825;-0.0027841455
-0.010116819;0.02906746;0.010272684
-0.013562205;-0.007996032;0.026968148
-0.016318515;-0.017334325;-0.022175483
0.009601438;0.01738254;-0.005240386
0.0209624;0.0076560313;0.014557691
0.019113671;-0.0016876748;-8.53847E-4
0.0074784365;-0.03885014;0.0055669225
-0.0416735;-0.021705111;0.010703538
-0.008338801;0.02482341;-0.02893717
0.01598521;0.033921227;-0.010649736
0.0034131675;0.020886982;0.010230212
-0.014456966;0.019834585;0.0019341691
0.0017156772;-0.007569831;0.0077973353
0.024028791;0.018944135;0.018737867
4.7303343E-4;0.027655307;0.008740295
3.7842675E-4;-0.0060007535;-0.011757764
-0.0020410086;-0.004800603;0.009343789
7.1094313E-4;-0.013215482;0.0074750306
5.687545E-4;-0.026197385;0.012230025
-0.0057949964;-0.03189541;-0.00896598
0.024270253;-0.008328827;-0.019672785
6.662023E-4;0.010524439;-0.021988228
-0.020560788;0.03341955;-0.0050905817
-0.0055111307;0.01579814;0.008427534
0.0057473457;0.017326012;0.03174203
0.011629126;0.01073581;-0.012106378
0.002272051;-0.025786351;-0.0471851
-0.023182359;-0.014379081;-0.018998083
-0.007608387;-0.005253265;0.009801535
1.632902E-4;-0.013577612;0.014091227
0.0055993823;0.0094504105;-0.013727018
0.034948256;-2.5217183E-4;0.0077683856
0.0013961046;0.012298263;0.0062147086
-0.023883116;0.00202611;0.004971767
-0.016762743;-0.010879112;0.016477413
0.0076835556;-8.9078955E-4;0.006931931
0.0061468445;0.019599868;-0.0069544553
-0.016176274;0.034429893;0.0069364356
-0.03012852;-0.0021435842;-7.0085144E-4
-0.0053528156;-0.018902367;0.0056893188
0.016811498;-0.024496894;-0.020448545
-0.015457052;-0.008660015;0.002391164
0.018103108;-0.0100530125;-0.0043370686
0.024638737;-0.0064799096;0.027780345
0.013460989;0.0026285723;0.003474276
-0.01579371;0.0036653578;0.0027794207
-0.0126349665;0.016994786;-0.0040264633
0.0055170264;0.03078333;-0.01572117
-0.012773879;0.024626663;-7.693655E-5
-0.003187853;0.0072013307;-0.0063115493
0.016980968;0.021386065;0.01995076
-0.003602726;0.013983851;0.0034606084
0.008836569;-0.013812919;0.021518487
0.010194255;-0.023550335;0.0047147893
0.012061655;-0.031340268;-0.008728169
0.009649323;-0.007884715;-0.0069825347
-0.011030541;0.0061922283;0.013163973
0.017738067;0.0018287827;0.010531178
0.0063779536;0.004588026;0.0021749423
-0.013647637;0.003670421;-0.023260046
-0.01482436;0.024811337;-0.012358037
0.005328012;0.02766157;0.015113571
0.01207491;0.015879255;-0.012909143
0.005753678;-0.012296596;0.020922685
-0.008678308;-4.6227645E-4;0.016738148
8.6985383E-4;-0.005057321;-0.017859481
0.007727133;-0.03217086;-0.014287585
-8.4954355E-4;-0.044486687;0.019819932
-6.7963486E-4;-0.03090185;-0.015394054
-5.4370787E-4;-0.021596478;1.8475635E-4
-0.016059967;0.007722817;-0.024852196
0.004339527;0.023365753;-0.026131757
-0.0059033786;0.0671301;-0.008405405
0.006214797;0.08807908;-4.743238E-4
0.04403434;0.06421327;0.049620543
0.02116497;0.04199561;0.027196433
0.024744477;-0.00859101;0.021757146
-0.002860669;-0.03499781;0.036155716
-0.025726035;-0.051435746;-0.0023254263
-0.024487078;-0.0833361;-0.020610342
-0.025058413;-0.07135638;0.0022617271
-0.01223423;0.039789896;-0.004440618
-0.023068635;0.053706918;-0.009802494
-0.010642407;0.017965535;-0.007841996
0.011798575;0.020622429;-0.0062735965
0.011782609;0.039935444;0.0012311228
0.025051087;0.022573354;0.025984898
0.03097837;-0.025691317;0.014537918
-0.021311054;-0.009615554;-0.032119665
-0.030330094;0.0016825572;-0.013195732
0.0124546755;-0.0064664544;0.014443414
0.01777624;-0.008298163;0.011554731
0.014220992;0.004298969;-0.047006216
-0.034716956;0.0096891755;-0.012604971
-0.044961065;-0.01724866;-0.0038339775
0.003874898;-0.005986428;0.003182818
0.03747492;0.004585858;0.015046255
0.022948684;-0.0025813137;-0.0067129964
3.901978E-4;-0.02081505;0.013379603
-0.027812842;-0.0010270408;-0.0017963178
-0.022250274;0.0023033672;-0.0014370542
0.010324781;0.0034051938;0.011350357
0.012166075;-0.036338344;-0.0034197147
0.01363911;-0.016570676;-0.021485772
-0.007838712;-0.025756542;0.0015613826
-0.0062709698;-0.015917733;-0.017500894
0.004358224;0.010703314;0.010999285
-0.017607171;0.027312651;-0.009950572
-0.014085736;0.02185012;-0.04546046
-0.0018935892;0.022167597;0.0011316339
0.01801638;0.011484077;0.044655308
0.006600603;-0.015812738;0.016974246
0.009186733;-0.03921269;0.0010793966
0.0018806359;-0.023557652;0.013363517
-0.008651741;-0.015721122;-0.008059186
-0.012390143;-0.015701897;-0.012697349
-5.3711445E-4;0.020250982;0.0023421207
0.011289058;0.038075786;0.008123697
0.018406246;0.030460628;-0.0060010427
0.018631248;0.0071810028;0.007699166
0.017248748;0.0323073;0.012409333
0.011455248;0.025845842;0.016177466
-0.004117051;-0.010573327;0.031691972
-0.04548114;-0.02408366;-0.024646422
-0.055916164;-0.008329429;-0.025967138
-2.0168028E-4;0.016773956;-0.00202371
0.043588657;-0.030330835;0.023381032
0.055964675;-0.047702167;-0.012545174
0.01820924;-0.010036734;-0.0037861394
-0.026057608;0.023220614;-0.0030289115
-0.016939837;0.02795149;0.0038268708
0.0036356307;0.028611192;0.015561497
0.027908504;0.040076453;0.018699197
0.018420553;0.022686163;0.008709358
-0.019638557;-0.05372607;-0.005532514
-0.025085846;-0.085168354;-0.04817601
-0.023974927;-0.079072185;-0.03854081
-0.02464869;-0.05232025;-0.005832647
-0.006437703;-0.0012311981;0.014083883
0.025318587;0.020890042;0.023767106
0.03353612;0.030774534;0.012763685
0.011985146;0.023057127;0.010210948
0.026775617;0.0496957;0.03316876
0.026889244;0.04913156;0.014035007
-0.026144855;0.008055249;-0.026271995
-0.044353385;0.003319199;-0.021017596
-0.04251396;0.026092859;-0.016814077
-0.020729916;5.617874E-4;-0.0072012614
0.011541068;-0.03705057;0.031738993
0.034232855;-0.071827956;0.006641193
0.04301128;-0.057462364;-0.019687045
0.034409028;-0.045969892;-0.015749637
9.6472114E-4;-0.027400913;-0.01884971
-0.013290723;0.05307927;-0.015079767
-0.021570079;0.09246342;4.3618603E-4
-0.03834981;0.07553323;0.044098947
0.0154139;0.061989088;0.01652916
0.02561237;0.01834127;-0.011776673
0.020489896;-0.013451985;0.0093286615
0.0070169168;-0.013886588;0.01371293
-0.021730216;-0.04235927;0.010970344
-0.026759174;-0.074512415;-0.009973725
-0.005782339;-0.022109933;-0.03922898
-0.008532121;0.036999553;0.006116816
-0.0068256967;0.017099643;0.023643453
0.011726943;-0.014445285;1.6476218E-4
-7.746959E-4;-0.0037437286;1.3180973E-4
-6.1975676E-4;0.011067517;-0.012394552
-0.015339555;0.0151040135;-0.022415642
-0.017740395;-0.009791789;-0.0054325135
-0.008723565;0.007791569;0.008153989
8.336476E-4;0.049983256;-0.0059768087
0.025666919;0.019674104;0.020218553
0.027564785;-0.040510718;0.016174842
0.024395578;-0.040221073;-0.012060126
0.015610212;-0.05561436;0.015351899
-0.01094933;-0.041366488;-0.0064684805
-0.025946964;-0.02371819;-0.036424786
-0.027788822;0.013837948;-0.0041398276
-0.03238731;0.02513286;-0.003311862
-0.004816096;0.020106288;0.00985051
0.009428374;0.03952253;-0.004619592
0.02551145;-0.0043194764;0.033804327
0.033690408;-0.04251808;0.014543462
0.020702327;-0.079326965;-0.0133652305
-0.0021881382;-0.08689907;-0.010692185
-0.042375512;0.0054807425;0.010196252
-0.03780666;0.102822095;-0.010592998
-0.027901577;0.12600768;-0.014724399
3.3498858E-4;0.10549364;-0.03052952
-0.0091070095;0.05939491;-0.018173615
0.019276893;0.01782843;0.010461108
-0.007234736;-0.032612257;0.039618887
-0.026881538;-0.0729648;-0.0058048908
0.012869769;-0.07243434;-0.010893913
0.015764566;-0.034509975;-0.0024651303
0.014955402;0.01770452;-0.026972104
0.046339322;0.011038616;-0.009077683
0.03707146;-0.009919107;0.036487855
0.010907166;-0.029810285;-0.0020597174
-0.010805517;-0.019160729;-0.0016477739
-0.008644414;-0.023141082;0.004931781
0.021990718;0.025237134;0.016445424
0.009780075;0.054564707;0.02565634
-0.02264469;0.053026766;0.014275072
-0.043115754;0.03460891;-0.0073299427
-0.011836352;-0.01293787;-0.005863954
-0.016500331;-0.049412794;-0.023441164
-0.007731515;-0.07078024;-0.02500293
-0.008528962;-0.06287419;-0.0075023444
0.01270808;-0.05811185;0.0064981245
0.007822715;-0.04648948;0.0239485
-0.0046793288;-0.024691585;0.0129088
0.032194037;0.059934232;-0.0084229605
0.039817728;0.11513489;0.024511632
0.031854182;0.10460791;0.044609305
0.038764596;0.06337383;0.023187444
0.0060116774;0.04132406;-0.018950045
-0.008471908;-0.013815751;-0.021410035
-0.030215027;-0.070427604;-0.02962803
-0.04526577;-0.07665458;-0.011202423
-0.061993867;-0.069136165;-0.04021194
-0.034751344;-0.074058935;-0.025919551
-0.009051075;-0.0061221453;-0.008235641
0.023227891;0.037289783;0.030911488
0.055301063;0.034519326;0.03097919
0.059084598;0.0119904615;0.018533353
0.03633018;0.0033423693;0.014826681
0.017345393;0.008923896;0.005611345
-0.004873685;-0.0037983838;-0.008010924
-0.036711447;0.012586293;-0.0126587385
-0.017650409;0.016319035;-0.003876991
-0.025839077;0.0021177277;0.015648408
-0.04410876;0.006381682;-0.031231275
-0.06575576;-0.015207155;-0.01873502
-0.027604608;-0.0043532234;-0.0024880157
0.0029163142;0.0152674215;0.010509588
0.0101455515;0.059088938;0.03965767
0.013585191;0.05977115;0.012976136
0.018680653;0.02594192;0.016630908
0.04541327;0.020753536;0.019554727
0.08398687;0.013477828;-0.009356218
0.044533245;-0.015780237;-0.026234975
-0.023748405;-0.04543669;-0.00848798
-0.065092474;-0.03791185;-0.019290384
-0.04973023;-0.04126698;-0.034182306
-0.039784182;-0.025201086;-0.027345845
-0.024796097;0.020464132;0.028123323
-3.056272E-4;0.046058804;0.016248658
0.032567997;0.029034544;0.019248927
0.02214815;-0.0064598643;0.0028991415
0.013812269;-0.03641789;0.0023193134
0.008706065;-0.022884313;0.0018554507
-0.007878898;-0.013619951;-0.01726564
-0.012553118;-0.03745846;-0.026312511
-0.0037924948;0.009095731;-0.02105001
0.011809754;0.032276586;-0.0043400074
0.017260304;0.04457127;0.021527994
0.029433243;0.059094515;0.023472395
0.023546593;0.023838112;0.006277916
-0.011631475;-0.030929511;0.011272333
-0.01711768;-0.04818111;0.009017866
-0.013694144;-0.035419885;0.03221429
-0.003142815;-0.022085909;-0.011728565
0.010766998;0.005768772;-0.028132852
-0.0070114015;0.028052518;-0.003756282
-1.403713E-4;0.045879513;-0.0030050254
-0.009487297;0.024203612;-0.008654021
-0.028683588;-9.4961084E-4;-0.0069232164
0.01142813;-7.596887E-4;0.019461427
0.0075800037;-0.02717025;0.015569141
0.0076265032;-0.0295487;-4.468677E-5
0.008444953;-0.029888961;-0.018785749
0.004412212;-0.016098669;-0.0150286
0.0019672697;0.0058710654;-0.00577288
0.010948815;0.017196853;0.007881696
-0.012334698;0.05750748;-0.0061946427
-0.005961508;0.024130985;-0.0049557146
-0.0063317064;-0.019757712;0.02103543
0.0019658848;-0.06268117;-0.0019216572
-0.009364792;-0.087644935;-0.007787326
-0.0153043335;-0.034178447;-0.024979861
-0.012243467;-0.02734276;-0.019983888
0.012861476;-0.014061707;0.0027628893
0.03919543;0.0075006345;0.008460311
0.012606345;0.038813006;5.182491E-4
0.010085076;0.07636291;0.0379146
0.0119743105;0.07046533;0.01158168
0.012704449;-0.0030027402;-0.015734656
-0.003117691;-0.057089694;-0.006337725
-0.013431652;-0.07067175;-0.01132018
-0.026370322;-0.048724905;-0.027806144
-0.0132837575;-0.018667422;0.0027550848
0.014372993;0.011628562;0.0022040678
-0.004126605;0.04055285;0.0017632542
-0.012676284;0.05744228;0.020160604
-0.006234777;0.047516324;0.009878483
0.0020434281;0.02082556;0.0016527862
0.015697243;-0.009902053;0.007572229
0.012557794;-0.007921643;0.018557783
-1.1001475E-4;-0.023524813;-0.0039037734
-0.013369262;-0.025069851;-0.015623019
0.01039834;-0.01693088;-0.006248415
-0.0034000776;0.0052052955;-0.011248732
-0.017563812;-0.009898264;-0.0027489855
0.0031364504;-0.009481111;-0.008449188
0.0025091602;-0.023209888;0.024490649
0.0059135784;-0.001380411;0.013342519
0.0047308626;0.02858317;-0.008075984
-0.00559031;0.010366537;-2.107876E-4
-0.004472248;-0.0026442704;0.0060813697
0.0034534517;-0.020865416;-0.001384904
-0.0027059887;0.0083076665;0.005142077
-0.020914791;0.019146133;0.0041136616
-0.019075584;0.023129407;-0.015459071
0.011302033;0.035691027;0.0063827434
0.036385376;4.2782037E-4;-0.0011438053
0.011920801;-0.024657743;-0.007165044
-6.196087E-4;-0.025976194;-0.024482036
-0.019245688;-0.045780957;0.017914372
-0.03258405;-0.024124764;-0.0044185026
-0.01669224;-0.008362312;-0.0035348022
0.013208709;-0.0035648495;0.022172159
-3.7053338E-4;0.01121062;-0.019762274
-0.008108927;0.0074059963;-0.0033098187
0.008356608;0.009049797;-0.0026478549
0.016841536;-5.7266233E-4;0.004131716
0.03222323;-0.00827063;-0.002944627
0.020309834;0.010570996;-0.0023557018
0.008435367;0.005331797;0.029365439
0.0067482935;0.012077938;0.023492351
-0.019601366;0.00341235;-0.018706119
-0.028962342;0.01054238;-0.014964895
-0.019263623;0.008433904;0.0067780837
-0.015410899;-0.024502877;0.017922467
0.0048587807;-0.0321023;-0.023162026
-0.009394226;-0.03974434;-0.03727962
0.01748462;0.0010170271;0.007676303
0.011643946;0.018001122;0.0061410423
0.005408907;-0.0012241027;-0.0013371661
0.018389625;-9.792821E-4;-0.007319733
0.029555451;0.0039040742;0.0066442136
0.00255061;-0.009376741;0.01781537
-0.03233451;3.1110755E-4;0.008002297
-0.01805511;0.009623886;-0.012348163
0.0066496623;-0.028238392;-0.02862853
0.00688223;-0.006965713;0.014597176
3.7033948E-5;0.00536493;-8.2225923E-4
0.007842127;0.026166944;0.018092193
-0.007007548;0.005308555;0.001973754
-0.029043538;-0.006690656;-0.017170997
-0.013859831;0.0055849752;-0.0074867974
0.021724636;0.00290548;-0.005989438
0.013473459;-0.005488116;-0.0047915503
0.0053100167;-0.0137654925;0.02116676
-0.0035644867;-0.017262394;-0.008066592
-0.018476589;-0.021622416;-0.012703273
0.020374978;-0.0032354323;0.014837381
0.008487483;-0.010400846;0.018119905
0.008352486;-0.041133177;0.001995924
-0.006599261;-0.009469042;-0.004653261
-0.01856066;0.014299767;-0.009972609
-0.005473527;0.066127315;0.004521913
0.0010899283;0.04508935;0.0036175305
0.012590692;0.0063839806;0.015394025
0.016322555;-0.0042678155;-0.0064347805
0.0052455436;-0.020601753;-0.0051478245
0.0041964347;-0.0414814;0.00838174
-0.008361602;-0.047247622;-0.018294608
0.0065919682;-0.019048097;-0.020885685
-0.0041014254;0.0050740223;-0.022958549
-0.014999891;0.03374672;0.025383161
0.005187588;0.055122375;-0.0046934714
0.01430632;0.0331604;0.002495223
0.018476306;0.014028319;0.020746179
-0.015687706;-0.016902344;0.016596943
-0.016456414;-0.022896875;-0.024222447
-0.024102632;-0.0151925;-0.025627956
0.004936645;-0.0418415;-0.014252366
0.003949316;-0.0162857;-0.005151892
-0.019496797;0.01978394;0.014628486
0.0015900623;0.020514652;0.011702789
0.0129908;0.0039117215;0.021862231
0.00648639;-0.010933123;0.004989785
-0.004185888;0.030316003;-0.008508172
0.01149504;0.016440302;-0.0068065375
-0.0056477184;-0.019660259;-0.01794523
0.019700576;-0.015728207;0.010643816
9.1671024E-4;0.0077299345;0.0085150525
0.0022958682;0.0030589474;-0.011937958
0.013555445;-0.020990342;0.0029496336
-0.0063431445;-0.0042922734;0.014859707
-0.012887016;0.03250368;0.0056377654
-0.018122112;0.054127946;0.0045102127
-0.00434144;0.06673986;-0.00889183
0.013714348;0.025266884;-8.63464E-4
-0.0062160217;-0.011036492;0.030559229
0.021589683;-0.041641694;-0.006802617
0.009459246;-0.053625856;-0.030442094
-0.009620103;-0.08040068;-0.036853675
-0.0022273324;-0.029945547;-0.00448294
-0.005688116;0.06041856;0.03391365
-0.013925493;0.07177235;0.014630918
-0.012702894;0.03398038;0.0117047345
7.7518466E-4;-9.4069616E-4;0.009363788
-0.004848602;0.005497443;0.0012410303
0.009402368;-0.011227045;0.019742824
0.019240644;-0.033981636;-0.0154557405
0.019298766;-0.05218531;-0.0061145923
-0.009560987;-0.051123247;-0.017391674
-0.01155504;-0.017461099;-0.0014133392
0.014193468;0.03915612;-0.0011306714
0.0011985244;0.068824895;0.017845463
-0.0029474306;0.05349742;0.0017763703
-0.0039204443;0.033422936;-0.004828904
-0.016417606;0.012675848;-0.003863123
1.471656E-4;-0.002359322;0.015659502
0.017305233;-0.036262456;0.0062776012
-0.007249564;-0.054009967;-0.001227919
-0.021424651;-0.049457975;0.005267665
0.002391529;-0.041128878;-0.020785868
-0.015274277;-0.023528103;-0.010378694
0.0026243285;0.04055252;0.010447044
0.0020994628;0.055879515;0.0021076356
-0.009257929;0.06657861;0.007936109
0.007437406;0.03295039;0.0063488865
0.017668676;0.015422812;0.017579108
0.01413494;0.012338249;0.0140632875
0.03787045;0.0036205992;0.00500063
-1.723884E-4;-0.02991602;-0.002249496
-0.013419161;-0.053620316;-0.014299597
-0.010735328;-0.046021253;-0.0051896772
-0.008588263;-0.013379502;-0.004151742
-0.01233936;0.023671398;-0.009571394
-0.016121488;0.03768712;0.011092885
-0.0011784406;0.016087195;0.0026243082
-0.010317752;0.008182256;-0.010400553
0.020652048;0.0065458044;0.010429557
0.021990389;0.005236644;0.014593646
0.013686061;-0.027060686;-0.013325083
-7.6990144E-4;-0.038836047;-0.035660066
0.003290329;-0.015443838;-0.016028054
-0.010648987;-0.02016757;-3.224427E-4
-0.0030504395;0.008865943;0.012242046
-0.015721602;0.008655255;0.0035436368
-8.585313E-4;6.742038E-4;-0.01591509
0.014938175;0.019289363;0.012267928
0.0017942899;0.0060564904;-0.008935658
-0.006377068;0.015782692;-8.985264E-4
-0.0027579044;0.031376153;-0.006968821
-0.0045500738;0.012600923;0.006924943
2.6619117E-4;-0.0071067614;0.030539954
2.1295293E-4;-0.01974791;-0.0068180365
0.017357862;-0.022048328;-0.011704429
0.02794879;0.002673838;-0.0031135434
-0.001078468;0.0021390705;0.035009164
-0.0024252746;0.029836256;0.0030073323
0.01915353;0.025431504;-0.010094134
-0.0057709254;0.017220205;-0.0018253074
-0.02571049;0.009088663;0.011039754
-0.032287143;0.0119584305;0.021331804
-8.2971394E-4;-0.016995756;-0.014184557
0.014961229;-0.055784106;-0.036347646
0.017437734;-0.052439783;-0.010328117
0.010043937;-0.013826827;-0.008262494
2.2264916E-4;0.028001038;0.0058900053
-0.0037281306;0.01771333;-0.007787996
-0.020170005;0.011045665;1.9603396E-5
-0.030979754;0.036961533;0.018765682
-5.650529E-4;0.046756726;0.015012546
0.013610458;0.0014678803;-0.012989963
0.008544616;-0.017575696;-0.01664197
0.005273193;-0.018748056;-0.013313577
0.0018748044;-9.3594525E-4;0.02684914
0.014781093;-0.014811256;0.02147931
0.004793625;-0.011849005;0.004683449
0.0014911498;0.013958296;-0.008753241
-0.01052583;0.011166637;-0.025752593
-0.011545664;0.02455831;-0.0018520742
0.011857219;0.044646647;0.0110183405
0.009485775;-0.011157682;0.021314673
-2.2388002E-4;-0.046426147;0.010801738
0.013102146;-0.037140917;-0.0038586096
0.0081379665;-0.020337733;0.009413112
0.0049478733;-0.024082687;-0.01746951
-0.0038542012;0.0010463508;-0.013975608
-0.014802111;0.03833708;0.0013195135
-0.021216689;0.058794666;0.013555611
-0.0208796;0.053285733;-0.026655512
4.8381917E-4;0.0035660854;0.01617559
0.0042933053;-0.039334632;0.006690473
0.0018721443;-0.040842704;0.017852379
0.010872715;-0.027986664;0.008031903
0.016510673;-0.020826831;1.7552204E-4
0.005396038;0.016151035;1.4041763E-4
4.1058028E-4;0.016045827;-0.012387666
-0.014515285;0.025336662;-0.009910133
-0.013955979;0.04214433;-0.0016781061
-0.012727283;0.014965463;-0.001342485
-0.0062755765;-0.0020901288;0.005176012
0.025448289;0.021765396;0.0041408096
0.03910863;0.009599818;0.015812648
0.006286905;-0.009507646;0.006400118
-0.005907976;-0.026356116;-0.0073799053
-0.01644513;-0.038272392;-0.030903924
-0.014718604;-0.018117914;-0.024723139
-0.008649884;-0.0019943318;-0.013528512
-0.020201158;-0.032845464;-0.004572809
-0.016160926;-0.0028388724;0.0025917527
0.01441501;0.0508539;0.020823402
0.028719507;0.037558123;0.016658721
0.020631855;-0.0027660027;0.013326977
0.0032242348;-0.0084628025;0.023161583
-0.018514361;-0.0020827416;-0.012720735
-0.02262399;0.0014588067;0.0023234123
0.009244558;-0.011332954;0.01435873
0.012864397;-0.023128863;-0.019763015
-0.0068959827;2.46909E-4;-0.015810413
-4.8036174E-5;0.014260028;0.018601669
0.003867821;0.011408022;0.0023813357
0.0015317568;0.020063918;0.02065507
-0.0026808446;0.031676132;-0.002225945
-0.004488426;0.019090908;0.010719244
-0.0012469905;-0.015977275;-0.003924605
-0.010372592;-0.03153182;-0.009389684
-0.0145480735;-0.028350456;-0.013761747
-0.011638459;0.0023196356;-0.023509398
0.007876732;-0.0059567913;-5.7518155E-5
0.019582637;0.029609567;0.018703986
0.018009858;0.04087515;0.014963188
-0.0027796128;0.0139501225;0.024470551
-0.017848691;0.014285098;-0.01792356
0.0029085479;0.0067405785;0.0044111526
-0.0015794118;-0.032107536;0.009778922
-0.0051697795;-0.03506103;-0.0046768626
-2.2957355E-4;-0.015548823;-0.02874149
-0.0040899087;-0.009314059;-0.010493192
0.0107905725;-0.0027637472;0.016605446
-0.0030862917;0.025914002;7.8435714E-4
-9.065333E-4;0.028543701;0.019377485
0.018806024;-0.0037275385;0.0030019886
0.015044819;-0.018607032;0.0024015908
0.017504605;-0.014885625;-0.0043287273
-0.012558816;-0.0025334998;-0.015962983
-0.012390803;-0.0348393;-2.7038547E-4
-0.028662642;-0.02630894;-2.1630838E-4
-0.024492614;8.2784815E-4;-0.025173048
-0.014125341;-0.029025221;0.011111563
-0.005831523;-0.002907677;0.01513925
0.014866032;0.024236359;0.0183614
0.029080326;0.042826585;-0.00406088
0.04045176;0.029573768;0.0092512965
0.020642659;0.0064715156;0.0011510368
-0.017860873;0.016114712;9.208295E-4
-0.0236637;0.02382927;-0.024263337
-0.007993459;0.0018759159;-0.013160669
-0.013426017;-0.040686768;0.0019714646
0.025196686;-0.040361915;0.014077172
-0.011873901;-0.03228953;-0.0137382625
-0.011842871;-0.018019125;-0.01724061
-0.018849296;-0.0144152995;-0.013792488
0.015389313;-0.00528224;0.0014660095
0.01074895;0.014524208;0.0011728076
0.01797416;0.058494367;9.382461E-4
0.026098078;0.053045493;-0.005499403
0.009159712;0.018998895;0.0018504775
-4.8473003E-4;0.021449115;0.020230383
0.012893466;-0.009403207;0.022434305
-0.024060227;-0.024710067;-0.013302555
-0.020810682;-0.049455553;0.0018579556
-0.018992295;-0.047376942;-0.0047636353
-0.0019125863;-0.016026555;-0.010060908
-0.006998819;0.012178757;-0.008048727
-0.0016928052;0.020680506;-0.0064389813
0.0025520057;0.025919404;-0.005151185
0.0020416046;0.020735523;-0.0041209483
0.0031957838;0.015025919;0.009203241
0.002556627;0.019833235;0.0011125932
-0.0073296987;0.025241587;0.0133900745
-0.013676259;0.018630771;0.016962059
0.004683993;-0.0038453836;0.019819647
0.022497194;-0.05307631;-0.015394282
0.028154006;-0.042461045;-0.018565426
0.008460704;-0.060531337;0.0038976597
-0.027606437;-0.03905007;-0.021881873
-0.031460147;9.94469E-6;-0.036255497
-0.009543119;0.056257956;0.014745601
0.030646754;0.08563136;0.03054648
0.033892404;0.062255092;0.024437185
5.514229E-4;0.026366573;-0.011700252
-0.01674636;-0.03515674;-0.015610201
-0.0024595894;-0.057812892;-0.006238161
3.7607853E-4;-0.050937813;0.001259471
0.017488362;-0.05168775;0.0010075768
0.0022719402;-0.0335377;-0.0054439385
-0.05755745;0.002857339;0.0018948491
-0.032764707;0.03978587;0.0140158795
0.015975734;0.063078694;0.017462704
0.051061835;0.06140046;0.020220162
0.022099469;0.013182866;0.02867613
-0.011226675;-0.016016208;-0.014559096
-0.01445009;-0.019062966;-0.0053972765
0.020471178;-0.0105628725;0.0019321786
0.012470692;-0.0037627982;-0.010954257
-0.0072109457;-0.029572738;-0.0025134056
-0.026862506;-0.033033192;-0.008260724
-0.025396256;-0.009239052;-0.01910858
0.004682996;0.009796258;0.009713137
0.0139026465;0.018774506;0.014020509
0.0033096173;0.019707104;-0.013783593
-0.0051648063;-0.001421816;-0.023526873
-0.002569345;0.0019875471;-0.0125715
0.012007024;-0.007784962;0.0086928
0.0017931192;-0.01560297;-0.0055457596
-0.011846755;-0.018732376;-0.023186607
-0.023539905;-0.0165484;-0.006049286
-0.012581923;0.02113628;0.013910571
0.014934462;0.026284024;0.017378457
0.0056975693;0.04290222;0.013902766
-0.008723195;0.026509276;-0.0013777876
-0.014791056;-0.00535508;-0.00735223
0.0076984055;-0.024596564;0.012868216
0.031158725;-0.021239752;0.010294572
0.0147707295;-0.0326168;0.014485658
8.790836E-4;-0.06203094;-0.019661473
-0.0016404832;-0.044937253;-0.02197918
-0.016156137;-0.006262302;-0.005083343
-0.01292491;0.03405266;0.008433325
-0.0033086773;0.088179626;0.01924666
0.022353059;0.0767937;0.0028973285
-0.010242553;0.020809961;0.014817863
0.006649707;-0.03491453;-0.013145709
0.005319766;-0.09355663;-0.010516568
-0.014494187;-0.0607828;-0.008413254
-0.0022203499;-0.03612624;-4.8060343E-4
0.01697372;0.019536508;-0.012884483
0.019828975;0.034379207;0.002192414
-0.011480569;0.06969087;0.02050393
-0.010746955;0.062002692;-0.0023468551
0.0031211858;0.029289654;-0.020627484
0.0064031985;-0.025005776;0.008498013
-0.012064941;-0.059067123;-0.00570159
0.007535547;-0.053503696;-0.010811272
-0.015065312;-0.019365458;-0.0023990176
-0.01048975;0.007945133;0.004330786
-0.00292305;0.015731107;0.01596463
0.0015678101;0.015709886;2.7170303E-4
0.005160498;0.0125679085;2.1736244E-4
-0.010715351;0.006929327;1.7388994E-4
-0.008572281;-0.0038315386;0.0063891117
1.7342501E-4;-0.034315232;-0.0011387104
0.01029499;-0.030577185;-0.007160968
0.005892242;0.022413252;5.2122533E-4
0.020338794;0.013243102;4.1698027E-4
-0.003260215;-0.022218019;3.335842E-4
-0.015889423;-0.022461915;2.6686737E-4
-0.0064615374;0.017967967;-0.006036506
-0.01141923;-0.0059381253;-0.023579204
0.019770866;-0.0031880003;0.0061366362
0.010347943;0.0208871;0.004909309
0.004372104;0.03077218;0.003927447
-0.0066585667;0.035555243;0.0031419576
-0.0068893535;0.026881695;0.002513566
-0.003948983;-3.6964397E-4;-0.004239147
0.012465814;-0.028420715;0.021608682
-0.02283985;-0.055549074;0.0110369455
-0.0065531293;-0.044439256;-0.022420444
0.014288747;-0.029301407;-0.024186354
0.015337247;-0.015628625;-0.025599083
0.0021135479;-0.0046904;-0.007979267
-0.019402912;0.00718518;0.018616587
-0.0092723295;0.033873145;0.021143269
0.013675886;0.039598513;0.004414615
0.020315709;0.022303812;-0.0027183078
-0.010309933;-0.01028195;-0.008424646
-0.014497946;-0.03166306;-4.8971694E-4
0.0016828931;-0.020642947;-0.0066417735
0.013065064;-0.014951859;-0.005313419
-0.008297948;-0.041648988;0.020749265
-0.0011696087;-0.020819189;-0.002150588
-0.0048419368;0.03334465;0.01077953
-0.0038735496;0.07042572;0.0023736237
0.0023699102;0.026653076;0.0018988989
0.013614678;-0.01305254;0.0015191191
-0.019577008;-0.012004532;0.0074652955
-0.014099106;-0.0033536255;-0.012777763
-0.012841784;-0.0370579;-0.003972211
0.016289072;-0.04683382;-0.015677769
0.011468758;-0.0077795563;0.024957785
-0.0025437437;0.026588855;0.001216228
-0.003597495;0.016583584;-0.0052770176
-0.016940497;0.011704368;-0.004221614
0.011447603;0.043738496;0.009122709
0.013064332;0.036553293;0.038548168
0.008888966;-0.008257364;-4.1146643E-4
-7.0132717E-4;-0.055043392;-0.012829173
0.011157689;-0.06903471;-0.010263339
-0.0066988496;-0.04116527;-0.008210671
-0.01864033;-0.0063697165;-0.025318537
-6.851361E-5;0.004279227;-0.0077548292
0.0077576893;0.020610882;4.6136545E-5
-0.0016063487;0.038363706;3.6909238E-5
0.008871171;0.041628465;0.006279527
0.007096937;0.033302773;0.005023622
0.009583799;0.003204717;0.022768898
0.0053232894;-0.041186225;-5.3488195E-4
-0.016835118;-0.036073983;-0.0066779056
-0.018936845;-0.024171684;0.013407676
-0.0057744756;0.013475152;0.0044761403
0.01881792;0.034217622;-0.027669087
0.0072418354;0.017999098;0.0028647298
-0.0059252814;-0.005913222;0.008541784
-8.3397527E-4;-0.0047305776;-0.011916573
-6.671802E-4;-0.022534462;-0.0032832583
0.008841256;-0.028965069;-0.0026266067
0.0031667547;-0.038797054;-0.0021012854
0.018158404;-0.010725144;-0.0079310285
-0.001098277;0.06329489;-0.0063448227
0.0014651284;0.036573406;-0.005075858
-0.008984148;0.010508726;0.014689313
-0.0126560675;0.02559448;0.005501451
-0.031218605;0.023600584;0.004401161
0.013306366;-0.017057031;-0.008979072
0.022363843;-0.054270625;-0.013433257
0.0139848245;-0.0277915;0.033003394
-5.308903E-4;-0.008170701;0.013902715
0.0073877876;0.0012759395;-0.0076278276
-0.01674602;-0.0036667483;1.4773785E-4
-0.004021816;0.0345666;-0.0061318097
0.013970047;0.05577828;0.0013445523
0.0018010378;0.011810125;0.0010756418
-0.01809042;-0.0061769;-0.017889487
-0.0050973357;-0.0033790201;-0.014311589
0.011547131;-0.023015715;0.013550729
-0.0063872947;-0.035600074;0.004590583
-0.006672336;-0.03785506;0.0036724664
-0.018619118;0.0025284535;-0.009562027
-5.1544983E-5;0.028585263;0.0048503783
0.010115014;0.04005571;0.016380303
0.01590451;0.03360707;-0.005645758
0.018192358;0.019073155;0.007983394
-0.010446113;-0.019116476;1.3671501E-4
-5.4439023E-4;-0.016855681;0.006359372
0.007376988;-0.0041095447;0.011337497
-0.01362966;-0.039225135;-0.003430002
-0.016372478;-0.05481761;-0.033994
-0.009191732;-0.032916587;-0.014695201
-0.007353386;0.031479232;7.43839E-4
-0.005882709;0.06424589;5.9507124E-4
0.0023250831;0.042021707;-0.018273942
0.013578816;0.019554866;-0.008369154
0.014769304;0.012518893;0.018304676
-0.0038095575;-0.0024848857;0.0021437411
0.003202354;-0.026987908;0.0017149929
0.010374383;-0.043465327;0.0013719944
0.012205756;-0.028522262;-0.017652405
-0.011329145;-9.428092E-4;0.010878077
0.013592934;0.008620753;-0.0037975388
0.010874348;0.017834103;-0.003038031
-6.755221E-4;0.036142282;0.010069575
-0.010696667;0.030476326;-0.00444434
-0.004651084;-0.00999394;0.021444527
-0.0013771174;-0.018932652;-0.007844377
-0.0143829435;-0.04014612;-0.006275502
-0.002131355;-0.028991897;-0.011270402
0.003763666;-0.0106935175;-0.0027663214
-0.014176567;-0.0038673142;-0.008463057
-0.012903754;0.010968649;-0.0067704455
0.008426997;0.029087419;0.0070836437
0.016897848;0.048269935;0.005666915
0.022893278;0.03549095;0.023283532
0.0050333724;0.026830258;0.0061268257
-0.003785802;0.015214207;0.01115146
-0.01630989;-0.017516134;-0.0035788317
0.008045836;-0.03588791;0.009636935
-0.010750831;-0.041210327;-0.017290452
-0.0054756645;-0.004843261;0.017417638
0.0073382184;-0.017937109;0.0014341106
0.0152455745;0.002837813;-0.017602712
0.020008959;0.01320775;0.0046678307
0.027725918;0.0324412;0.022484265
-0.010631766;0.02595296;-0.0070125884
-0.010067913;0.011387369;-0.0056100707
-0.01196058;-0.0033901054;0.008011944
-0.011912214;-0.016774584;1.5955478E-4
-0.012654771;-0.03373217;-0.018622356
-0.008561317;-0.030110734;-0.0023978848
-0.0052865534;0.010286413;-0.014418308
0.003583257;0.036354132;-0.0052846465
-0.010414644;0.024395805;0.008272283
-0.0059879655;0.028891644;0.019117827
-0.018852873;0.018425815;-0.003455739
0.016167702;-0.0040093483;0.0034854088
0.0012154117;-0.028207479;0.015288327
0.014253579;-0.021003483;0.018480662
0.0035903635;-0.013677786;-0.010215471
0.02005979;0.02343277;0.0043276236
0.0027665826;0.023433717;0.0034620988
-0.022786735;-0.0015655266;0.02151968
-0.019791886;-0.030939922;-0.0015342567
0.014635241;-0.009126937;-0.038727406
0.038270693;-0.010426549;0.012768076
0.015772805;-0.00677874;0.0039644605
8.9949305E-4;-0.0022979917;0.009421568
-0.010999155;0.009099106;-0.004962745
-0.0025493244;0.029154286;-0.022720195
-4.7695957E-4;0.043635927;0.019323843
-0.021475317;0.013033743;0.009209074
7.2458784E-6;-0.023948006;-0.011382741
0.011724547;-4.0840474E-4;-0.015356192
0.009379637;0.0043607764;0.025215046
0.01297246;-0.010573879;0.020172037
0.004909218;-0.010021604;-0.01511237
-0.0015413756;0.012295217;0.006660104
-0.0074831005;0.014523674;0.011578083
