-0.020578248;0.012564229;-0.0031355736
-0.0047438494;0.038176384;0.0099915415
0.011048671;0.061791107;0.032993235
-0.009911064;0.043182883;0.0013945863
-0.0063663507;0.018921308;0.007365669
0.0042819194;0.0010745464;0.012142535
0.0057692854;-0.0069528627;0.0034640282
0.0022716783;-0.02587479;0.0027712225
0.005723593;-0.022262333;-0.004033022
-8.8987587E-4;-0.016247366;-0.021976417
-0.008524401;-0.012997893;-0.017581133
-0.01619452;-0.030710815;-0.0015649073
-0.034049366;-0.026131151;-0.032501925
-0.0045832433;-0.01934242;-0.013501541
0.0064896555;-0.006098937;0.007948767
-0.015902026;0.01387085;0.018859014
-0.02053412;0.03453418;0.008837211
-0.018771047;0.043252345;8.1976893E-4
0.009983163;0.017414376;0.013155815
0.03533028;-0.034506;-0.0019753478
0.010295474;-0.0572923;-0.007830278
-0.008951121;-0.03645884;-0.006264223
0.021745354;-0.027604572;-0.011261378
0.019740032;-0.008021157;-0.0027591025
0.011885776;0.013895574;-0.014707282
-6.47629E-4;0.012678959;0.013234175
0.007294397;0.077330664;0.02933734
0.009741767;0.068114534;0.029719872
-1.9086048E-5;0.007616627;0.023775898
0.0101409815;-0.012656698;-0.012229282
-0.007512215;-0.030437859;-0.028533425
0.005708978;-0.033725288;-0.01032674
6.6093233E-4;-0.02073023;0.010488608
5.287459E-4;0.0068533164;-0.016609114
-0.020670753;-0.013267347;-7.8729115E-4
-0.011067852;-0.010613877;-0.019379834
-0.008854282;-0.010053602;-0.021753866
0.017916575;-0.02991788;0.026346907
0.0010520094;-0.016121805;-0.0039224746
-0.008533392;0.052727554;0.0031120204
-0.009170464;0.064057045;0.008739617
0.02000738;0.048120636;0.019491693
0.013662153;0.032246508;-0.009406646
0.010929722;-0.016390294;-0.0075253164
0.016556278;-0.017799735;0.037729748
-0.0078487275;-0.022052288;-0.032316204
-0.019560233;-0.03482933;0.005397038
-0.023460686;-0.032550965;-0.02068237
-0.043768547;0.006771729;-0.010295896
-0.006108589;0.03197988;-0.0019867166
-0.004886871;0.025583906;-0.0015893732
0.028903004;0.037654623;0.023728501
0.0051536527;0.020748701;0.018982802
-0.005252078;0.02284896;-0.0035637591
0.0020483376;0.007341668;-0.027851008
0.01101367;0.0011858344;0.008969194
0.025998436;-0.009988832;0.013425356
0.016892498;-0.032991067;-0.014259716
0.015076499;-0.031080352;0.0073422273
0.008936199;-0.009239282;-0.006626218
-0.0030072907;-0.018328926;9.4902556E-4
-0.019593332;-0.01622564;7.5922045E-4
-4.9665974E-5;-0.011418013;6.0737634E-4
-0.007852233;2.4059E-4;-0.018264098
-0.039094288;0.003317472;-0.01461128
-0.015650429;-0.017658522;-0.0054390235
0.008573406;0.0014981821;0.014398782
0.024046225;-0.0019264544;0.017769026
0.02079948;-0.014041163;0.02046522
-0.017735416;-0.0034204307;-0.021127824
-0.015750833;0.012888655;-0.0044022594
-0.012600666;0.016560925;0.0027281926
0.0016382171;0.02106124;0.014682554
0.008341824;0.009036492;0.017996043
-0.006607791;0.0025416932;0.0018968347
0.011901267;-0.022966646;-0.017232532
0.0040522637;-0.033998318;-0.026286026
0.012616811;-0.019386154;-0.00852882
0.013999699;0.0016785775;0.0056769433
0.011199759;0.004467862;-0.0017084453
-0.0066651925;0.03169929;-0.013866756
-0.005332154;0.05973443;0.007656595
-0.015203224;0.030600045;0.012375276
-0.010600079;0.0041675363;0.009900221
0.014957437;-0.02322847;0.007920177
2.4719964E-4;-0.037332777;8.6141335E-5
-0.01152099;-0.03924122;-0.024931086
0.0064082076;-0.036080476;-0.019944869
0.006689066;-0.022614382;0.009044104
-0.007929997;0.0053459946;9.852835E-4
0.013187252;0.048026796;0.007038227
0.025393551;0.047796436;0.024380581
0.026564842;0.011674649;0.013254466
0.007189373;-0.02347278;0.016853573
-0.018467251;-0.020340724;-0.024017142
-0.0210238;-0.01627258;-0.006713714
-0.0051002908;-5.1806367E-4;0.013379029
0.005294767;-0.009789451;-0.008046777
-0.007482936;-0.0015815607;-0.025187422
-0.002080099;-0.0028277487;-0.013899937
6.7967083E-4;0.013362801;0.02013005
0.017731236;0.02006524;-0.0026459598
0.011841239;0.023864692;-0.008366768
-0.0038082586;0.015966754;0.005806586
-0.012421607;0.015898403;0.017145269
-5.622855E-4;-0.0013437773;0.019966215
-0.009824828;-0.019825023;-0.009027028
-0.0023911127;-0.023672517;-0.013471623
0.0019933598;-0.051750515;-0.010777298
-0.011686563;-0.04452541;-0.008621838
-0.005443;-0.01687033;0.011852529
0.00892685;-0.010371263;-0.0030179766
-0.0077022696;0.02451549;-0.008664382
8.6943415E-4;0.02898739;-6.81505E-4
6.955473E-4;0.031002413;-5.45204E-4
-0.0010060621;0.021676932;0.012063837
-0.00861735;0.0079665445;0.01590107
-0.0029876297;0.017310735;2.2085555E-4
-0.003952604;-2.1391152E-4;-0.012323315
-3.7083053E-5;-0.01892113;0.0026413475
-0.0015921665;-0.024511904;-0.004136922
2.8876684E-4;0.0053904774;-0.015809538
-0.0028939864;0.0136873815;-0.02514763
-0.006221439;1.240547E-5;-0.001368104
-0.0049771513;0.009384925;-0.013594483
0.003049529;-0.015929561;0.014124413
-0.014747877;-0.037743647;0.023799531
0.0022641984;0.005742581;-0.0059603755
0.012748859;0.024906565;0.0202317
0.029730337;0.019925252;0.0036853598
0.03706552;0.009690202;0.0091982875
0.0030899157;0.024939662;-0.00514137
0.0024719327;0.002764229;0.0021369043
-0.004272454;-0.008726117;-0.0045404765
-0.016699214;-0.022605894;0.0026176188
-0.01492187;-0.005584715;0.0020940949
-0.0025624963;0.0017822282;-0.010824724
-4.8749713E-4;0.0061132824;-0.01490978
0.0058600022;0.017390626;0.013072177
0.019531751;0.023287501;0.010457741
0.017969152;0.04363;0.020866193
-0.010624679;0.0177165;0.022942955
-0.012405993;0.011048201;0.018354364
-5.4979447E-4;0.00883856;0.002183491
0.009716415;-0.025741652;-0.0045032073
0.0038668816;-0.03153082;-0.034852564
0.008562256;-0.023662157;-0.015382052
-0.008775196;-0.007992226;-0.0060556424
-0.014051407;-1.4378055E-4;-0.023594514
0.027040124;0.015509975;0.006124389
0.01147585;0.04053298;0.029899511
-0.00800682;0.049613886;0.011419609
-0.0024992062;0.030316107;0.0028856872
-0.009811865;0.044565387;-0.01019145
-0.014880742;-0.008097691;-0.00815316
-9.6709357E-4;-0.04710315;0.018477472
-0.002336175;-0.04705752;-0.010218022
-0.01358769;-0.04858352;-0.03942442
-0.0069639017;-0.029491814;-2.8953442E-4
0.0022413784;0.0029690485;-2.3162753E-4
0.013511852;0.04300024;0.012314698
0.017840732;0.05158769;0.028601758
0.0103663355;0.025645154;0.022881407
0.008293069;0.029891122;-4.4487463E-4
0.010540705;0.009850398;0.0183941
-0.0025049362;-0.009307181;-0.01653472
-0.01762895;-0.032445744;-0.019477775
-0.031290658;-0.058769096;-0.015582221
-0.023470027;-0.05170278;-0.012465777
0.006223978;-0.024174722;0.0025273787
-0.0059583173;0.027535222;0.008271903
-0.016485404;0.037653178;-0.0058824774
-0.011625824;0.066060044;0.020294018
0.019605592;0.038785536;0.016235214
0.015684472;-0.0033465729;0.012988172
0.010985078;-0.043302257;-0.008359463
-0.012305687;-0.087766804;-0.01918757
-0.00828205;-0.08740094;-0.015350056
-0.00818814;-0.062108256;-0.012280045
0.016105738;-0.055936605;0.008925964
-0.02695916;-0.11662428;-0.03035923
-0.021567328;-0.093299426;-0.024287382
-0.046160113;-0.0137020415;-0.069429904
-0.0064593395;0.15310086;-0.0055439253
0.079207525;0.2381057;0.08931486
0.059459772;0.17642206;0.08395189
-0.0102446815;0.022387644;0.01091151
-0.021476995;-0.068027385;-0.028770791
0.0039121537;-0.021609409;-0.004266633
0.030473473;-0.048537526;-0.0034133068
0.03375378;-0.08258002;-0.021480646
0.0059092725;-0.053564016;-0.010934516
-0.035897583;-0.0037887136;-0.002497613
-0.026374316;0.03446903;-0.0019980904
-0.0062557026;0.072887726;-0.0015984724
0.005151688;0.07393518;0.023721222
0.02912135;0.046648145;0.018976977
0.02642208;0.045131013;-0.016068418
0.018012665;0.015792312;-0.0066047343
0.023785131;-0.004553651;0.025966212
0.005746855;-0.05208042;0.00202297
0.004597484;-0.085414335;0.001618376
-0.015853263;-0.06833147;-0.011205299
-0.01815136;-0.032790177;-0.03396424
-0.035614837;3.303597E-4;-0.020921392
-0.0058356207;0.026826788;0.014512887
0.0054877535;0.02302393;0.01161031
-0.011234798;0.041856643;0.009288248
0.009762162;0.033485316;-0.005069402
7.7847985E-4;0.0049132523;-0.035305522
-0.0017209661;-0.024194399;-0.03449442
0.019716976;-0.050605517;0.016154466
0.015773581;-0.059234414;0.006673573
9.0011535E-4;-0.036450032;-0.03841114
-0.021936158;0.027089974;0.013021086
-0.029267676;0.05917198;0.010416869
-0.002320391;0.069212586;0.020833496
0.009862437;0.058495067;0.022916796
-0.0077350503;0.018671054;0.005833437
-0.03275054;-0.019438157;-0.0015832504
-0.030106682;-0.046800524;-0.0137666
-0.016272847;-0.05931542;0.0014867198
-0.028643277;-0.052139837;-0.023810625
0.011460379;-0.016711868;-0.025298499
-2.06697E-4;-0.0071194954;0.011011201
0.011553393;-0.029133096;0.02130896
0.003773964;-0.004556477;-0.0017028317
6.7542115E-4;0.026042318;0.017387735
0.002884087;0.030208854;0.020160187
0.03433852;0.024167083;0.02237815
-0.012372934;0.011521167;-0.01959748
-0.0059920973;0.0014044336;-0.021927984
0.025675071;0.016748548;-0.005042387
0.011165057;-0.0037886624;0.0022160902
-0.005130454;-0.02646843;-0.023227127
-1.9811314E-4;-0.032112245;0.006418298
-0.0040647406;-0.024127295;-0.0011153618
-9.080424E-4;-0.0036768361;-0.0071422895
8.360661E-4;0.0017460311;0.013036168
-0.018081147;0.0076468247;-0.0020710651
-0.026183669;0.01080496;0.0108431475
0.009521816;-0.024168532;0.014924518
0.019336203;-0.063084826;0.011939615
0.0021877121;-0.06453036;-0.027948309
-0.019343581;0.0061882115;-0.022358647
-0.017818615;0.03932557;-0.030386917
0.027932609;0.09083545;0.025690466
0.034064837;0.09141836;0.03930237
-0.0055606305;0.040322192;1.9189833E-4
-0.0021047543;0.019757753;0.006403519
0.0076911966;-0.035756297;-0.0011271851
0.027246708;-0.044230036;-9.017481E-4
0.0100786155;-0.02444653;-0.0069713984
-0.0052183573;-0.003932224;-0.036827117
-2.6843592E-4;-0.0031457795;-0.016961696
-0.013495998;6.0837646E-4;0.011430644
-0.010796799;-0.0073257987;0.027894516
-0.010199939;-0.012110639;0.0035656122
-0.015972452;-0.014376012;0.0028524897
-0.004965461;0.005686691;0.021031993
-0.006316119;0.004549353;-0.014424407
-0.0050528953;0.0020769823;-0.011539525
-0.001698566;0.0016615858;0.02201838
0.004109897;0.0138292685;-0.0073852963
9.441677E-4;0.006375915;0.006591763
0.008567834;-0.026149267;-0.0072265896
0.0013855173;-0.020919414;0.006718728
-0.008266586;-0.0042355317;-0.0071250172
-0.01833202;-0.014325925;-0.005700014
-0.0068531153;-0.03021074;0.007939989
0.007798758;0.0055189077;1.01991136E-4
0.011707757;0.034102626;-0.006168407
0.005459955;0.0397821;-0.004934726
4.6171405E-4;0.04588818;-0.02269778
-0.0027556287;0.014835545;0.013091776
0.003264247;9.309357E-4;0.01672342
0.011986397;-0.016442752;-0.0053712637
2.1411807E-4;-0.030341702;0.008202989
1.7129446E-4;-0.01646086;0.0065623913
-0.0022067144;8.938113E-4;-0.007250087
0.017765878;0.024152549;0.0066999304
-0.0029747973;0.03807204;0.0053599444
0.0015264122;0.047645133;-0.0019620445
0.0027836298;0.050616104;0.017180365
-0.0071480963;-0.006382116;0.03249429
0.019281523;-0.030105693;0.007245433
0.009956469;-0.022522055;-0.0067036534
0.004058925;-0.021142643;-0.024112923
-0.02019036;-0.021601615;0.011959662
-0.008339788;-0.0016562918;-0.0029322705
-0.01057808;0.025237467;0.0039041836
-0.041274965;-0.014185026;-0.028126653
-0.017394971;-0.017598022;-0.016251322
-0.010009727;-0.026578417;-5.01058E-4
-0.0025390317;-0.036887735;-0.0066508465
0.017500024;-0.015447687;-0.024070676
0.03900002;0.01420435;0.018243458
0.031200016;0.02386348;0.020844767
-0.0023837374;0.015965784;0.016675813
-0.01284449;0.020585127;0.0070906505
-0.012619342;8.4310194E-4;-0.0068274797
0.017248277;-0.03682552;-0.011711984
-0.01745138;-0.043522913;-0.015619587
-0.015523603;-0.034818333;-0.02499567
-0.0046063825;-0.018479666;-0.019996535
0.013502394;0.0039662677;-0.01599723
-9.168348E-4;0.023485513;0.018452218
-0.014014718;0.037538413;0.014761774
-0.032305524;0.005030729;0.005559419
0.0069680805;-0.020975417;0.010697535
0.020418214;-0.010530333;0.0023080283
0.0147720715;-0.0037367668;-0.0044035777
0.021192657;1.3558661E-4;0.002727138
0.035704125;1.0846929E-4;0.027181711
0.03871955;0.0063367756;0.027995368
0.03097564;0.00506942;0.022396294
0.024780512;0.007180536;0.024167037
0.01591816;-0.027068071;-0.01816637
-0.037265472;-0.04352946;-0.014533097
-0.052468628;-0.036386065;-0.011626477
-0.024787402;-0.029108852;-0.015551182
-0.015923671;-0.012349582;-0.037440944
-0.024457688;0.019807834;-0.029952757
-0.0312849;0.042408768;-0.0052122055
-0.01174667;0.052677013;0.033330236
0.010133914;0.05932911;0.014164189
0.019825881;0.05527579;-0.0011686491
0.033048205;0.008283131;0.017815081
0.039719813;-0.004310995;0.014252065
0.02396335;-0.023761297;-0.0073483484
-0.001923069;-0.051821537;-0.012128679
-0.034350954;-0.04458223;-0.009702943
-0.040762015;0.0033967164;-0.0015123544
-0.04198461;0.024592374;-0.0012098835
-0.024212688;0.018111398;-0.019717908
-0.007651401;0.02855162;0.0154756745
0.003253879;0.040028796;0.03113054
0.010415603;0.039835535;0.0061544315
0.023957483;0.016243428;-0.0013264546
0.037915986;-0.016692758;-0.0010611637
0.024864038;-0.039916705;-0.007098931
-0.012921269;-0.042870864;0.019320855
-9.620151E-4;-0.04679669;-0.0032933159
-0.004675862;-0.023374854;-0.021384653
-0.0068656895;0.012550117;-0.010857722
-0.011742552;0.027227594;0.0038138223
-0.010956542;0.032719575;0.003051058
-0.008765233;0.026175661;0.0024408463
-0.0031059366;0.014690528;-0.010547323
0.0029840008;8.1492244E-4;-0.008437858
0.011762201;-0.024348062;-5.002867E-4
0.0055035106;-0.03666595;0.02459977
-0.0088784415;-0.05277026;-0.0053201835
-0.028196502;-0.081278704;-0.05425615
-0.018650953;-0.07752296;-0.04340492
0.0022667379;0.011419127;0.021526067
0.015094641;0.0341353;-0.0015291471
0.04645071;0.03824574;0.023776682
0.05669182;0.066534095;0.037771344
0.043790955;0.084477276;0.017717076
0.0022202646;0.05820682;0.020423662
-0.013848788;-0.0034345444;0.028838929
-0.02436028;-0.054310136;-0.014428857
-0.028863225;-0.08719811;-0.036543086
-0.02699683;-0.091633484;-0.029234469
-0.033316214;-0.06080679;-0.048387576
-0.030559221;-0.018957932;-0.03246006
-0.0010098767;0.009833654;0.005281952
0.037473347;0.06880442;0.022975562
0.014353679;0.08941854;0.03088045
0.011482943;0.087159835;0.03095436
0.016998855;0.044727866;0.024763487
0.0057865838;-0.011092708;-0.0051892097
0.025723018;-0.051061668;-0.04165137
-0.0059840865;-0.07522433;-0.020821095
-0.01650602;-0.06955446;-0.035406876
-0.009298566;-0.055643573;0.0029244996
0.0019361477;-0.0038898585;0.0148396
-0.003919832;0.059388112;0.03062168
-0.010948366;0.07251049;0.024497343
-0.014227442;0.059570894;0.013347875
0.0018992961;0.028906714;-0.0143217
0.013238187;0.007500371;-0.00520736
0.02777805;-0.028374704;0.002084112
-0.0051213102;-0.044574764;0.00791729
0.013090451;-0.03409731;0.025083832
0.010472361;-0.033527847;0.0075670653
-0.012715861;0.015365222;-0.018946348
-0.019547688;0.029479677;-0.0026570782
-0.009388151;0.025146242;-0.0021256625
-0.02547927;0.023241993;0.00454947
-0.0024146666;0.018593594;0.022389576
0.009005766;0.0039373757;-8.383392E-4
-0.0021703867;-0.0140376;0.0055793286
0.0060761906;-0.02841758;0.004463463
0.0064234524;0.0132034365;-0.0026792297
0.020763762;0.034000248;0.010356616
0.02051726;0.022512699;-0.016714707
-0.010929942;0.010197659;0.011628235
-0.015775204;0.0034706276;-0.0031974125
0.008473587;-0.019098498;-0.00255793
0.02006012;-0.051216297;-0.014546344
0.008235595;-0.048785537;-0.017887075
-0.012942773;-0.015590931;-0.02055966
-0.036916718;0.020339755;-0.0039477283
-0.008439625;0.036584303;0.028091818
0.02215455;-0.008232556;0.009973454
0.00209864;0.015288955;-0.0045212368
0.004022662;0.029418664;-0.0036169894
8.743796E-4;0.009472431;-0.0153935915
-0.0102379965;-2.345552E-4;1.8512676E-4
0.0027471029;-0.012687644;0.0063981013
-0.008739818;-0.019525114;-0.007381519
0.011758146;-0.020307593;-0.012155215
0.005500267;0.005628926;0.015275828
-0.016693536;-0.004871859;-2.7933766E-4
-0.032104827;0.021102512;-0.01272347
0.0024411366;0.02625701;0.021071224
0.019921659;0.04444311;0.03560698
0.013593578;0.018366987;0.009735583
0.016343612;0.016256088;0.014038467
0.02323114;-0.004182629;0.004980773
-0.0048525883;-0.029908603;-0.021015381
-0.00935082;-0.03486438;-0.010562305
-0.0059181564;-0.016954007;-0.008449844
-0.0047345255;-0.027625704;-0.019259876
-0.02253762;-0.009600564;-0.0154079
0.006969904;-0.012367951;-0.00607632
0.001669673;0.007293139;0.007638944
-0.0025705115;0.032397013;0.0061111553
-0.005962659;0.01654261;-0.0013610759
-0.0063326275;0.010109087;-0.0073388605
0.008215148;0.0018372699;-0.0058710887
0.015947118;-9.2684146E-5;0.0015531292
0.004945195;-0.009449148;0.019992502
-0.0093250945;-0.04505932;-0.0027559975
-0.020741325;-0.029797453;-0.002204798
-0.0048743105;-0.0019629635;0.029486163
0.03203805;0.0062421295;0.02358893
0.02563044;0.033118702;-0.018628856
-0.008401897;0.028057463;-0.014903085
-4.715175E-4;0.01150847;0.019327533
0.007435286;0.0092067765;-0.0032879745
-0.0057705212;-0.009822079;-0.015130379
-0.0030539169;-0.020357663;-0.024604304
-0.0063493834;-0.03659863;-0.025933443
0.002732993;-0.026153905;-0.020746754
-0.0032823554;-0.014673123;0.008402596
-0.008875884;0.014824001;0.031722076
-0.025850708;0.030609202;0.012877662
0.005881934;0.0010498607;0.0040521296
0.008611797;-0.0069726114;-0.0030082965
0.0029831878;-0.008703089;0.003843363
-0.0054259496;-0.0022749712;-0.01567531
0.01909674;0.010680023;-0.018790247
0.011371142;0.0069815186;-0.0025321983
0.0051906635;-0.006914785;0.0042242412
-0.009128719;-0.0039693285;0.0033793931
-0.015115475;0.026512038;0.027703514
0.01681387;0.02433463;0.022162812
0.013451096;-0.010219796;-0.013519751
-9.578733E-4;0.0043241633;-0.0295658
-0.023422549;0.011271831;0.0075973594
-0.003894289;0.0027674644;-0.006422112
-0.0031154312;0.0022139715;-0.00513769
-0.002492345;-0.009166323;0.014639848
0.008162374;-0.0073330584;-7.8812154E-4
-0.007532601;0.0035085534;-6.3049723E-4
-0.02321358;-0.005005657;0.0057456023
-0.012320864;-0.016504526;-0.014153518
0.015143309;-0.0053911204;0.0011771854
0.017583396;-0.0058753965;0.025941748
0.008597967;0.012487182;0.033253398
0.008440874;0.053739745;-0.010897281
0.02628395;0.046116795;0.022532174
0.0014959093;0.021268437;0.018025741
-0.017553272;-0.00486025;0.001920592
-0.010917618;-0.0148257;-0.035963528
0.0029846556;-0.02592306;-0.010020821
-0.0030810256;-0.017613448;0.016983343
-0.01808982;-0.020340757;-0.0051633255
0.012871894;-0.014710107;0.00836934
0.015766265;0.014794415;0.025445472
-6.682381E-4;0.029023033;-0.010893622
0.0033716594;0.021655925;0.003785102
0.0066035776;0.01419974;-0.009471918
0.005282862;0.011359792;-0.013827534
0.01360129;0.0059628338;-0.004812028
0.008537281;8.276703E-5;0.0024003778
-0.0025451747;-0.023371287;-0.023079697
0.0034326103;-0.02807203;0.0065362416
-0.016003912;9.798767E-4;-0.019771006
0.0043843705;0.0023464013;-0.0033168052
-0.009773754;0.026877122;0.016096557
-0.0062565026;0.012126697;0.019127244
0.023901047;0.012826358;-0.0034482044
0.017558338;0.032136086;0.009741437
-0.0031408295;7.088688E-4;0.0015431492
6.1233644E-4;-0.019745406;-0.011265481
-0.0049788808;0.007641176;-0.027762385
-7.6854674E-5;0.03267544;-0.022209907
-0.011780234;-0.014484648;0.007232074
7.32063E-4;-0.050650217;0.0120356595
0.011523151;-0.073332675;0.015878526
-0.00796898;-0.01491614;0.025202822
0.024093566;0.078692086;0.03891226
0.0403686;0.12701617;0.012379806
-0.009892617;0.054737937;-0.0025961553
-0.025101595;-0.04839715;-0.014576924
-5.5002526E-4;-0.06215522;-0.017911538
-4.400202E-4;-0.013786676;-0.014329231
-0.004258266;-0.021966841;0.013536614
0.0059683872;-0.003510973;0.0045792917
0.01102471;0.017503722;-0.040086567
-0.039617732;-0.0016220227;-0.019569254
-0.046537936;-0.0028601182;0.028094597
0.004957151;0.019586906;0.003725678
0.013340721;0.028169524;-0.022019457
0.025516327;-0.03683938;0.013634434
1.0056149E-4;-0.038846504;0.017157547
-0.0038258007;0.017360296;0.026226038
0.021158108;0.048263237;-0.00401917
0.028645238;0.04017309;-0.021965336
-0.02474006;0.018075971;-0.017572269
-0.029167049;-0.012101723;0.004692185
-0.019427389;-0.03468138;0.010003748
-0.01788566;-0.038682602;0.0017529984
0.0067852214;-0.012196082;0.013902399
0.026521927;0.040243134;0.011121919
0.013405042;0.024382008;-0.009852465
-0.029119717;-0.050806895;0.017118027
0.012641727;-0.021895515;-0.0050555775
0.02964463;0.05279609;-0.022794463
2.782051E-4;0.042236872;0.01301443
-0.0013399359;0.021289496;0.010411545
4.9055123E-4;0.043594096;-0.010420765
0.010548691;0.042687777;-0.008336612
0.0060952026;-0.05647478;0.024580711
-0.024030088;-0.08267982;0.063414566
0.01202593;0.04323114;-0.011768345
0.020558244;0.098647416;-0.034414675
-0.028865905;-0.025769569;-0.00878174
-0.013717724;-0.103428155;0.011724607
-0.0031616793;-0.0061800242;-0.003120314
-0.008779343;0.04349348;-0.014996251
7.8902533E-4;-0.008955215;5.0299894E-4
-0.0032750298;-0.050914172;0.006652399
-0.011995024;-0.009481338;0.01782192
-0.009596019;0.03772743;-0.0044924645
-0.0061143152;0.019244444;-0.0035939717
0.022452299;0.002895555;-0.015375177
0.031243088;0.013253944;0.025199858
0.01874447;0.016853156;0.0076598865
0.0017143264;0.022857524;0.0061279093
-0.0119097885;0.01516102;-0.0075976728
0.015472169;-0.026933685;0.0064218617
-0.0048097647;-0.030921947;-0.0073625105
-0.013222812;-0.005987558;3.5999162E-4
-0.031672;-1.0254649E-4;0.0065379934
-0.019868849;-0.006332037;-0.032269605
-0.0065200794;0.0027468703;-0.019565685
-0.0013098137;-0.0024900038;-0.0031525474
0.002858399;0.005820497;-0.002522038
-0.016463282;-0.0031561025;0.00423237
1.1062536E-4;0.008412618;0.0033858956
0.00555725;0.019230094;-0.009791284
0.0106958;0.012259075;0.010916973
7.441402E-4;-0.0073802397;-0.010016422
-0.0017484379;-0.018404191;0.004486863
0.019694999;-0.014723353;0.00983949
-0.0014315002;-0.008653683;-0.004628408
-0.0198952;-0.013172946;-0.016202725
-0.01825991;-0.016788356;-0.012962181
0.004923322;6.318145E-4;-0.004119745
0.011751157;0.025505451;-0.009545796
0.009400926;0.01727936;0.017363364
0.020801991;0.012260989;0.0076406905
0.027579093;0.005121291;0.031112552
-0.004499226;-0.003715467;0.012390042
-0.020786881;-0.032659873;-0.015087967
-0.020535754;-0.0214404;-0.012070373
-0.017991103;-0.017152319;0.0028437015
-0.026111633;-0.009034355;-0.003975039
-0.011514306;-9.774843E-4;-0.003180031
0.015788555;0.022655513;0.022455975
0.016537094;0.04312441;0.01171478
0.005417175;0.020437028;-0.0031281759
0.0027712402;0.030412123;-0.008752541
-0.004033008;0.021204699;0.0054979674
0.012398594;0.015401258;0.0106483735
0.0114813745;-0.0033039933;-0.0164813
0.01309135;-0.0042056944;-0.013185041
0.00500433;-0.014302055;0.039451968
-0.009277786;-0.020816645;-0.005938426
-0.009765979;-0.016653316;0.0014992591
-0.018750284;-0.018010153;0.013699408
0.011562274;-0.011283122;0.017209526
0.005343569;-0.0074639977;0.02001762
0.012087355;-0.0028461982;-0.008985903
-0.005955116;0.016473042;-0.019688724
0.010860907;0.033490933;-0.015750978
0.0125949755;0.054917745;0.037399217
0.0077322307;0.031434197;0.017419374
-0.014907965;1.4735782E-4;-0.004814501
-0.0056763724;-0.017069614;-0.016351601
-0.010791098;-0.02146819;-0.01933128
-0.0023828784;-0.054674555;-0.009215024
0.0035624474;-0.043739643;-0.026122019
0.006756208;-0.027179213;-0.014647616
0.021029966;0.004819129;-0.0054680924
0.001198973;0.035105303;0.020625526
-0.03341582;0.034334242;0.02275042
-0.0040764073;0.036842395;0.018200336
-0.0032611259;0.029473916;0.014560269
-0.013546401;0.03139163;-0.0071017845
-0.0038058704;0.011050805;5.685724E-4
8.615536E-4;-0.009909355;-0.018295143
6.8924285E-4;-0.018864984;-0.014636113
-0.031479854;-0.03852949;-0.005458891
-0.0064338846;-0.03238609;-0.0043671126
0.03157164;-0.016533872;0.00900631
0.019007314;0.003960402;0.0072050476
0.0191121;0.012543322;0.012014038
-0.0073665692;0.010034658;-0.0028887694
-0.008237005;0.008027726;0.010188985
-0.006589604;0.02673468;-0.0043488126
0.0064470666;-4.8725534E-4;-0.00347905
0.018438904;-0.0035148042;0.00346676
0.0053761224;0.026875656;0.002773408
-0.0128866015;0.004313025;0.0022187263
-0.015778031;-0.01217458;-0.004475019
6.588248E-4;-0.0034896638;0.008919985
-0.00572294;0.009708269;-0.005364012
0.016515398;0.0030791152;0.008208791
0.0061810683;0.019650793;-0.0059329676
0.008069854;0.020408133;0.014003626
0.010362133;-0.002423493;0.0237029
-0.010460293;0.012123706;0.01271232
-0.020086985;-0.015301036;-0.014830143
-0.016069587;-0.03724083;-0.030614115
0.00823808;-0.042292662;-0.011991292
0.001121714;-0.01977163;-0.015843034
-0.014727629;-0.012692304;-1.7442681E-4
-0.006313353;-0.0023413433;0.018610459
0.0051055676;0.024689425;-0.016361633
0.015021954;0.06037654;-5.893065E-4
0.018267563;0.03736373;0.049528554
0.0278953;0.053328484;0.033372846
0.0051287403;0.011412788;0.007948275
-0.0013657577;-0.025244769;1.0862005E-4
4.698939E-4;-0.038945816;-0.018663105
-0.012905335;-0.013969152;-0.0024304832
-0.0048555178;-0.011175321;0.0043056137
0.0023655856;0.0129347425;0.009694491
0.024548719;0.002535294;-0.017244408
0.017295225;-0.010471765;-0.038795527
-0.00491382;-0.006814912;-0.04353642
-0.017212305;-0.0070144297;-0.0035791367
-0.021582345;6.3845643E-4;-0.009113309
-0.009453376;-0.022926735;0.011459352
-0.011468951;-0.007403888;0.015417482
-0.02480016;0.011264389;-0.025166014
0.0012536215;-0.0019259882;-0.020132812
0.0127216475;0.01564671;0.0026437507
0.015646068;0.0015798676;-0.004134999
-0.006233146;-0.004986106;0.009192
4.822334E-4;0.0022611152;0.0261036
0.013667037;0.015871393;0.03963288
0.010933629;0.0080096135;4.5630426E-4
-0.012346846;-0.02796731;-0.0058849566
-0.0020649773;-0.019248847;-0.010957966
0.006160518;0.008038422;-0.027516373
-0.012259086;0.007993238;0.009236902
-0.0043385183;0.01264459;0.019889522
-0.008939564;0.017928172;0.0034116174
-0.014964152;-0.005969962;-0.009770706
-0.008065071;-0.018838469;0.004683435
0.010735443;-0.026008276;0.0037467482
0.004682104;-0.03799412;-0.015752602
0.0154644335;-0.041332796;-0.0126020815
-0.0048159533;-0.006503737;-0.003831665
-0.0077590127;0.01667201;0.015684668
0.0016052899;0.05083761;0.0062977346
-0.002622018;0.029732587;-0.026211813
0.009621136;0.009723569;-0.00846945
0.017071908;-0.007846145;-5.2556E-4
0.0113137765;-0.0015894157;0.018329551
0.0035822715;-0.0012715325;0.0021636416
0.016147068;-0.008829726;0.020480914
-0.015988596;-0.0039387806;0.0101347305
-0.012790877;0.0030989754;0.0018577845
0.0038297984;0.010291681;-0.0047637722
0.010095089;0.0051083444;-0.0038110178
0.004169821;-0.013100824;0.0032011857
0.0017733568;-0.02298066;-0.022439051
-0.007956315;0.011302972;-0.005451241
-0.018083801;0.034042377;0.020639008
-0.0011857913;0.024108902;0.010261206
0.012332617;0.019287122;0.0019589646
-0.0049776565;0.018554697;0.0078171715
-0.0024196252;-0.008593742;-0.0062462627
-0.00584195;-0.014687493;-0.0049970103
0.01485769;-0.046124995;0.008502392
1.6740191E-4;-0.025962496;0.0068019135
-0.0014285785;0.012042503;0.0054415306
-0.012861613;0.012759003;-0.0018967753
-0.01028929;-0.024167798;-0.02026742
0.0034873178;9.782617E-4;-0.028713936
-0.005022646;0.01797011;-0.004221149
0.014731883;0.044063587;0.015373081
0.006316757;0.01650087;0.024798464
0.0066159056;-0.013361804;0.013588772
-0.007988526;-0.0028769432;-0.014128983
-0.01967207;-0.027301555;-0.030053185
-0.0063626566;-0.031216243;-0.011542548
-0.026183875;-0.032785494;0.009515961
-0.026415851;-0.018415896;0.0076127686
-3.89301E-5;0.004017283;-1.5978502E-4
0.015593856;0.031338826;-0.025127828
0.0023188347;0.017258562;0.0048977374
0.015917568;-0.004943151;0.02266819
0.035390303;-0.005517021;-0.013115448
0.029874744;0.0033988834;0.014507642
0.022337295;0.021469107;0.0053561134
-0.016505165;-0.0015747147;-0.014465109
-0.030391632;-0.015322272;-0.030322088
-0.011032055;0.0018046827;-0.01800767
-0.016638145;0.021756247;-0.014406136
-0.025029264;0.012717497;0.019725092
0.015132838;-0.022638502;0.04078007
0.00976252;-0.010298302;-0.011125942
0.028903766;-0.012926142;-0.0026507534
0.030935513;0.013096587;0.004129397
-2.5158963E-4;0.010477269;-0.009196482
-0.013482521;0.022444315;0.0051428145
-0.014692267;0.0023304524;0.0041142516
-0.006285064;-0.023135638;0.003291401
-0.008934301;-0.015383511;0.0026331209
-0.0141786905;-0.021681808;-0.010393503
-0.017592954;-0.028282946;-0.0020648027
0.0031131378;-0.013251358;-0.001651842
0.01967801;-0.009038586;-0.0075714737
0.018086158;-0.0056683687;1.9282107E-4
0.0011876766;-0.001409695;0.006404257
0.0048563913;4.3474403E-4;-0.013626594
0.009353863;0.028472796;0.0015987244
0.01529559;0.046215735;0.020028979
-0.0033885278;0.026035089;0.022273183
-0.012085822;-0.002609429;-9.3145313E-4
-0.022949908;-0.011462543;-0.013245163
0.013671324;-0.024795035;-0.02934613
0.02656206;-0.029211028;0.007773096
0.009530897;-0.029618822;0.0062184767
-0.0072190324;-0.011195058;0.023724781
-0.009681475;0.025418954;0.012729825
-0.02493268;0.003147663;-0.02731614
-0.012914894;0.0040806304;0.015647087
-0.015800666;0.0110770045;1.767048E-5
6.407175E-4;0.010424104;-0.012485864
0.010668824;0.0099017825;0.015011309
7.225592E-4;0.006358926;0.018259047
0.006046797;0.005087141;-0.010392762
0.0126499375;0.010319713;-0.0020642097
0.0023074504;-0.02611923;0.004598632
0.0018459603;-0.020895384;0.0036789058
-8.5731794E-5;-0.027653808;-0.009556876
0.0054001645;-0.036185544;-0.0076455004
-0.015211118;-0.025823437;-0.0186164
-0.0020126447;-0.023783749;0.00385688
-0.0055163656;-0.0237145;-0.0031644963
-0.0083193425;0.010715901;0.0037184032
-0.026186723;0.04294772;-0.009525278
-0.010793129;0.046858177;-0.0013702221
7.404966E-4;0.012486541;-0.013596178
0.017779898;-0.019698268;-0.0046269423
0.04078642;0.0014288863;0.015048446
0.034972884;0.023018109;0.005788757
0.006884557;-0.012835513;-0.0016189944
-0.017929854;-0.0071434104;-0.013795195
-0.012000133;-0.0072772284;0.013963844
-2.251066E-4;-0.013634282;0.011171075
0.0052886647;-0.023407426;0.01518686
-0.023894068;-0.021850942;-0.012850512
-3.652546E-4;-0.0034182526;-0.01653041
0.009082796;0.005077898;-0.006974328
-0.007577513;0.005624818;6.705378E-4
-0.01387451;0.031062355;0.025536431
-0.007193358;0.034224883;0.020429144
0.0075265635;0.044567406;-0.0024066847
0.02164625;0.020028926;0.0043246523
0.02122325;-0.02616436;-0.015290278
-0.0236464;-0.031868987;-0.012232223
-0.02438587;-0.03955769;-0.022285778
-0.017946195;-0.03945865;-0.017828623
0.0012680434;0.009058079;-0.026762897
0.0025769346;0.008808963;0.0035896816
0.017686548;-0.0023278298;0.009121745
0.014149238;0.0012627362;0.013547396
0.0019443906;0.022885188;-0.001662083
-0.0023507376;0.04018315;-0.0013296664
0.00905691;0.02433402;-0.007313733
-0.009941972;0.011654717;-0.0058509866
-0.011859828;0.0077612735;0.0015692108
-0.007144112;0.024959018;0.013755369
0.01694096;0.009029715;0.011004295
0.0026152683;-0.017776228;-0.009946564
0.0020922145;-0.036095984;-0.007957251
-0.0061387285;-0.024189286;0.012384199
0.0029015173;-0.014663929;-0.008842641
-0.0093975365;-0.013293643;-8.241126E-4
-0.015330529;0.023740085;-0.0069092903
-0.008358173;0.020554569;0.019472567
-0.0012177886;-7.4384524E-4;0.009328054
0.013088269;-0.005282576;0.0012124435
0.004220615;-0.021413561;9.6995477E-4
0.012751493;-0.015568349;0.0070259636
0.012544944;-0.001517179;-6.2922895E-4
-0.009495295;3.487568E-4;-5.0338317E-4
-0.011502486;-0.013783495;-4.0270653E-4
-0.009201989;-0.017276796;-0.012822165
-0.0050178412;0.0033660636;-0.004007732
-0.0024517728;0.01831785;-0.0032061858
0.0019448318;0.04277928;0.009935051
0.0038996155;0.017035924;0.0141980415
0.025775943;-0.01449626;-0.019891568
0.0057770037;-0.011597008;-0.0034132537
-0.013347147;-0.0014651066;0.028519398
-0.008333967;-0.0011720853;0.010315518
0.008957826;0.006874832;-0.022997586
-0.0068962392;-0.0054376344;-0.0058980687
0.021826759;0.006587392;0.007781545
0.007305157;-0.011917586;0.024975237
-0.012905874;-0.02828407;-0.017519811
-0.0275122;0.005497745;-0.02026585
-0.02200976;0.013773195;0.0025373208
-0.016045308;0.018831057;0.008279856
-0.006586246;0.0056898454;0.006623885
0.015824754;0.0045518763;0.030299108
0.0142223025;0.008329001;0.017989287
0.013721592;0.020725701;-0.010608571
0.010977274;0.018143062;0.0040131435
0.0025318188;-0.016735552;0.0032105148
-0.0057870448;-0.02276344;-0.028681587
-0.015567136;-0.010398253;-0.01669527
0.004733791;-0.020818602;0.0053937836
0.003787033;-0.008842382;-0.008184973
-0.014157874;0.0038635945;-0.03779798
0.001954951;0.021840876;0.007261617
0.010938961;0.0221602;0.030809294
0.014219918;0.0114781605;0.018397436
0.023094686;0.012307528;0.002217948
-2.7425203E-4;-0.0026539774;0.020524358
-0.027563151;-0.008373182;-0.021080513
-0.02205052;-0.023886045;-0.02936441
0.009703333;-0.037858836;-0.010991529
0.0077626663;-0.022474568;-0.015043222
0.006210133;-0.007042155;-0.018284578
-0.0051881433;-0.0118837245;0.010372337
-0.022900514;0.0014305206;-0.0042021303
0.0043358384;0.018331917;-0.009611704
0.0097186705;0.025603034;0.017310636
0.046056185;0.029857427;0.026348509
0.007938699;0.025448442;0.021078808
-0.02411779;0.021921253;0.010613046
-0.033356734;-0.0012129976;-0.004009563
-0.014966636;-0.036907896;0.0030423494
0.007557941;-0.04046382;-0.022566121
-0.015047397;-0.022996055;-0.018052896
-0.025319168;-0.023084344;0.010557683
-0.009317834;-0.009092475;0.0021961464
0.009733233;-0.0010239801;-0.004493083
0.027317837;0.016368316;0.008905534
0.008573019;0.03809465;0.038374428
-0.004860335;0.04610072;0.011949542
0.009392982;0.024380578;-0.0029403667
0.0075143855;0.010129462;-0.008602293
0.015386509;-0.00439643;-0.019381834
0.010746707;-0.026954643;-0.021755468
-7.776345E-4;-0.020001216;-0.004904374
0.010315392;-0.008188472;0.0023265006
0.0012210639;-3.007778E-4;0.0081112
-0.005273149;-0.029928122;2.3896039E-4
-0.02921852;-0.017692497;-0.024808832
-0.0155623155;-0.0016539983;-0.013597066
0.014893898;0.025239302;-0.0046276525
0.013477618;0.04519144;0.015047878
0.0029695947;0.03302815;0.030788302
0.0023756756;0.04048502;0.005880642
0.01127554;0.029263018;0.023454513
0.016832933;0.009347915;1.3610902E-5
-0.011533654;-0.020646669;-0.018739112
-0.0068831732;-0.013392335;-0.014991289
0.0023059614;-0.010713868;5.0696876E-4
-0.013780231;0.0054914057;0.012905575
0.0046008155;0.032518126;0.03532446
-2.2559776E-4;0.0228895;-0.002990432
0.007632022;-0.0066884;-0.021142345
-0.017331883;-0.0022257203;0.0018361235
0.0033219939;0.006031924;0.0014688988
0.006563845;0.004825539;-0.011324881
0.0036885762;-0.0055145686;0.0034400953
0.004513361;-0.012224155;0.009002076
-0.005764311;-4.04324E-4;0.019701662
-0.004611449;-0.020635959;0.0032613287
-0.02087666;-0.049321268;-0.016140938
-0.033888828;-0.0035195139;-0.0066627497
0.0010139381;0.020621888;9.198003E-4
0.035967402;0.018060012;-0.011764159
0.022523921;0.03788551;0.021838672
0.018019136;0.030308407;0.017470937
0.008946559;0.007059226;0.02022675
-0.013936503;9.5988053E-4;-0.008818599
-0.0111492025;-0.016419595;-0.01955488
-0.0034506118;-0.042823177;-0.015643904
-0.0066667395;-0.040508542;-1.51231125E-5
-0.03189589;-0.040219333;-1.209849E-5
-0.016141713;-0.038425468;-0.018759679
-0.0027571206;-0.024490373;-0.008757743
0.0048255534;0.017907701;0.0054938057
0.024954192;0.037763663;0.0043950444
0.033244606;0.038023427;0.022266036
0.025033183;0.039793745;0.011562829
-0.0065359534;0.028709995;-0.028249737
-0.0013225126;-0.0035945044;0.01490021
0.00597324;-0.0075631035;0.005670168
0.003216092;-0.016987983;-0.026713865
0.0064791236;-0.0151528865;-0.021371093
-0.01591045;-0.04024731;0.020403126
-0.020540861;-0.027510347;0.0225725
-0.008620189;0.0014292223;-0.013191999
-0.018614901;-0.009794123;-0.010553599
0.0046393294;-0.007835298;-0.0021928796
0.016992714;0.021856762;0.029495696
-0.0035933293;0.03779791;-0.0014034429
-0.0013121634;0.03180083;-0.013622754
0.012231519;0.028565662;0.007851796
0.009785215;0.01191503;0.0062814374
0.011734422;-0.007655476;-0.0012248502
1.2537851E-5;-0.043624382;0.011520119
-0.0015524697;-0.019274505;-0.0095339045
-0.028585726;-0.027919604;-0.0013771233
-0.03614983;-0.002023183;0.0051483014
-0.0054823644;0.0046314537;-0.002131359
0.010457858;0.0037051628;-0.0017050871
0.010710036;0.02327663;-0.0076140696
-0.0054944707;0.010808804;-0.0060912557
0.0018544235;-0.013227956;-0.0048730047
-0.004766461;-0.0043323655;0.0023515963
-0.006938169;-0.023778392;-0.004368723
0.011636965;-0.0018352137;-0.0034949784
0.009309572;-0.012405671;0.0034540172
0.014478908;-0.027112037;0.009013214
0.017833127;-0.01700213;9.6057105E-4
-0.020108499;-0.013601704;-0.011731544
0.014381951;0.006306137;-0.0031352346
0.016974311;0.01754491;-0.0025081877
2.981984E-4;0.012473428;0.02924345
0.009613559;0.034978744;0.01089476
-0.009496653;0.004545494;-0.016284192
-0.015409823;-0.041676104;-0.013027353
-0.006077858;-0.06771588;-0.0041718828
6.0646364E-4;-0.046360206;-0.022087507
-0.022171078;-0.018338166;-0.017670006
-0.0028931133;0.016579468;-0.014136004
-0.0077832406;0.035138573;0.013691197
-0.0023203425;0.065610856;-0.0015470426
0.007518726;0.038426187;0.011262366
0.0021087308;0.036990948;0.015259893
0.029030735;-9.474012E-5;0.005957914
0.009162088;-0.0141382925;0.0047663315
0.01357967;-0.036310636;0.0038130651
-0.016480014;-0.013423507;-0.009449548
-0.005371511;0.011136195;0.0049403617
-0.021484708;0.021408955;0.0039522895
-0.005469017;0.0061896644;-0.02808817
0.012812287;-0.015360769;-0.009970535
0.0024373292;0.006461385;0.010773572
-0.0097688865;0.022356609;0.0023688576
-0.014846359;6.9778657E-4;0.0018950861
-0.022033338;0.0052457293;-0.0047339313
-4.3917002E-4;0.005759083;0.021212855
0.013711164;-0.011017733;0.010720284
-0.014031068;-0.015064186;0.0023262273
0.009868895;-0.022988848;-0.0043890183
-0.017104885;-0.019953579;-0.0035112146
0.0035035927;-0.0034628636;-0.0028089716
0.038740374;0.03629221;0.016502822
0.021617299;0.05715877;0.0069522583
-0.01708116;0.034789514;0.024311807
0.0019600715;0.04658161;0.019449444
-7.756927E-4;0.016952788;-0.0094404435
-0.004526804;-0.01768777;-0.020052355
-0.0012776933;-0.039150216;0.0027081158
-0.026022155;-0.04850767;-0.016583508
-0.0075364737;-0.029431138;-0.013266806
-0.006029179;-0.01573241;0.008136556
-0.012635843;0.018664071;-0.012240755
4.7575446E-5;0.027431257;-0.0097926045
0.01722556;0.018820006;-0.0015840837
0.017686699;0.018181005;-0.013767267
