0.008600749;-0.007683897;-0.0046511744
0.044380598;-0.053022116;0.00877906
0.04019198;-0.051792692;-0.011726752
-0.019408917;-0.032059155;-0.0031314013
-0.018652134;-0.0037723242;0.003744879
0.008515794;0.02823214;0.015495903
0.040406384;0.05071071;0.03739672
0.009668858;0.02806857;0.011167378
-0.031327415;0.016204856;-0.0035660977
-0.035999432;-0.015161115;-0.021602878
-0.030362045;-0.040253893;-0.011032303
-0.016477136;-0.044703115;-0.002575842
-0.0022442087;-0.029512491;-0.020810673
-0.033045366;-0.0017349928;-0.022898538
-0.0108112935;0.023612006;0.01918117
0.024163466;0.034514606;0.027844936
0.044330772;0.027611684;0.028525949
0.029214617;0.025214346;0.016570758
0.020246694;0.0076714777;0.007006607
0.025572356;-0.012612818;-0.019394714
0.033739135;-0.022590254;-0.021765772
0.019960057;-0.021197204;-0.004912617
-0.004344454;0.0049172374;-0.016430093
-0.033163063;-0.00544121;0.005605925
-0.01559295;0.020647032;0.01698474
0.0015881396;0.010267626;0.013587792
-0.012791988;0.0175891;-0.014129766
-0.033671092;0.00469628;0.0074461866
0.0027506275;-0.008742976;-2.930505E-4
6.3800195E-4;-0.01636938;-0.01273444
0.011447902;-0.0068455045;-0.010187552
0.0075958213;0.010148596;0.010599958
0.013889157;0.011243877;0.008479967
0.020486325;0.0058701015;-0.011966026
0.008576561;0.007821081;0.0029271785
0.016236247;0.012506865;-0.016408257
-0.0041985014;-0.018119508;-0.0068766056
-0.009608801;-0.008245606;0.0069987155
-0.002999541;-0.012846485;-0.0069010276
-0.025837133;-0.03840219;-0.024270821
-0.020669706;-0.01197175;-6.666577E-4
-0.008723265;0.021672599;-0.006783326
-0.008541112;0.026713079;0.013323339
-0.0052703894;0.011995464;0.004408671
-0.0026538116;0.009596371;0.003526937
-0.0021230492;-0.0048229033;0.009071549
0.02955156;-0.022608323;-0.0052427603
0.02364125;-0.021211658;-0.0041942084
-0.010774502;-0.016969327;-0.009605367
-0.013307101;-0.0010754612;0.017315706
0.0049793194;0.02101463;0.0013525654
8.584554E-4;0.032436706;0.013582053
0.010061764;-0.0021756361;0.035865642
0.0049244114;-0.026740508;0.016192513
-0.014810471;-0.024517408;-0.03079599
-9.1087667E-4;-0.010238926;-0.0058867913
-7.2870136E-4;-0.01131614;-0.017209433
0.010354539;-0.009052913;-0.013767546
-0.012028869;0.00213267;0.0014859628
-0.015873095;0.004831136;-0.011311229
-0.009573476;0.019489909;-0.009048983
-0.0045337807;0.031216927;-9.89187E-4
0.010435475;0.024973541;0.00545865
5.358803E-4;-0.0050211665;-0.0018830796
-0.007383796;-0.019641934;0.010993537
-0.0043445365;-0.028213548;0.002544829
0.03089937;-0.056945838;-0.022964137
0.023156997;-0.05180667;-0.01837131
-0.008036903;-0.016445335;-0.0021970475
-0.020492023;0.008718731;0.004492362
0.0054813824;0.031974986;0.02859389
0.027822606;0.04432999;0.010375111
0.012883085;0.03858899;0.014550089
-0.0037560323;0.0027461923;0.011640072
-0.015504826;-0.019678047;0.009312057
0.0016586393;-0.031367436;-0.011300354
-0.014298089;-0.02509395;-0.034040283
0.002624029;-0.0138251595;0.022767773
0.016161723;-0.0016851277;0.011964219
0.01917938;0.008026898;-0.002928625
-0.017468996;0.006421518;-0.0148429
-0.021787697;-0.010487786;-0.02437432
-0.0143051585;-0.017765228;-0.013249456
-5.066265E-4;-0.0017121827;-0.010599565
-0.005092801;0.008005254;0.010270348
-0.015011741;0.012654203;0.0019662785
-0.007321893;-0.0023766374;0.014073023
-0.0011700143;0.01372369;0.011258419
0.008438989;-0.007771048;-0.015993265
-0.002623809;-0.018716838;-0.019044612
0.0072759525;-0.00872347;-0.0152356895
0.002695762;-0.013228777;0.0065614483
5.9410976E-4;-0.010583022;0.0052491585
0.008287787;0.019658582;0.022949327
-0.00743227;0.0032268665;-3.9053857E-4
0.0034291842;0.0057064933;-0.019062432
0.012118347;-0.0016848055;-0.015249944
-0.0012428222;-0.0013478444;-0.005949956
0.0021307424;-0.0010782755;-0.0047599645
-0.009232906;-8.626204E-4;-0.016307972
-0.010511325;0.011809904;0.0057036225
-0.00372156;0.006322923;0.010812898
0.004835252;0.0050583384;0.014900318
0.008555702;0.010296671;0.0056702546
0.020907061;-0.0042626634;0.004536204
0.013600649;-0.022160131;0.0036289631
0.0030680192;-0.023978105;-0.01584683
-0.016295584;-0.019182485;-0.012677464
-5.364677E-4;-0.015345987;-0.003891971
0.007383326;0.01584821;0.0031364232
-0.0034683393;0.025178568;0.0025091385
-0.015274672;0.020142855;0.008257311
-0.015344737;0.012989284;-0.0058941515
0.0033492104;0.007266427;0.007784679
0.013616868;-0.028561858;-0.018772257
0.023393495;-0.029099487;-0.027517805
-0.0031602043;-0.03890459;-0.0032642444
-0.011903163;-0.021748671;0.009888604
0.013914969;0.007601063;0.014160884
0.006444475;0.01858085;0.017578706
0.01765558;0.03048968;-0.010937034
6.196424E-5;0.021266744;-0.0087496275
-0.0077629285;-0.020486604;0.005500298
3.9657116E-5;-0.025764285;0.010650238
-0.0015307743;-0.020611428;-0.003979809
-0.01997462;-0.022739142;-0.009433848
-0.005042196;-0.027566314;-0.007547078
0.008466244;-0.006428051;-0.018537663
-0.0026020051;0.01985756;-0.02733013
-0.006769104;2.610476E-4;0.003135896
0.0039597168;0.022083838;0.021258717
-0.010894727;0.02704207;0.0045069735
-0.0071532815;0.015383656;0.009855579
0.011464875;-0.018943075;-0.004615537
0.0076094;-0.03077946;-0.0036924295
0.00452502;-0.030873569;0.0032960563
-0.002629984;-0.009073854;-0.009863155
0.015083513;-0.010384084;0.017109476
0.01050431;-0.002057267;0.0074375807
-0.002534052;0.0046041864;-2.9993532E-4
-0.0020272415;-0.008816651;-2.3994826E-4
0.014003207;-8.033206E-4;-0.01894196
-0.009109935;0.0024823435;-0.002653567
-0.027600447;0.014485875;0.0041271467
-0.003330358;0.0022136997;0.009551717
0.012960713;0.02677096;0.0013913738
0.011931071;0.015166768;0.001113099
0.0017323566;-0.006616586;-0.0053595207
-0.007989115;-0.0021682684;0.0019623833
-0.015766291;-0.011109615;-0.017180093
0.010824467;-0.008887691;-0.026244074
0.0024095732;-0.010235153;0.010254741
-0.012134842;-0.011313123;0.014453792
-0.019082872;0.019074501;0.017813034
0.009733701;0.024634602;0.0142504275
0.012474461;9.5768116E-4;-0.013599658
0.005292069;-0.002358855;-0.017129727
0.016733656;0.007487916;0.011296218
8.8692416E-4;0.0028653326;0.002786975
-0.008665461;0.0054172664;-0.00402042
8.8013144E-4;-0.005041187;0.009283664
7.041052E-4;0.0022170504;0.007426931
5.6328415E-4;0.01114864;-0.012808455
0.0020131273;-4.5608776E-4;-0.003996764
-0.018701999;-0.01598987;0.0030525888
-0.016524099;-0.003416896;0.014942071
8.432212E-4;0.006641483;-5.463432E-4
0.024112077;0.0053131864;-0.0066870744
-0.0010228384;0.0042505492;9.003403E-4
-0.008630771;2.7543932E-4;-0.005529728
-0.014717117;0.028345352;-0.004423782
-0.011773693;0.022676282;0.015210974
0.023393545;0.015016025;0.01841878
0.015589836;-4.8718005E-4;0.008485024
-0.014090631;-0.012889744;5.380188E-4
-0.0018975048;-0.016561795;0.012930415
0.007856996;-0.022624437;-0.027155668
0.0015980969;-0.008724549;-0.027974535
0.0059659774;-0.006979639;0.008870373
0.004772782;0.010041289;8.46298E-4
0.0038182256;0.036158033;0.019427039
0.0014920805;0.010176425;0.009291631
0.009006164;0.0018911398;0.0074333046
0.0056424313;-0.017237088;-0.0065533565
0.020138945;-0.013789671;0.0010073149
0.006736156;-0.023531737;0.007055852
7.0142496E-4;-0.0032003892;0.030644681
0.00681114;0.02556469;-4.8425476E-4
-0.03361359;0.004826751;0.018362597
-0.02845337;-0.0211386;-0.004059923
-0.0055751964;0.023714121;-0.015747938
0.017414844;0.022096297;-0.0063483506
0.017056875;-0.013572963;0.0011713194
-0.009792001;-0.02960837;-0.0053129443
-0.0093961;-0.0018116962;-0.016750356
0.011233119;-0.0014493569;0.017849715
0.016798995;0.017590515;0.0142797725
-0.011560803;0.023447411;-0.001076182
-0.020186143;0.021882929;-0.019610945
-0.009898914;-0.0074936566;0.0030612436
-0.012606631;-0.0059949253;-0.0100510055
-0.002272805;-0.03292094;-0.0017908042
0.020056756;-0.007586752;-0.013932643
0.005107905;0.012680599;-0.023646114
-0.008413676;-0.0054805214;-1.6689174E-4
0.010456559;0.014365583;0.024866486
-0.015072253;0.033367466;0.0073931892
-0.013620302;0.020443972;0.005914551
0.009416258;0.01635518;-0.0015183588
0.0044080066;0.006834143;-0.019964688
-0.010536095;-0.013282686;0.0027782503
0.008758624;-0.0012511486;0.0084726
-0.0054931007;-0.01975092;0.00677808
0.02373052;-0.022050735;-8.275358E-4
2.344156E-4;-0.014515588;-0.006912029
0.0017500325;0.0040125297;0.006970377
-1.6247401E-4;-0.0030399763;0.011826302
-0.01419248;0.010068019;-0.015538959
0.0027085165;0.0111794155;0.006318833
-9.581867E-4;0.008943532;-0.0011949335
0.0023584506;0.0071548256;0.0052940533
0.02063676;-5.2613945E-4;0.016735243
0.0055719083;0.008954088;-0.011611806
0.0060200267;0.02591327;-0.0030394448
-0.0014339787;0.0051056165;0.022568444
-0.013647183;9.594933E-4;-6.9524464E-4
0.014082254;-0.008607405;-5.5619574E-4
0.001890803;-6.359243E-4;-0.012944956
-0.0047373576;0.0026162607;-0.010355965
0.007147614;-0.013531991;0.004215228
0.005718091;-0.007700593;-0.0028778177
-0.0063630273;-0.015535475;-0.014802254
0.0011595783;0.0031966204;0.013158197
-0.008447337;-5.6770374E-4;0.016776558
0.00261713;0.008920837;9.2124584E-4
0.009906204;0.0040116697;-0.018013004
0.0110499635;0.009459335;0.023089597
-0.01459753;-0.008057532;-0.006528322
-0.008553023;0.015428975;-0.0052226577
-0.0037174188;0.02171818;0.0020718738
0.011088565;0.017374543;0.014157499
0.008870852;-0.0017253648;0.005075999
0.0024091816;-0.020130292;0.0040607993
-0.018385155;-0.016104234;-0.009251361
0.0024793763;-3.8338682E-4;-0.0011510884
-0.001141499;-3.0670947E-4;0.0053291293
-0.010288199;0.027879633;0.016763303
0.012081941;0.009803706;9.1064273E-4
0.027634302;0.0047179647;7.285142E-4
0.004138692;0.010024372;0.013082812
-0.026376547;-0.010730502;-0.002033751
-0.003913737;-0.021084402;-0.0016270007
0.01405651;-0.010617522;0.0049483995
0.012807708;0.0040059825;0.0039587193
0.005558667;7.978615E-5;0.009416976
-0.0033655667;0.009438829;0.013783581
-0.0042549535;-0.008073937;-0.0139731355
-0.015903963;-0.03458415;-0.017428508
0.0013393299;-0.00891732;-0.020192808
-0.0051785363;0.011616144;-0.0036542455
0.002107171;0.0061679156;0.022076603
-0.003001763;0.0018093324;-0.013588717
0.008536089;-0.007927534;-0.042120975
-0.015046128;0.0124079725;-0.008696779
-0.0057869027;0.031801376;-7.0742314E-4
-0.006192022;0.019191103;0.024434062
0.016921382;-0.003397118;0.007047249
-0.0036503943;-0.024592694;0.011887799
0.011142185;-0.025924155;-0.0029897606
0.008913748;-0.026989324;-0.008641808
0.010255998;0.01278354;0.0055865534
-0.0027327014;0.010226833;0.0107192425
-6.2366115E-4;0.023806466;-0.003924606
-4.9892894E-4;0.019045172;-0.0031396847
0.008975857;0.024611138;0.022488251
0.0071806856;0.01968891;0.017990602
0.0026195485;0.015751129;0.0018924815
0.009908139;-0.009274097;-0.0047360146
1.1401097E-4;-0.016794277;0.008711188
-0.02647129;-0.029060422;-0.01803105
-0.018052032;-0.013873338;-0.02692484
-0.0081916265;-0.00797367;-0.009039871
0.012196699;0.015496064;0.011518103
0.006632359;0.03427185;0.015464482
-0.016569113;0.01804248;-1.284143E-4
-0.00388029;-0.004316015;0.024897268
0.015645768;-0.019077811;-0.0050821854
0.016422864;-0.02151225;-0.016565748
-0.0032679585;-0.0140848;0.011747401
-0.0041768667;-0.00814284;-0.0031020788
-0.018966494;-0.0065142717;-0.0024816631
0.0035768051;0.019788582;-0.0019853304
-0.0143260555;2.0586599E-4;-0.007838264
0.011976656;1.6469278E-4;-2.0611476E-5
0.0048938245;0.012631754;-0.006266489
-0.0054599405;0.0038554033;0.0012368086
3.1954754E-4;-0.0031656772;-0.011510553
-0.002869362;0.009967458;-0.015458442
-0.0054204897;-0.010776034;0.006383246
0.0066011082;-0.014870827;0.011356597
-0.0025316132;-0.0118966615;-0.0034147226
-0.0051502907;0.0061076707;-0.015231778
0.016192267;-0.010738864;-0.0059354226
-0.0042336863;-0.03046609;0.0015016621
-0.0049494486;-0.018122872;-0.02379867
-0.0055220593;0.013626702;-0.0065389364
-0.004417647;0.023401361;0.02601885
0.013653383;0.024971088;0.008315081
0.025766456;0.035601873;4.0206462E-4
-0.008293086;0.028481496;3.216517E-4
-0.006634468;0.013410198;0.012757322
9.4242534E-4;-0.008021842;-0.014794143
0.00700394;-0.022042474;0.0069146855
0.0071656522;-0.027008979;-7.1825145E-4
0.005732522;-0.027857183;0.0056753987
-0.0063514826;-0.0066607464;0.01704032
-0.019143686;0.019671403;0.0011322553
0.022966301;0.012612122;0.019655805
0.0144667905;0.019464698;-0.009275356
-0.011864067;0.0030717582;-0.0011702853
-0.015741253;-0.016292593;0.011563771
-0.015718004;-0.013034075;-0.009498983
0.0046130978;-0.01980226;-0.0013491861
0.006815478;0.015408192;0.023920652
-0.008610117;0.006076554;-0.012113479
-0.010013094;-0.001388757;-0.0034407834
-0.018947976;0.011388995;0.015997373
0.00827912;-0.0033888044;2.9789872E-4
-0.004314204;-0.008961043;-0.012261681
-0.015951363;-0.010293835;-0.009809345
-0.0018235906;-0.008235068;-0.020347476
0.0032286274;-3.3805432E-4;0.008722019
0.019770402;0.021604557;0.019477615
0.014253821;0.039158646;0.0093320925
-0.0042219427;0.040701915;-0.005034326
-0.0033775542;0.023186533;-0.0040274607
0.009797957;0.018549226;-0.021971969
0.0047133653;-0.003910619;-0.030077575
0.0037706923;-0.018753495;9.3794E-4
-0.014170947;-0.024377797;0.007000352
-0.005086757;-0.022627236;0.024350282
0.0053055943;0.013148211;-0.0055197747
0.0011194756;0.04489357;-0.01066582
0.03058308;0.020289855;0.047717344
0.040091466;0.016231883;0.025673876
0.014885671;0.019235507;0.0205391
-0.006841463;0.037263405;0.01018128
-0.01484817;0.023560725;-0.023104975
-0.011878536;0.01572358;2.6601934E-4
-0.012627829;0.025078863;0.0064628157
-0.003852263;0.01693809;0.017670253
-0.0015193105;-0.039574526;0.032886203
-0.010590448;-0.034784622;-0.023691038
-0.05378486;-0.024702698;-0.05020283
-0.044590387;-0.07913716;-0.027662264
-0.01848481;-0.097684726;0.009120189
0.04771215;-0.078147784;-0.03020385
0.03973222;-0.034393225;-0.011663079
0.026317028;-0.00563958;-0.021830464
-0.009415128;0.014238336;-0.017464371
-0.034094602;0.002015669;0.0047785034
-0.016338183;0.023487534;0.010072802
-0.033383045;0.03441503;-0.010691758
-0.029831436;0.011907022;-0.014803406
-0.016052648;-0.021724382;-0.0055927252
0.0074703805;-0.045504507;0.00802582
0.032538805;-0.036403604;0.006420656
0.024468543;-9.978836E-4;0.017636525
0.005512335;0.027326694;0.02660922
0.004409868;0.046861354;0.008787376
0.009777894;0.049989082;-0.0117200995
-0.021865185;0.033741266;-0.01562608
0.0043828525;0.017618014;0.018749136
0.019131282;0.004719411;0.01499931
0.0153050255;6.5052864E-4;-0.019250553
0.012244021;-0.002604577;-0.015400442
-0.0011422837;0.019791339;0.012679647
-0.005601327;0.012708071;0.035143718
0.020518938;0.0039164564;0.034364972
0.0171964;-0.015616835;-0.028758021
-0.0073366296;-0.028118467;-0.035506416
-0.0058693034;-0.028744774;-0.009655134
0.024210807;-0.04487082;0.023525894
0.0076498957;-0.023396656;-0.0061792852
-0.032942582;0.0062826755;-0.023693427
-0.016979067;0.048776142;-2.0474268E-4
0.0067292466;0.045270912;0.006086206
0.014758397;0.01434173;-0.0013810353
8.6921785E-4;-0.010401616;-0.0011048282
-0.036804624;-0.039571293;-8.838626E-4
-0.0028812005;-0.041032035;-0.02570709
0.014882539;-0.029700628;-0.008065672
0.007218532;-0.030010503;-0.012702538
-0.0020376747;-0.0240084;-0.0039120303
-0.012567639;0.0026682788;0.009370376
0.004008388;0.027134623;-0.0112537
0.01570671;0.015457698;0.0034970406
-0.0046221316;0.03111616;0.0027976325
-0.020885205;0.040517926;-0.004011894
-0.0010831642;0.019914342;-0.0032095152
-0.01649153;0.0096814735;-0.002567612
0.003994275;-0.0016298214;0.0104459105
7.0419934E-5;-0.026303858;0.008356729
-0.017131165;-0.030418085;0.0066853827
-0.021517431;-0.018084468;0.011598306
0.017161055;-0.0050925747;-0.0032213551
0.021541344;-9.4905985E-4;0.009922916
0.025826825;0.021115752;0.007938333
-0.01449479;0.007517602;-0.0123993335
0.007154168;-2.3591865E-4;-0.009919467
0.016660834;0.021686265;-0.0016855736
0.003953668;-0.010775988;0.02365154
-0.007774566;-0.02112079;0.006421233
0.018780347;-0.020021632;-0.0011130137
0.027524278;-0.0035173057;0.01785959
1.4442224E-4;3.1115534E-4;-0.010712328
-0.021759462;0.0033739242;-0.002319863
-0.020532569;0.0026991395;0.01689411
0.0054489444;-0.010340689;0.0010152877
0.027796656;-0.008272551;-0.00543777
0.015987324;-0.040993042;-0.0043502157
-0.018460141;-0.054669432;-0.047230173
-0.038205612;-0.012485546;-0.019034138
-0.02900199;0.03688656;-0.02772731
-0.009139092;0.05763425;0.02781815
-0.019811274;0.0398574;0.04725452
-0.03616152;0.01938592;0.012803617
-0.008616715;-0.015741264;-0.021007106
0.05638788;-0.01884301;-0.016805684
0.062297802;-0.02132441;-0.019694548
0.036556993;-0.004559527;0.0029943616
0.025339343;-0.05052262;-0.0038545108
0.025740225;-0.015418097;0.009416391
-5.015702E-4;0.028290521;0.0012831131
-0.024620006;0.03200742;0.013526491
-0.033758506;0.0068559344;0.023321193
-0.0754443;0.0023597474;-9.3046096E-5
-0.06816794;-0.0449872;-0.031324435
-0.035784356;-0.03598976;-0.02505955
-0.011439984;-0.01004181;-0.02629764
-0.006026987;-0.03303345;-0.008538112
0.01861591;-0.020176757;0.0056695105
0.049267728;-0.009891407;-0.0017143915
0.051132932;-0.0110381255;-0.013871513
0.042468846;5.444999E-4;0.0076527894
0.04335008;-0.0058144;-0.0063777682
0.019836312;0.0015984799;0.0011477852
2.4404924E-4;-0.011221216;0.019668229
-0.02949226;3.9802716E-4;-0.015515418
-0.062656306;0.022193423;0.006337666
-0.036062546;0.033379737;0.011320133
-0.021037538;0.0048287897;-0.015943894
0.0081699705;0.013238032;-2.5511498E-4
0.033879727;0.0074654254;-0.006454092
0.01382253;-0.009652659;0.0010867264
-0.0061294753;-0.023347128;0.0071193813
-0.0017785802;-0.018677702;0.005695505
-0.004547864;-0.0024421618;-0.014193596
-0.008325791;0.0011712706;-0.005104877
0.002714367;0.019687017;0.0021660984
-0.0040785065;-0.006125387;0.0017328789
0.007674695;-0.02052531;0.013886303
-1.10244146E-4;-0.016420247;-0.0013909575
-0.0047756955;-0.0037611981;-0.013612766
0.0024294436;-0.0092589585;-0.017140213
0.014443555;0.008217833;0.01128783
0.011554844;0.012824266;0.027780265
0.004556375;0.010259413;-0.002775789
-0.0104174;0.01758253;-0.014720631
-0.02395892;0.0046910243;-0.011776505
-0.005104636;-0.011872181;0.003078796
-0.008771209;-0.018872743;0.002463037
0.005483033;-0.018223196;-0.023029571
0.007511426;-0.036453556;-0.030923657
0.013821641;-0.035412844;-0.012238925
0.025901062;-0.009580276;0.01520886
0.0027521004;0.02358578;0.012167088
-0.00561082;0.015743623;0.00973367
0.014261344;0.0219699;0.014036937
-0.007340925;0.026950918;-0.007520451
-0.0043102396;0.005935735;0.012733639
0.01686431;0.014123588;0.022686912
0.0041164467;-0.016826129;0.005649529
-0.0013943427;-0.029085904;-0.039230376
-0.007365474;-0.004518723;-0.012634302
-0.013704879;-0.012989978;0.02114256
-0.010963904;-0.010391982;-0.0018359529
0.005291377;0.016686413;-0.0014687623
0.004233102;0.016474131;0.01757499
0.011198982;0.010054305;-0.004690008
-0.0051033148;0.004918444;0.0024979936
0.002167348;0.013309755;0.014498395
0.011108878;-0.011227196;-0.019651284
-4.8789722E-4;-0.012106757;0.0030289728
-3.9031776E-4;-0.015935406;0.0024231782
-0.0065622544;-0.012748324;-0.016811457
-0.0021248034;0.01480134;-9.4916596E-4
0.009237657;0.030591073;0.011740667
0.019890126;0.021347858;0.015642533
0.012787101;0.032703288;1.4027039E-5
-0.01477032;0.007412629;0.0062612216
-0.011816256;0.0028051033;0.0050089774
0.0030469955;-0.013380918;-0.014742818
0.008687597;-0.007579734;-0.018044254
-0.0039874227;-0.024813788;-0.0019354037
-0.007877438;-0.02610103;0.0047016772
-0.014114451;-0.017755823;-0.0024886583
0.0027709396;-0.004829659;-0.014490927
0.010029252;-0.016363727;9.0725865E-4
0.012710901;0.018159019;0.006975807
-0.013268779;0.036402214;-6.6935446E-4
-0.023115024;0.0041217715;-0.019285483
-0.009117018;0.0032974174;0.0033216132
0.002081385;-0.012987066;-0.02859271
-0.007709892;-0.004139653;0.0021258325
-0.013980414;-0.009561722;-0.0045493343
-0.004934331;-0.007649378;0.015110533
0.014802535;0.012630498;0.0058384263
0.014967028;-0.002395602;0.004670741
-0.0020888774;-0.0019164814;0.016236592
0.0014538981;0.007841815;4.892742E-4
0.0074131186;2.3451863E-5;-0.01835858
-0.006569505;-0.0156062385;-0.008436864
0.016619395;-0.006234991;0.030750507
0.010170517;-0.004987993;0.005850407
-0.0043635867;0.0022596058;-0.007819675
-0.01442837;0.020557685;0.0062442604
-6.0519547E-4;0.0070711477;-0.020004591
0.024515843;-5.930818E-4;-0.009753673
-0.0053873253;-0.009849465;0.017197061
-0.00899736;-0.017254572;-0.01749235
-0.019697888;-0.023178658;-0.020243881
-0.0048208106;-0.012292926;0.008804895
0.0055183517;-0.009834341;0.0070439163
0.0044146813;-0.017242473;-0.013114867
0.012906745;0.0112060215;0.014508107
-0.030299604;0.018339816;-0.019643515
-8.021832E-4;0.014671854;0.009285188
9.2075346E-4;-7.6251687E-4;0.03867815
0.0038616029;-6.100135E-4;-0.031557478
-0.017223218;-0.03173801;-0.018995984
-0.007528574;-0.022265408;-0.008946787
0.006477141;-0.017812327;-9.0742955E-4
0.034087963;-0.011124861;0.0055240565
0.01242662;0.0036001108;-0.0018307549
-0.002558704;0.03413009;-0.0014646039
-0.011421964;0.03355407;0.017578317
-0.0044500707;0.023718257;0.014062653
-4.3505646E-4;0.018974606;0.011250122
-0.009723045;0.024554685;-0.0097499015
-0.0015284361;-0.011606253;-0.0015499215
3.397511E-4;-0.021785002;0.011260062
-0.0012906991;-0.020553002;0.021508051
0.00834244;-0.0070674014;-0.0015435597
0.0066739526;-0.011903921;0.011265152
0.013151662;-0.003273137;-0.009737878
-0.011353671;-0.0151185095;-0.020290302
-0.013770436;-0.0058448077;-0.016232243
-0.01726635;0.020324154;-0.019235794
0.009624421;0.019384323;-0.009138635
0.021762036;0.02175746;0.011439092
0.031472128;0.0017809668;0.015401274
-0.009197297;-0.007950227;-1.7898108E-4
-0.0042328374;-0.006360181;0.0061068153
0.02395748;-0.026963145;0.0048854523
0.004322234;3.04484E-4;0.003908362
-0.013729713;2.435872E-4;-0.015623311
-0.02348377;0.0064448696;1.3514781E-6
-0.0015995161;0.014530896;-0.006248919
-0.015342113;0.024124717;0.026250865
2.2630968E-4;0.016174773;-0.003999308
-0.0045064525;0.0066898186;-0.0031994465
-0.0067301616;-8.981451E-4;0.022440443
-6.9662946E-4;-0.0132185165;0.017952355
0.010380196;-0.013699813;-0.010638117
-0.004195843;-0.0015848503;-0.008510494
-0.0033566742;-0.0012678802;-0.0068083946
0.009814661;0.002110696;0.019553285
0.014101729;0.026688557;-0.0031073724
-0.0043436172;0.027600845;0.003764102
0.010587607;0.006455676;0.0030112816
0.014720085;-0.001085459;-0.010090975
-0.005411432;0.008506632;0.01067722
-0.005891646;-0.0119446935;-0.003958224
0.017161684;-0.034555756;-0.0031665792
-3.331532E-4;-0.040144604;0.0037167368
-0.015891522;-0.028990684;0.0029733893
-0.006463218;-0.0044425465;0.014878712
-0.0020455744;0.037070964;0.024402969
0.00930104;0.05778177;-0.011727625
0.0011908324;0.030600416;-0.0156321
-0.017797334;-0.003644667;-0.0062556798
-0.012675367;-0.012290734;-0.005004544
7.972062E-4;-0.03170759;-0.022753635
0.0100127645;-0.03474107;-0.024452908
-0.016989788;-0.037167855;-0.019562326
-0.0073418305;-0.020359285;0.015600139
0.017564036;0.008712572;-0.012519889
0.0046762284;0.022595057;0.008734089
6.159828E-4;0.024326047;0.019487271
0.021586535;0.0038358371;0.009339817
-0.006949521;0.0030686697;-0.030028146
-0.0071221166;-0.022545064;0.0072274827
-0.0010101935;7.1394857E-4;-4.6801375E-4
0.013254345;0.01619616;-0.006624411
0.016853476;0.031706925;-0.024049528
-5.79719E-4;0.040990543;0.005760377
-0.009838775;0.017167434;0.0171083
-0.0016210201;0.0074839466;0.019936642
-0.0012968162;0.012237158;0.009699313
-0.005724953;-0.0058352742;0.0015094504
-0.020204963;-0.026543219;0.0012075603
-0.00522647;-0.052484576;9.660483E-4
0.005193824;-0.03573766;-0.0054771616
-0.01615744;-4.6512828E-4;0.0018682709
-0.009800953;0.024627898;0.007744617
0.012471738;0.029077318;0.0061956933
0.01153989;0.032636855;0.017456554
-0.0032680877;0.013609484;0.007715244
-0.0026144702;0.0108875865;0.006172195
-0.006779076;-0.0069149304;-0.001312244
0.003951739;-0.014906945;0.011450205
-0.010901108;-0.036925554;-0.0033398361
0.005341613;-0.023290444;-0.002671869
0.018335791;-0.024882356;-0.0021374952
0.0052936324;-0.010530884;-0.014209996
-0.014515094;0.013450293;-0.017617997
-0.010049575;0.010760234;-0.0015943975
0.0028978398;0.011733187;0.011224482
7.557718E-4;0.04376155;0.0027295856
0.011542117;0.01313424;0.027183669
0.013921194;0.0011323919;0.009246935
-0.0013630448;0.0134059135;-0.017602453
-0.002652936;0.0013497308;-0.007831962
0.0025651513;-0.0114202155;-1.5569392E-5
-0.012010379;-0.018511172;-0.025012456
-0.003358303;-0.042933937;-0.020009965
-0.0026866426;-0.03122215;-0.0035079715
-0.014649314;0.0093972795;0.015943622
0.02578055;0.023142824;0.019004898
0.015936939;0.04351426;0.027703919
-0.007562949;0.047311407;0.015913134
-0.007612859;0.025349125;0.012730508
0.0064097126;0.0015293006;-0.021065593
0.01997152;-0.01440156;-0.016852476
0.012070966;-0.024021247;-9.8198E-4
-0.027843228;-0.031717;-7.85584E-4
-0.008212082;-0.019123599;-0.0068784673
0.0074928347;0.0034511213;-0.011752774
0.0059942678;0.021510897;0.003097781
-0.0030170858;-0.0015412824;0.014978224
-0.0055386685;0.0018919741;0.01198258
-0.007555935;-0.0047364207;-0.009163936
-0.002919748;-0.0069141365;-0.013581149
-0.0038982984;0.01634369;-0.010864919
6.3613243E-6;-0.0025500474;0.0038080646
0.014067589;0.007334962;0.009296452
0.0034415713;0.01211797;0.0074371616
0.009003257;0.009694376;-3.0027088E-4
-0.0052973945;0.0077555007;0.018509783
-0.0073629157;-0.0094206;-0.0039421734
-0.010577832;-0.02316148;-0.021903738
-6.4976595E-4;0.0033458164;0.019977009
0.024480186;-0.012948347;0.0034816072
0.0133341495;-0.010358677;-0.009714714
-0.012770181;0.0073380577;-0.0077717714
-8.411441E-4;0.024620445;3.2582906E-5
0.017295836;0.022821357;0.0062760664
0.0052429177;0.021382086;-0.001229147
-0.0051806658;0.0046056686;0.011516683
-0.008832033;-0.005690465;0.002963346
-0.032065626;-0.007677372;-0.016379323
-0.005340001;-0.012391898;0.0056465412
0.0051029995;-0.009913518;0.004517233
0.0165824;-0.007930814;-0.0026362136
-0.008609081;0.012405348;-0.014608971
-6.3726434E-4;0.022424279;-0.0054371767
-5.098115E-4;-0.003935577;0.008150259
0.007404651;-2.3461633E-5;2.7020695E-4
0.0027987207;-0.012518769;-0.012283835
0.008488976;-0.0100150155;0.0026729323
5.411812E-4;-0.017387012;-0.004111654
0.011370445;-0.02015961;0.027960677
-2.7864403E-4;0.005747312;0.016118541
-0.011160416;-0.0016521503;-0.012105167
4.4666784E-4;-0.0013217203;-0.009684133
0.006607334;0.023942623;-0.007747307
-0.005651633;0.028529098;5.2154563E-5
0.012666194;0.02907328;0.006291724
-0.0023670448;0.013883623;0.017533379
-0.020643637;0.007981898;0.007776703
6.7259127E-4;-0.021739481;0.012471363
0.003663073;-0.033016585;0.02872709
0.010742959;-0.032663267;-0.020768328
-0.0054681334;-0.035505615;-0.010364663
-0.023124507;-0.025279492;-0.02079173
-0.023187105;0.004776407;-0.016633384
-0.0013621842;0.038196124;0.0054432927
-0.007339747;0.0399319;0.010604634
-0.010559298;0.06944552;0.0147337075
-0.011572438;0.061806418;0.024286967
0.017304549;0.027570132;-0.011820427
0.02790614;0.0064311065;0.015543658
0.022324912;-0.057355113;0.012434927
-0.02276507;-0.07400909;-0.0025520588
-0.029149557;-0.018582273;0.004208353
-0.009257145;-0.005490819;-0.015383317
0.014469284;0.011232345;-0.0060566543
0.006887927;0.030860877;0.0014046767
-0.0038646583;0.0246887;0.013623741
-0.020279227;0.010375961;-0.014101007
0.015026619;-0.0073242313;0.0074691945
0.032333795;-0.040234387;-0.012774644
0.008679536;-0.025937509;-0.041469716
-0.010243871;-0.027000006;-0.020675773
-0.020695098;0.0033999947;0.008459382
0.013131422;0.043344997;0.025517507
0.010505138;0.025300996;-0.010835996
-0.02284589;0.0358658;-0.0024187963
-0.02140171;0.003692638;0.023064964
-0.013996369;-0.02204589;0.0059519703
0.015365404;-0.023886712;0.011011576
0.024792323;-0.028484369;-0.022440739
0.007333859;-0.022787496;-0.017952591
-0.011320413;-0.024479996;0.0043879272
-0.0043688305;0.030416002;-0.008989658
-0.0066200644;0.030582802;-9.4172667E-4
0.011891449;0.021341242;0.005496619
0.012638159;0.042072993;0.023147294
-0.016451973;0.027408395;0.024767837
-0.008474078;-0.006198284;0.013564269
0.03618949;-0.026833627;-0.014148585
0.02035784;-0.027716901;-0.005068868
-0.018088728;-0.04092352;-0.016555095
-0.045720983;-0.038988817;-7.440755E-4
-0.010014286;0.0031839462;-0.0068452605
-0.0033239287;0.04317216;0.007023792
4.6585698E-4;0.040787727;0.011869034
-0.0058773146;0.02013018;0.015745226
-0.0015768516;0.028604144;0.0063461815
0.017488519;-0.008366684;0.0050769453
0.029615816;-0.025443347;0.010311556
0.023692653;-0.039104678;-0.016750755
-0.0044833785;-0.018783743;-0.025900604
-0.027024202;-0.011901994;-0.026970483
-0.009119363;-0.003271595;0.009673613
0.0020795104;0.0036327238;0.0077388906
-0.012398892;0.02165618;-5.888745E-5
-0.0021066135;0.017324943;0.02495289
-0.0032477907;-0.0017650453;-0.011287688
0.0036517675;0.007962964;-0.015280151
0.009171414;-0.015504629;-0.01222412
-0.01610037;-0.006153703;0.008970704
-0.0128802955;-0.0017979626;-0.011573437
0.033445764;-0.0014383701;0.01574125
0.020506611;0.011349304;0.025093
0.002342789;0.005954443;0.0013244003
-0.016875768;0.011013554;0.0010595202
0.011499385;-0.0036891564;0.019597616
0.0013870079;0.003298675;-0.021821907
0.007359606;0.00263894;-0.023707526
-0.0019248149;-0.016638849;-0.018966021
-0.009352352;-0.010186078;0.0035771835
-0.013731882;0.007476137;0.015361747
0.0062019946;0.034105908;0.024789397
0.020586595;0.014784728;0.007331518
-7.1822334E-4;0.024327783;0.012115214
0.0072379215;7.122258E-4;0.009692172
-0.011397163;-0.02755522;-0.004746263
-0.012242731;-0.034544174;-0.01629701
0.0011433157;-0.02138534;-0.019287609
-0.0068978476;-0.017108273;-0.0029300866
-0.0039557777;-0.010561618;-0.00859407
-3.9622355E-5;0.007175706;-0.0068752556
-3.1697884E-5;0.021365564;0.006999796
0.0046621417;0.038967453;0.024349837
0.0052922135;0.031173961;-0.011770131
0.02532752;0.009314169;-0.015666105
-0.0055192336;-0.014423665;-0.018782884
-0.013790387;-0.04903893;-0.008776307
-0.00790731;-0.036106147;-0.038271047
0.0092991525;-0.028884916;0.0068831635
0.007439322;-0.032482933;0.024256531
-0.0018610425;-0.010361346;0.0069052246
-0.0014888339;0.026085922;0.02427418
0.009746433;0.011493738;6.693438E-4
0.0046721464;0.02481999;0.013035475
-0.015012283;0.03860599;-0.00207162
-0.015134826;0.015259794;0.004592704
0.0050796387;-2.921648E-4;-0.008825837
-6.2378886E-4;-0.006483732;-0.0070606694
0.01668847;-0.014561986;0.013101464
-0.010086725;-0.008524588;0.010481171
-0.01431938;0.0025553294;0.020884937
-0.013018004;0.008294264;-0.02079205
0.019273097;-0.015239589;-0.03538364
0.018543478;-0.009066671;-0.009556912
0.005459782;-0.004128337;-0.0013955297
-0.014382174;-0.01580267;-0.0011164238
-0.01150574;-0.0063921358;-0.0133931395
0.011107909;-0.008238709;-0.016964512
0.0057613268;0.034034032;0.017678391
-0.007890939;0.030352227;0.020392712
0.024155999;0.024281781;0.01631417
0.010731049;0.006925425;-0.0056986636
-0.0070401607;-0.01633466;-0.010808931
-0.021257129;-0.028692728;0.0038528552
0.007994297;-0.0104541825;-0.0031677159
0.004832938;-0.008363346;-0.0025341727
0.0023038501;-0.006690677;-0.014527339
-0.0012819198;8.974586E-4;0.013378129
0.009911964;0.0038429669;0.016952503
0.004804571;-0.015675627;-0.005187997
-0.007093843;-0.015665501;-0.0041503976
-0.013487575;-3.2400956E-5;0.002929682
0.01420994;0.018724078;-0.0039062547
0.009805452;0.011854263;0.009374997
0.006281862;0.015733412;0.019999998
-0.01841201;0.01883673;0.009749997
0.008707891;-0.003680617;-0.004700002
0.010091313;-0.037319493;-0.0037600014
-0.010676949;-0.039230596;-0.009258001
-0.0069790594;-0.028259477;-0.026156401
-0.0024582476;-0.01323258;0.0040748795
0.012095902;0.011288935;-0.0029900966
-0.009073279;0.021531148;0.010107922
-0.0056961225;0.023474919;-0.016913662
-0.0014318982;0.015654935;-0.01353093
-0.023020519;0.006273948;-0.017074743
0.0018960851;-0.013730842;-0.0011597949
-0.0016081319;-0.029734673;-0.013427836
-0.009099006;-0.02691274;-0.004492269
-0.0041542044;-0.015280191;-0.003593815
0.0060516363;-0.009099153;0.015874948
1.5380917E-4;0.0083456775;-0.0123000415
0.0016855473;0.022301542;-0.009840033
-0.014276562;0.027216233;0.010877973
-0.0051712496;0.046772987;0.0024523786
0.011488;-0.0032066104;0.014461903
0.0045029004;-0.018190289;0.011569522
4.7732017E-4;-0.01142723;-0.028244382
0.009756856;-0.015391785;0.0024044942
0.024211735;-0.027938427;0.008173595
0.0029631378;-0.009850742;-0.0122111235
-0.0023169897;-0.007880594;0.008981101
-0.011228592;0.015570525;-0.011565119
-0.013670374;0.01558142;0.009497905
-0.014061299;0.018715136;0.026348324
-0.025311539;0.008722109;0.002328659
-0.017124232;0.010102687;-0.0043870728
0.012863115;0.011207149;0.008990342
0.0149779925;-0.00978428;9.422734E-4
0.016669894;-0.017202424;-0.030496182
0.021148415;-0.03251194;-0.005646945
-0.0018312681;-0.022884551;0.001732444
9.748554E-5;-0.015182641;0.0076359552
0.012577988;-0.024646113;0.006108764
-0.0071251094;0.01778311;0.0048870114
-0.005700087;0.029851487;0.02265961
-0.00456007;0.00825619;0.011877688
0.010414444;0.009729953;-0.01549785
0.008331555;0.010908961;-0.00614828
-0.019897256;0.0024771693;0.007581376
-0.020605305;-0.0011432645;-0.0064348993
0.0053907563;0.0084603885;-0.0051479195
0.009000105;0.01614331;-0.0041183354
9.50084E-4;-0.012085351;-0.009544669
7.600672E-4;-0.028418282;-0.020135734
-0.024391945;-0.016484626;-0.016108587
-0.011701057;-0.0038127;-3.8687023E-4
-0.0062358454;-0.00617516;0.018440504
-0.0018636765;0.026309872;-0.010247597
0.003196559;0.017922897;0.0043019224
0.022869747;0.023713319;0.003441538
0.028452048;0.028345654;0.01525323
0.015730388;0.022676524;0.005952584
0.02195931;0.015016219;0.023512067
-0.0089950515;-0.003612025;-0.012440346
-0.025946042;-0.03726462;-0.016202277
0.008930667;-0.039186697;-0.0067118215
-0.020980466;-0.021974357;-0.017869458
-0.032409374;0.0011705146;-0.020545566
-0.008739999;0.025936412;0.021063548
0.032070503;0.03637413;0.029350838
0.0256564;0.035349302;0.02348067
0.0064626206;0.0064044427;0.0062845363
-0.015142404;-0.013626446;0.005027629
-0.015238923;-0.0015261567;-0.008477896
-0.009066138;-0.026220925;-0.025532318
0.0052470895;-0.04285174;-0.001675854
0.0057601715;-0.028031392;-0.013840683
-0.004766863;-0.050550114;-0.017322546
-0.0038134903;-0.02794009;-0.020108037
-0.0030507923;0.015147927;0.0026635702
0.010059366;0.040243343;0.020880856
0.003359993;0.06656967;-0.008295315
-0.0019995056;0.05325574;0.012113748
-0.009412104;0.017604591;0.0034409983
0.006532816;0.007833673;-0.0034972013
0.028663753;-0.0062330617;0.022202238
-0.0067564975;-0.03936145;-9.882088E-4
-0.005405198;-0.05648916;-0.013290567
-0.004324158;-0.026441328;-0.004382454
0.0012281733;7.219379E-4;0.002744037
-5.7996134E-4;0.0037025504;-0.016554771
-0.0035889691;0.02171204;0.011756184
-0.013808675;0.03299463;0.021904947
0.0014530597;0.026395706;0.0050239577
0.0011624479;0.036741566;0.029019166
0.0024924583;0.020018252;-0.0017846671
0.022306466;3.8960134E-4;-0.0014277337
0.0037826733;-0.009063319;-0.019892188
-0.023536362;-0.032250654;-0.0096637495
-0.012579089;-0.022675524;-0.0014809996
0.007124229;-0.027515419;-0.0074348
0.022886883;-0.037637334;-0.01219784
-0.012940493;0.0011401316;0.008991729
-0.016602395;0.010287105;9.4338256E-4
0.0023430842;0.008229684;0.013254706
0.0018744672;0.0065837475;0.010603765
-0.0031879263;0.042767;0.0022330119
0.011512159;0.012338598;0.02053641
0.007647227;0.019245878;0.016429128
0.0061177816;0.015396703;0.013143302
2.0672544E-4;-0.0033076378;-0.0019853583
0.012665381;-0.02452111;-0.007838286
-0.0039301957;-0.05711689;-0.02502063
-0.0031441567;-0.04881851;-0.013766504
-0.010327825;-0.03280481;-0.023513203
-0.01919976;0.017506152;-0.006310562
0.0018276918;0.032754924;0.0012015502
0.0061496533;0.041828938;0.00721124
-0.013830277;0.04283815;0.018268991
-0.0032517218;0.04052052;0.008365193
0.008336122;0.010541417;-0.0120578455
0.026981398;-0.004066867;0.002853724
0.016897619;-0.025128493;0.014782979
0.0025805947;-0.035727795;-0.006923617
0.0036269757;-0.050457235;7.111067E-4
-0.01741092;-0.012240789;-0.018181115
-0.0014287354;-0.0066676307;0.004205108
0.014482012;0.019665895;0.0033640866
0.01002311;0.021982716;0.03394127
-0.0060440125;-0.001163827;-0.0040969844
-0.02671021;-9.3106163E-4;0.0029724124
-0.018243168;0.0023801506;0.02737793
0.022905465;0.014404121;0.003152344
0.024574373;0.008398296;-0.009978125
-0.006903002;-0.015156363;0.0170175
0.0022900985;-0.037125092;0.0011140001
0.0018320787;-0.039075073;-0.0241088
-0.009471837;-0.03438506;-0.02553704
-0.01851497;6.1695377E-4;-0.0079296315
-0.006999476;0.012993563;-0.012593705
0.024087919;0.02601985;0.008675035
0.016145336;0.03956588;0.013190028
0.0019787685;0.053527705;-0.008197977
-0.023416985;0.033447165;0.024691619
-0.0062335883;0.03300773;0.0072532943
0.012200629;-0.011093816;-0.006697364
0.011323003;-0.030750053;-0.0053578913
0.0043709027;-0.04647504;-0.004286313
0.0019342223;-0.037180033;-0.0034290506
-1.5122181E-5;-0.026619026;0.0035067596
-0.0046995976;0.013079778;-0.0034445922
-0.010009678;0.044838823;-0.009005674
-0.020507742;0.020246059;-0.007204539
-7.811941E-4;0.028696846;0.0129863685
-0.0037499552;0.022957478;0.004139095
1.250358E-4;0.005865982;0.009561276
0.009475029;-0.014057214;-0.0048509794
0.007580023;-0.029995771;-0.0038807834
0.024814019;-0.023996618;-0.0031046267
0.018288715;-0.019197294;-0.0024837013
0.011505972;-0.034107834;-0.001986961
-0.014232723;-0.005411268;-0.0015895689
-0.036386177;0.008170986;-0.032521654
-0.054108944;0.012786789;0.005232676
0.006712846;0.02897943;0.022936141
0.024120277;0.026308544;0.018348912
0.008358722;0.021046836;0.01467913
0.0019994772;0.0012124686;0.005493304
0.028943332;0.007219975;0.0043946435
0.027060915;-0.01922402;0.028515715
-0.0017887676;-0.040379215;-0.014687428
-0.012368514;-0.03542837;-0.030499943
-0.020832311;-0.025217699;-0.024399955
-0.011978349;-0.0076741586;-0.013269964
-0.0127076795;0.021985672;0.00813403
-0.017978644;0.04571354;0.0065072235
0.004367085;0.05844583;0.011455779
0.012868668;0.037381664;0.009164623
0.027482435;0.0111553315;0.032331698
0.029798448;-0.009825734;0.007115359
-0.021473741;-0.05161059;-0.006807713
0.0109460065;-0.05066347;-0.01169617
0.008756805;-0.031155776;-0.015606936
-0.005494556;0.006325379;0.006264451
-0.016895644;0.017560303;-0.013738439
-0.040079016;0.029673243;0.0015092486
