0.024348823;0.09696649;0.008774841
0.024947807;0.10569819;0.032019872
-0.012073004;0.08924605;0.006865898
-0.0057521528;0.040146843;-0.013257282
-0.006945472;-0.030382527;-0.004355825
-0.011025128;-0.08211852;-0.01598466
0.020086147;-0.10475732;-2.877281E-4
0.021537669;-0.080680855;-0.0064801825
0.007855135;-0.053607184;-0.017684147
-0.0069971425;-0.025698246;-0.032897316
-0.021222714;0.0528789;0.017432146
-0.018540671;0.11417812;0.038945716
-0.007801287;0.1038425;0.012406574
-0.0078035295;0.028386498;0.016175259
-0.015617823;0.0039591985;-0.005809793
0.01797449;-0.023395142;0.020352166
0.03312959;-0.059341114;0.010031733
0.021034924;-0.08497289;0.0017753862
-0.02145331;-0.06329081;-0.017329691
-0.0304439;-0.01938265;-0.020113753
-0.012636369;0.03918138;-0.0035910022
-0.014015345;0.0844701;-0.0028728019
-0.026837276;0.08163858;0.010201759
-0.009751071;0.040310867;0.033161405
0.028136643;0.027561193;0.026529126
0.035790566;-0.026388545;0.0024733003
0.02863245;-0.047673337;0.0019786402
0.013530961;-0.09126367;-0.042167086
0.005356019;-0.06832343;0.01001633
-0.019152684;-0.014033748;0.0017630638
-0.018447148;0.066898;0.007660451
-0.0038202181;0.0910184;0.012378361
-0.016337425;0.06187722;-0.015097312
-0.0013511897;0.03231428;0.012922151
0.013762798;-0.0022735787;-0.008412279
0.0094477385;-0.029943863;-0.012979823
0.0075581907;-0.02395509;-0.010383858
0.0060465527;-0.03478907;0.004192913
0.023587242;-0.06064376;-0.015395669
0.013401044;-0.06257751;0.018933464
-0.006466665;-0.015687006;0.021396771
-0.027829582;0.037450396;-0.007882583
-0.022263665;0.033085316;0.0061939335
-6.234325E-4;0.05303075;-0.001294853
0.008876254;0.058049604;-0.0010358824
0.007101003;0.03550218;-8.287059E-4
0.013493302;0.008089246;-0.006912965
0.0029821421;-0.018528603;7.196282E-4
0.010198214;-0.032010384;0.019325703
-0.007466429;-0.028733306;-0.0032894379
-0.017691894;-0.051111646;-0.00888155
-0.035247266;-0.061201815;-8.552403E-4
-0.021947812;-0.03958645;-0.013184193
-0.00974575;0.021455837;-0.010547354
0.0015784005;0.04685217;-0.020937882
0.012981471;0.053106736;0.020749694
0.038510177;0.029985389;0.029099755
0.012058141;-0.004136689;0.004529804
0.019021513;-1.8435107E-4;-0.002626157
-0.0019702897;-0.03452248;-0.0083509255
-0.0015762318;-0.043242984;-0.012930741
-0.0028234855;-0.017406888;-0.016594592
-0.0046025384;-0.01548801;-0.019525673
-0.007588281;-0.004577908;-0.003120539
-0.0115393745;0.0025876735;0.010003569
-0.013137749;0.013007639;0.008002855
0.0027710502;0.011968611;0.012652284
0.01784184;0.02988739;0.0038718272
0.006460972;0.009847411;-0.0031525383
0.005168778;0.0016279288;0.0037279695
-0.011489978;0.018489843;-0.028267624
-0.016223231;0.014791874;0.0086359
-0.009853586;-0.014729001;0.03190872
0.0038358814;-0.0024082004;-0.011973023
-0.006306295;-0.01598906;-0.009578419
4.2371408E-4;-0.04091625;0.004837265
-0.0012235288;-0.032732997;0.0038698118
0.012302427;0.022251101;0.009345849
0.009841941;0.03186338;-0.00502332
6.105329E-5;0.025490705;0.008481343
0.0023925926;0.0047675637;0.019285075
-0.008242176;-0.014935949;-0.00332194
-0.01362499;-0.019761259;-0.002657552
-0.014806243;-0.028309008;-0.014626042
0.005342506;-0.021084705;0.0070491666
0.005836505;0.012819735;-0.019360667
0.008575453;0.010255788;0.0032614667
0.008422863;0.02695463;-0.016140826
0.0012695404;0.0028137045;0.0058373385
-0.017734367;-0.024311537;-0.001580129
-0.014187494;-0.02257423;0.0112358965
-0.009787495;0.022565616;0.021488717
0.017170005;0.030552493;-0.007809026
0.030923503;-5.580053E-4;2.7791377E-6
0.0052075526;-0.017633904;-0.0062477766
-0.014583958;0.0030803767;0.0012517787
-0.011667167;-6.6069874E-4;-0.017748578
-0.007771233;-0.04584106;-0.020448862
0.028939264;-0.030422848;0.0086409105
0.0075264107;-0.014963278;-0.0055872714
-0.0033538714;0.020841878;0.014280183
-0.022214347;0.061986003;0.005174146
-0.017771477;0.0480263;-0.014610683
-0.010310932;0.0118585415;-0.024188546
0.014407504;0.009486834;-0.013100837
0.031057253;-0.0064730337;-0.01673067
0.019377053;-0.022365928;0.0053654644
-0.015748357;-0.03664274;0.016792372
-0.031348687;-0.030876692;0.019683897
-0.04226645;-0.054388855;-0.015502882
-0.011156909;-0.066948585;-0.0061523058
-0.008925527;-0.022308867;-0.0049218447
0.013953328;0.025902906;-0.010187476
0.020537663;0.020722326;-0.01439998
0.01877388;0.04314036;0.025980016
-0.021699646;0.09076229;0.027034013
-1.7221681E-4;0.06635983;0.00912721
0.040487226;0.010900364;-0.005198232
0.03785853;-0.06159221;0.008341414
-0.015806925;-0.049273767;-0.012076869
-0.03920804;-0.047231514;-0.022161495
-0.015741432;-0.072160214;-0.023979196
6.881044E-4;-0.04054067;0.012066644
0.021644233;0.028504966;0.0034033146
0.009502887;0.079053976;0.008972651
0.0036960593;0.10386818;0.032178123
0.027956847;0.07215704;0.025742497
0.027834227;0.015538134;0.0018439976
0.0074236323;-0.03131949;0.0077251983
-0.022967344;-0.079743095;-0.012569842
-0.018373875;-0.06535698;-0.028805872
-0.0029803503;-0.05541058;-0.010544699
-0.02347803;-0.028703464;-0.008435759
-0.013313674;0.009849728;-4.9860706E-4
-0.00830719;0.05162978;-0.012898886
-0.0035207514;0.055366326;0.008430892
0.01671465;0.04116806;0.025494713
0.01884047;0.011059449;0.0078957705
-0.0075838747;-0.03802744;0.012566617
-0.0310671;-0.038234454;-0.008696707
-0.01313493;-0.018087562;-0.013207366
0.010585806;-0.0019700497;0.008184108
0.027218645;0.00936146;0.019047286
0.013962416;-0.008135832;-0.003512171
0.011169933;-0.019008666;-0.021559738
-0.008251553;-0.0011444323;-0.017247789
-0.004257493;0.027209453;0.023701768
0.0075315055;0.018642563;0.012711415
-0.0010060455;-0.0069609494;-0.021080868
-0.014086086;0.01786874;0.0018853054
-0.008143869;0.008044993;0.0015082443
0.020828655;-0.006064006;-0.0050434046
-5.2457623E-4;-0.0095387045;-0.0040347236
-0.004325911;-0.017005963;-0.003227779
0.013726771;0.006707729;-0.008832223
0.003168917;0.014741183;0.036684223
-0.0029336165;-0.010082054;0.004347377
-7.8439317E-4;-0.006503143;-0.009022098
0.029841235;0.016672486;0.017782321
-0.0065957615;0.019587988;-0.004524143
-0.03027661;0.0031703908;0.008880686
-0.0140650375;-0.0099636875;-0.01789545
-0.00578328;-0.02515845;-0.020566361
-0.004626624;-0.03106426;-0.01645309
-0.0037012992;-0.024851408;-0.03816247
9.452107E-4;-0.008943627;0.013220023
0.0062249186;0.013157599;0.023076018
0.022167435;0.04333858;0.018460814
-0.003359802;0.067483366;0.021018652
0.012937158;0.05554919;-0.008185078
-0.016212773;0.0022518525;-0.006548063
-0.015313969;-0.026323518;0.0072615496
0.010405075;-0.049183816;-0.01294076
0.01223031;-0.058097053;-0.004102608
0.002752998;-0.054290142;0.009217913
-0.0040476015;-0.043432113;-0.0051256693
-0.0032380812;0.03869181;-0.010350536
-2.46715E-4;0.07314095;0.0042195716
0.001365128;0.07882526;0.015875658
-0.012189148;0.055247705;-0.0060494742
-0.026938818;0.005135665;-0.01733958
-4.5730447E-4;-0.008391468;-0.013871663
0.022290407;-0.009838174;0.007652669
0.024082325;-0.04380804;0.018622136
0.0020783602;-0.035046432;0.014897709
-0.010056062;-0.031162145;-0.006831833
-0.0103886;-0.017117215;-0.0054654665
0.0018453704;0.011306227;0.014377627
0.0030387964;0.035607483;0.011502101
0.007899787;0.033173487;0.015451681
-0.01399267;0.035913788;0.018611345
-0.0018191363;0.03029353;-0.0038609242
-0.001455309;0.024234824;-0.0030887392
0.019929502;0.00845036;0.016279008
0.012037353;0.0051977877;-0.0057267933
-0.016932618;-0.01302927;-0.017081434
0.0012976554;-0.018235916;-0.013665148
-0.016149376;-0.027088733;-0.017182117
-0.010575751;-0.041983485;-0.0012456945
-0.0029918505;-0.035149287;-0.013496555
0.0015127696;0.003130569;0.0017027556
0.016053965;0.041566957;0.0076122046
0.015186923;0.022316065;-1.6023645E-4
4.3078806E-4;0.030352851;0.024871811
-0.0012178696;-7.17719E-4;0.019897448
-0.018161796;0.005675825;-0.0028320411
0.0065643135;0.00610316;-0.008515633
0.005251451;-0.015429972;0.011937493
-0.0036113393;-0.020156479;0.0032999949
0.0049234284;-5.0018216E-4;-0.009860004
0.010969993;0.010537354;-0.014138003
0.0033072443;-0.033757616;-0.0050604027
-0.016104205;-0.012943593;-0.004048322
-0.016789613;0.0037076254;0.009261343
0.024849558;0.0170286;-0.011340926
0.0120671475;0.01674788;0.022177259
-0.0020650323;0.038398303;0.017741807
-0.014933276;0.027593642;0.0016934458
-0.0041341204;1.9991469E-4;0.0013547566
0.0060677035;-0.03890257;-0.011416195
0.018135414;-0.045184556;-0.0028829558
0.0066958303;-0.011147643;-0.0023063645
-0.0016745859;-0.0011056149;-0.03309509
-0.009152168;0.014740508;-0.020226073
-0.007321735;-0.0022700937;0.021319142
-0.0019511379;0.015371425;0.0108053135
0.00781409;0.02323464;0.014894251
0.011720022;0.018587712;-5.845996E-4
-0.024998983;8.0766965E-4;-0.01296768
-0.019999186;6.4613577E-4;0.008375856
0.014469401;0.019266909;0.012950685
0.021731772;-2.1147313E-4;0.03536055
0.0056666667;-0.03610668;-0.0029615615
-0.0071854168;-0.06794784;-0.008619249
0.0059704166;-0.076233275;-0.0318954
-0.0045986664;-0.04379912;-0.02551632
0.0056960667;8.982045E-4;-0.026663056
-0.014974397;0.049156062;-0.0150804445
-0.0057295174;0.08307485;4.3564438E-4
0.014166386;0.069584884;0.044098515
-0.005854391;0.060355406;0.029028812
-0.0046835127;0.032659322;0.00447305
-0.009215561;-0.026997542;-0.00267156
0.011377552;-0.07003553;-0.002137248
-0.009647959;-0.071653426;0.0045402017
-0.0061558667;-0.055760242;-0.0026178388
0.0067940564;-0.044608194;-0.027094271
-3.35048E-5;0.009625946;-0.021675417
-0.015651803;0.05613826;0.0076596667
-0.008615193;0.062098105;0.024877733
0.018107846;0.06374098;0.032402188
0.027767526;0.04943029;0.01342175
0.020651521;0.01298173;0.0107374
-0.0030100332;-0.020864615;-0.01016008
-0.014126777;-0.06512919;-0.020628065
-0.012863921;-0.06616586;-0.016502451
-0.006384887;-0.051370185;0.005548039
-0.009014159;-0.031721145;-0.020561568
-0.0017425776;0.0074355826;-0.016449256
-0.0029565622;0.059073467;0.011840596
0.00700975;0.07225877;0.0032224767
-0.0037671998;0.029682018;-0.0036720186
8.924902E-4;0.036245614;0.0033123852
0.011651492;-0.0038160083;-0.003600092
0.023383694;-0.038990308;-0.009130074
-0.004730545;-0.06556725;0.011445941
-0.001440686;-0.043078795;0.009156753
0.02697245;-8.8037E-5;-0.0051745977
0.010640461;-0.00944543;-0.004139678
-0.005550131;0.014318656;-0.009561743
-0.006002605;0.07082993;0.011100606
0.003010416;0.06916394;0.0026304848
-0.021029167;0.005331152;0.0021043879
-0.023854584;-0.025422579;0.02043351
-0.001896167;-0.025025563;-0.008653192
-0.0077669336;-0.01377045;-0.0069225533
-0.0062135467;-0.02195386;0.025711957
0.0028416624;-0.016000587;0.0080695655
0.01946083;-0.0018629705;0.0064556524
0.024943665;0.025072124;0.005164522
0.009017431;0.0294327;-0.008368382
9.6394494E-4;0.029796159;0.012055295
0.021864906;-0.0011630727;-0.0028557647
0.0065544248;-0.016555458;-0.021034611
-0.01585021;-7.4436655E-4;0.0019223106
-0.022836419;0.010342007;-0.0047121514
-0.023737885;0.0020236054;-0.010019721
0.0021034423;-0.015568616;-0.001765777
0.0016827539;-0.03432989;-0.0014126216
0.006814953;-0.018088914;0.017619902
0.0015457125;0.021466369;0.007845922
-3.2592998E-4;0.017173095;0.006276738
-0.005729494;0.019988475;-0.019978609
-0.012396095;0.017553281;-0.03473289
-0.017729376;-0.0031448754;-0.015286311
-0.006371001;-0.0197034;0.0065209516
3.7194925E-4;-0.03920022;0.023966761
0.02764131;-0.012610177;0.03167341
0.03305055;0.003974359;0.012838727
0.005346688;5.4487246E-5;0.022770982
-0.0183789;0.03598109;0.0057167853
-0.03814062;0.05534737;-0.020426571
0.0062062545;0.016152898;0.0086587425
0.035433754;-0.027702682;-0.005573006
0.041628253;-0.022162145;0.0017915954
-0.0026348978;0.0057077836;-0.017316723
-0.038826667;0.010816227;-0.007603379
-0.023248835;0.027402982;-0.012332703
0.011869682;0.048484884;-0.0036161626
0.022776997;0.016912907;0.04085707
0.045565348;-0.044282172;0.020185657
0.0059835273;-0.07136324;-0.021351475
-0.014744428;-0.05709059;-0.03583118
-0.011795542;-0.045672473;-0.028664945
-0.030530185;0.015024521;-0.010431956
-0.012705397;0.044832118;0.010404436
-0.004695568;0.060865693;0.014573549
-0.005318954;0.06588005;0.01790884
0.012932337;0.046454046;-0.0044229287
0.02753337;0.007475735;-0.0035383431
0.010307945;-0.059644412;0.0034193255
-0.008941144;-0.08834053;0.0027354604
-0.025902916;-0.11285993;-0.004061632
0.011308918;-0.060600437;-0.015749305
0.011390884;0.006207149;-0.018849444
-0.011981042;0.08465322;0.022420445
-0.030678583;0.106785074;0.0054363557
-0.0073553673;0.08074056;0.010599084
-0.005884294;0.03177995;0.014729268
0.004667565;-0.03395104;0.005533414
0.011546552;-0.059973333;-0.014323269
0.013143492;-0.054228667;-0.030208616
-0.0012039567;-0.048070434;8.3310803E-4
-0.012681915;-0.027518846;-0.018083513
-0.0062392824;-0.028265078;-0.02071681
0.0067273243;0.010200438;0.008426552
0.01710061;0.051910352;0.025491241
0.024617987;0.05402828;0.014142993
0.01578814;0.06822263;-0.0011856058
-0.010025738;0.040515598;-9.484846E-4
-0.03848934;-0.01602502;0.024241213
-0.0042289724;-0.051882517;0.013142969
0.002085572;-0.06963101;-0.033235624
-0.0155190425;-0.06039231;-0.0265885
-0.023352735;-0.049876347;-0.0150208
-0.001494687;-0.027401078;0.0067333602
0.01755425;0.03432914;0.024136689
0.0062309;0.06652581;0.0068093506
0.01670347;0.07353315;0.030447481
0.003987776;0.035389017;-6.4201554E-4
0.012565221;0.036123715;0.0057363873
0.016302178;-0.0070385286;-0.00791089
0.009135491;-0.035318322;0.006171288
-0.016129106;-0.053254656;-0.0013129696
-0.022278285;-0.042603727;-0.0073003755
0.0032711215;-0.03564548;4.0969948E-4
-0.0028518527;-0.026953885;-0.03092224
-0.021812731;-0.012188108;-0.018487792
-0.0096376855;0.019937014;0.010209766
-0.0022413987;0.062824614;0.014417813
-0.0017931189;0.058072187;0.0052842502
-0.006903245;0.04177025;0.0104774
-0.0016163461;0.011541201;-0.00411808
0.019800672;-0.028267039;0.015455537
0.03693429;-0.03823863;-0.006385571
-0.0071713193;-0.030590905;-0.017608456
-0.013549555;-0.011972724;-0.014086765
-0.016308395;0.04042182;-0.0050194124
-0.0013279654;0.065149955;0.00223447
0.0028438778;0.045869965;0.008037576
-0.018818649;0.008570972;-0.006069939
0.0036950817;-0.021268222;0.007644049
0.039674815;-0.05138958;0.03111524
0.035646103;-0.041111663;-1.0780884E-4
-0.0027331181;-0.0047643296;-0.006336247
-0.023280244;0.011813536;-0.017568998
-0.024092946;0.025075829;0.0046948018
-0.023180606;0.04037316;-0.0024941585
-0.0068257353;0.06042353;-0.008245327
0.009383162;0.026463825;0.018403739
0.0075065293;-0.011641441;-0.004027009
0.020067723;-0.023375653;-0.0032216073
0.001991679;-0.004638022;0.009922714
0.017218344;-0.022460418;-0.004561829
-0.0018503255;-0.055468336;0.0026005371
-0.01632401;-0.038124666;-0.0041695703
-0.0036842083;-0.013312234;-0.0033356564
-0.008416116;0.006537713;0.009831475
-0.012982894;0.027105171;-0.02338482
-0.0041363146;0.046684135;-0.006207856
-0.009559052;0.03734731;0.026283715
0.01579026;0.012690348;0.021026973
-6.490431E-4;-0.017972723;-0.0019284223
-5.192345E-4;-0.04562818;-0.014042738
-4.153876E-4;-0.059940044;-0.01748419
0.0012301899;-0.037014533;-0.013987352
-0.008390848;7.587298E-5;-0.0049398816
-0.010618929;0.023498198;-0.016451905
-0.0045888927;0.03442356;0.018088475
0.009610136;0.022851346;-0.0042792195
-0.007936891;0.026093578;-0.015923375
-0.007912013;-0.010375138;0.012261299
0.01632664;-0.03955011;0.01605904
0.041967563;-0.025390089;-0.005902768
-0.010175951;4.2937424E-7;-0.023472214
-0.0120470105;0.023437843;0.0062222285
0.020831142;0.032812774;0.011227783
0.0151024135;0.02781272;-0.003517774
-0.01526182;0.023812676;-0.02156422
-0.0083032055;-0.03563736;-0.0047513754
-0.008205065;-0.06600989;0.0024488997
0.0067171985;-0.04812041;-0.00429088
0.0030300089;-0.010371328;0.002817296
-0.016325993;0.010452937;0.021003837
-0.0036857943;0.03023735;0.010553069
0.010332614;0.04918988;0.0146924555
0.004359842;0.031539403;-7.460356E-4
0.009737873;0.009606523;-0.0068468284
0.013259049;-0.042314783;-0.005477463
0.031700987;-0.041664325;0.02686803
0.013642041;-0.03333146;-0.0035055762
-0.003930117;-0.0047901683;-0.02780446
-0.009394093;0.021167865;0.0027564312
-0.014546525;0.018496793;0.027205145
-0.01788722;0.024172435;-0.003235884
-0.008059776;0.036525447;0.022411292
-0.0048853206;0.0042203576;-0.0070709656
0.0015604934;-0.026311213;5.932274E-4
-0.0018766053;-0.025736472;0.019224582
0.015686216;-0.022151677;-0.015870335
-0.014794777;-0.0067838416;-0.025196267
-0.013398322;0.011760427;-0.007657014
-0.0052499077;-0.0030916585;1.2438875E-4
0.024706325;0.010026673;0.03759951
0.025233809;0.0142713385;0.01757961
0.0029995474;0.0036045709;-0.010936313
0.004743388;-0.022116343;-0.00874905
-0.009486539;0.011994425;-0.0069992403
-0.0075892317;0.00959554;-0.005599392
-0.0045088856;0.046738934;0.020520486
-0.0075133583;-0.015733855;0.003916389
-0.013823187;-0.04383708;-0.009366889
-0.0032460494;-0.039757166;-0.026243512
-2.5308947E-4;-0.028680732;-0.027244808
0.0052662785;-0.0041945865;-0.021795847
0.0018692728;-0.0033556693;-0.011186678
0.0038391682;-0.016747035;0.009800658
-0.016459916;0.0069148717;0.014090526
-0.0069179325;0.022719398;0.005022421
0.011653154;-0.016199483;0.004017937
0.009322523;-0.008272085;0.0032143495
0.028551769;0.019944832;0.00882148
0.011122665;0.050330866;-0.024192816
0.0034293819;0.040264692;-0.013104253
0.008212255;0.018149253;0.008266598
-0.0012426956;-0.0026680971;0.012863278
-0.0064629065;-0.044321977;-0.014709378
-0.0036078251;-0.046395082;-0.005517502
0.0010199898;-0.060553566;0.0018359984
-0.008559008;-0.025005352;-0.023531202
-0.012315957;0.003433218;0.006175039
-0.004384015;0.030871574;0.011190031
3.9903785E-4;0.06063476;0.033952024
0.01750673;0.048507806;0.020911619
-0.007088366;0.018493745;-0.014520704
-0.011139442;0.010107497;0.013383437
-0.0073490543;-0.0341015;0.01695675
0.017558256;-0.063218705;-0.011434601
0.014046606;-0.05213746;-0.01539768
-0.030950217;-0.02920997;-0.012318145
-0.020853922;-0.010867976;0.0026454846
-0.007308138;0.02411812;0.0021163877
0.0074347397;0.041169494;0.01419311
0.0036040416;0.028248096;-0.0011455119
-2.4176668E-4;0.016348477;-9.1640954E-4
0.0052753366;-0.0025462182;-0.031983126
-0.009060981;-0.028599475;0.005663498
0.013844965;-0.04787958;0.029530799
0.0048259725;-0.06642866;-0.02637536
0.014017028;-0.023455432;-0.008600289
0.008869872;0.020298155;0.011869769
0.009439648;0.080301024;0.003245815
-2.6078173E-4;0.08611582;0.002596652
-0.015833626;0.059517656;0.014577322
6.143497E-4;0.017926624;-0.025838142
0.01064773;-0.0200337;-0.020670515
0.0046119336;-0.03790196;0.027213588
0.005252047;-0.028759068;0.009270871
0.027639138;-0.041757256;-0.0113333035
-0.0013261898;-0.038093302;0.0034333575
-0.015904702;-0.019537143;0.0027466859
-0.032255013;-0.0046922145;-0.02905265
-0.01799151;-0.025628772;-0.010742121
-0.0011119574;0.020121982;0.010156304
-0.004795816;0.053597588;-0.016874958
-0.011649152;0.03194057;-0.013499966
-0.013225572;0.031802457;0.0079500275
-0.012142958;0.008254464;0.018860022
0.0059106336;-0.03402143;0.015088017
0.011759757;-0.086592145;-0.006679586
0.0055015557;-0.09739871;-0.030343669
-0.019817505;-0.06854397;-0.030524936
-0.051010255;-0.045460176;-0.024419948
-0.017370703;-0.0019931418;-0.0070359586
0.020478437;0.053092986;0.025621234
0.01794525;0.076849386;0.045496985
0.04169995;0.06616701;0.03014759
0.05992246;0.004496109;0.0053680716
0.05028172;-0.029215613;0.03554446
0.020694124;-0.06555999;0.0034355656
-0.03735095;-0.09151049;-0.041001547
-0.06425576;-0.08883339;-0.03905124
-0.039685857;-0.028879214;-0.03749099
-0.020029936;0.030021628;-0.029992793
-0.0050864494;0.047454804;0.013505766
0.01155584;0.06608884;0.017054614
0.0037759223;0.045058575;0.019893691
0.021770738;0.01573436;0.015914952
0.04788534;0.004774987;0.03773196
0.046120774;-0.02899251;0.011435569
-0.0013846322;-0.065381505;0.0028984556
-0.035482705;-0.056992706;-0.047681235
-0.028386164;0.0153433345;-0.025644988
-0.010990182;0.037274666;-0.008015991
0.017770356;0.031382233;0.0060872072
-0.010783716;0.032918286;-0.007630234
0.004654277;0.05289713;0.012645813
0.032629672;0.017317703;0.02886665
0.014384987;-0.018958338;-0.0019066798
0.0099454895;-0.03547917;-0.0015253439
-0.03188736;-0.033070836;-0.019970275
-0.014572387;-0.031144168;-0.00972622
-0.009314159;-0.015540334;0.017219024
0.0073924228;-0.004619768;0.013775219
-0.016742311;-0.024008315;-0.0077298246
-0.0188626;-0.0067066513;-0.01868386
0.015378671;-0.011615321;0.022552913
0.017771685;0.014145243;0.01179233
-0.002970151;0.022253694;-0.0030661363
-0.0023761208;0.027177956;-0.008702909
0.0035678535;0.056117363;0.0117876725
0.0051980326;0.05739389;-0.0030698618
-0.009122823;0.011540113;0.010044111
0.009889241;-0.006392909;0.0017852884
-0.0038073573;-0.034801826;-0.0048217694
0.018047864;-0.030966463;0.008642585
0.012875792;0.01116433;0.0069140675
0.004050633;0.0089314645;-0.013218746
0.020428006;0.014957671;0.0019250034
0.020248655;0.024466136;-0.010959998
0.0029176741;0.04613541;0.009982002
-0.02813461;0.013470828;-0.023264399
-0.0076639387;-0.029848337;-0.0061115185
0.01105635;-0.034816172;-0.004889215
-0.0020924206;-0.035665438;0.008588628
-0.029017687;-0.005094849;0.019370902
-0.016964149;0.034986623;0.002996722
0.022366181;0.038926795;-0.010102622
0.017892944;0.031141438;-0.008082098
0.014314355;0.06085065;0.024784321
-0.0033922654;0.05493052;0.044827458
0.014473688;0.025194416;0.0046119657
0.0076727;-0.007969467;-0.008810427
-0.01104934;-0.050125573;-0.025798341
0.021629278;-0.08697546;0.0043613263
0.0040221727;-0.082080364;-0.021510938
-0.035063513;-0.023476794;-0.02970875
-0.03351956;0.035906065;0.013733
-0.019784398;0.06622485;0.0297364
0.03026623;0.09204238;0.01753912
0.012494235;0.059571404;0.039031297
-0.0071921116;0.008594624;-2.4963538E-5
0.0044025606;-0.027499301;-0.012519971
-3.8420144E-4;-0.05949944;0.0024840233
0.0012551389;-0.069474556;0.014487219
-0.004464639;-0.030579641;-0.019660225
-0.0152904615;-0.055713713;-0.02197818
-0.020044869;0.0069915294;-0.030082544
-0.012129645;0.047780722;9.339648E-4
-3.287161E-4;0.04916208;0.006997172
0.017705778;0.025267163;0.0055977376
0.029008372;0.00458873;0.00447819
0.011487948;-0.0010165158;0.016082551
-0.001747142;-0.024250712;-0.01838396
0.007977286;-0.05377557;-0.020957166
0.018100578;-0.06333295;-0.016765734
0.0027617132;-0.035041366;-0.007162587
-0.017321879;0.014154408;-0.01823007
-0.020888753;0.036323525;0.010415944
0.0020389971;0.04155882;0.020832755
-0.0022750522;0.053559557;0.010416204
-0.0018200418;0.036597647;0.014582964
-0.009268533;0.012090617;0.005416371
0.008210173;-0.052827507;0.010583097
0.0026618885;-0.078199506;-0.016533522
-0.03380799;-0.043809604;-0.019476818
-0.03876514;-0.0069226837;-0.0093314545
0.004925387;0.011649353;0.011284837
0.03909656;0.04369448;0.02777787
0.035183497;0.072455585;0.0034722954
-0.014040702;0.04233947;0.009027836
-0.009670061;0.019809075;9.72269E-4
-0.0116423;-0.02790274;0.007027815
-0.02415759;-0.048884694;-0.013127748
-0.019326072;-0.046920255;-0.010502199
-0.0060858573;-0.039098702;-0.014651759
0.027162565;-0.045341462;-0.011721407
0.008448801;-0.01127317;-0.009377126
-0.015897209;0.034731463;-0.0262517
0.016188484;0.02778517;-0.00850136
0.031700786;0.026915638;0.018198911
0.0027043791;0.038720008;0.00830913
0.011538504;0.035663508;0.0066473037
-0.0063941972;0.016030807;0.011567843
-0.0051153577;-0.021550355;0.0030042743
-1.8603634E-4;-0.060990285;0.01490342
-1.4882907E-4;-0.048792228;-5.7726447E-4
0.0061309366;-0.034346282;-0.019211812
0.01584225;0.0022104746;-0.015369449
-6.074505E-4;0.04708088;0.0064544408
-0.01767346;0.045477204;0.017663553
-0.0047637685;0.067631766;0.007880842
0.013376486;0.038480412;0.018804673
0.0052324384;-0.009840672;0.008793739
-0.0051890495;-0.035997536;-0.011715009
-0.011963739;-0.033485528;-0.009372007
-0.013477242;-0.042413425;-0.019997606
-0.0053130435;-0.04643074;-0.015998084
-0.0058129346;-0.013707091;-2.9846764E-4
-0.004650348;0.017159328;0.031011226
-0.0037202782;0.034039963;-1.910193E-4
0.016555028;0.04754447;0.031097185
0.020275272;0.050535575;0.012377747
0.0029389677;0.02167846;-0.008847802
-0.012492576;-0.010782232;-0.013328241
-0.02718156;-0.028938286;-0.0044125933
0.029817251;-0.015338128;-0.0035300746
0.023853801;-0.048208002;-0.009074059
-0.0020107091;-0.0526289;-0.013509247
-0.011764817;0.0032093783;0.0016926018
-0.010974354;0.027567502;-0.011145919
0.024033017;0.007991502;0.016083265
0.0036014135;0.029830702;-0.018383387
0.010693631;0.02698956;-0.008456711
0.010117405;0.005966649;0.005734632
-0.022374826;0.01727332;-0.0016622946
-0.029618612;0.021631155;-0.0013298356
0.003648861;0.0032424242;0.023936132
0.0083878385;-0.01146856;0.006648905
0.009054021;-0.016987348;-0.013430876
-0.008381783;-0.0057773786;-0.0044947006
-0.012174176;0.003190597;0.008904239
0.018385658;-0.008385022;0.019623391
0.020958528;-0.012958018;-0.015551287
0.0050480715;-0.0056789145;5.8970596E-5
-0.026430292;0.03139437;0.012547176
-0.013331735;0.036052994;0.010037742
-0.007540387;0.024154896;-0.0044698073
0.00803019;-9.885833E-4;0.015174154
0.004080402;-0.025790866;0.024639323
0.0017018217;-0.026882693;-0.01778854
-0.0025447926;-0.015256154;-0.007980833
0.009682916;0.015920077;-1.3466638E-4
0.009308833;0.004923561;0.006142267
0.0074470663;-7.4865116E-4;0.023663813
-0.007323597;0.004088579;-0.02481895
-0.029296378;0.011083364;-0.007355159
-0.006249602;0.0104291905;0.012865872
0.0051565683;0.008343353;-0.014707302
2.1900464E-4;-0.016762817;0.0069841584
0.0017377037;-0.036847755;-6.6267326E-4
0.007640163;-0.009165703;-0.01928014
-0.01107537;-0.0151450625;-0.015424111
-0.016672796;0.0050714496;-0.012339288
-0.007869487;0.00718216;-0.009871431
0.0030794106;0.036995728;0.004602855
0.0024635287;0.029596582;0.0036822842
0.004314573;0.036177266;0.0154458275
-0.0027983417;0.016441813;-0.025143338
0.0040113265;-0.02747155;0.01738533
0.012584061;-0.02353974;0.03890826
6.9224904E-4;-0.0047692917;0.012376611
-0.011164951;-0.025690433;-0.0150987115
-0.0011194606;-0.037739847;-0.018328968
0.014729432;-0.030191878;-0.0021631753
-0.0022789547;-0.006966002;0.010769459
-0.008854413;0.016302198;0.014865568
0.010103969;0.03335426;0.005642454
-0.0130105745;0.028245907;-0.007986036
-0.0065022097;0.022596726;-0.01888883
0.029173233;0.025889881;0.009888937
0.038182337;-0.013663095;0.020411149
0.009452119;-0.039055478;-0.008671081
-0.030719556;-0.046869382;-0.019436864
-0.024575643;-0.014058005;-0.034299493
-0.009504265;0.023128595;-0.0024395932
0.0033340878;0.013815377;0.023048325
0.00501102;0.009489802;0.01218866
-0.0022411838;0.031029342;-0.0027490717
-0.0017929471;0.026385972;0.022800742
0.0048156423;0.016421279;0.011990594
0.0015087639;-0.018112978;-0.027907524
-0.0066054887;-0.012927881;0.01517398
-0.0068468913;-0.019717306;-0.031610817
-8.762896E-6;-0.031398844;-0.019038653
0.01014924;-0.015744075;0.009769077
-0.009068108;0.01865474;0.0015652623
-0.011160737;0.022736292;0.00750221
0.023102662;0.035376534;0.024751768
0.032544628;0.032988727;0.019801414
0.011973203;0.021703482;-0.009158868
-0.0037026878;-0.024824714;-0.0010770948
-0.010774651;-0.03235977;0.005388324
-0.0101822205;-0.0040128175;-0.02693934
-0.017520776;-0.026647754;-0.027801473
-0.01792287;-0.011943203;-0.009741178
-0.022150796;0.0045079375;0.0047070575
-0.0083456375;0.02235635;-0.008734354
0.01832349;0.01632258;-0.013237483
-9.6620794E-4;0.008370564;0.014410013
0.020320784;0.006696451;0.0115280105
0.002975377;-0.013392839;-0.015777592
0.0023803015;-0.0060267714;0.006127927
-0.0035645089;-0.036071416;0.011152342
0.002617143;-0.011669634;-0.016078128
-0.0018125356;-0.0030857068;-3.6250142E-4
-0.0030125284;0.022531435;0.012209998
-8.475228E-4;0.018025147;0.003517999
0.007134482;0.0034826181;0.0090644
-0.0036674147;0.019973595;0.013501519
-0.012308932;-0.018396124;-0.0016987844
-0.0059408955;-0.028779399;-0.0076090274
0.0022785338;-0.01208602;1.6277794E-4
-0.005208423;-0.014356316;-0.012369778
-0.008072988;-0.011485052;0.015104178
-9.896407E-4;0.0017494579;0.018333342
-0.0023542126;0.023274567;-0.010333326
-0.02297712;0.03580715;-0.02076666
0.002712054;0.017708223;0.0021366712
0.05373214;0.014166578;0.020459337
0.012516964;0.025395762;0.04136747
-0.011080178;0.01406661;0.020593977
-0.0073016426;-0.030934213;-0.0022748194
0.0035336858;-0.05287237;-0.033069856
0.012983198;-0.046985395;-0.013955885
0.004136559;-0.020400817;0.007585292
-0.006065753;8.668467E-4;-0.006431766
0.0029598977;6.934774E-4;-0.0113954125
0.0062741684;0.009929782;-0.01536633
0.0104880845;0.020443825;0.012706935
-0.0033282824;0.01791756;0.01641555
0.005149874;0.025271548;0.006882439
0.006463649;0.0077172387;0.011755951
-0.012797831;-0.02195121;0.003154761
-0.007894514;-0.0066234674;-0.009976191
-0.015690612;-0.019361274;-0.014230953
0.0022912608;-0.012364019;0.0073652375
-0.0020732414;0.0104212845;-0.01285781
-0.0055648433;0.009899528;0.0022137521
0.009610626;0.015732123;-0.023229
-0.0040302495;0.018835697;-0.006083199
0.0061508003;-5.564418E-4;0.007633441
0.016639391;0.0042423466;-0.0063932473
0.021124013;0.017456377;0.026135402
-0.01591329;-0.017284898;0.002158322
-0.016636882;-0.03882792;-0.010773342
0.010127994;-0.054499835;-0.008618674
0.011227395;-0.023287367;-0.01939494
0.0058569163;0.021995105;-0.021765951
-0.026564468;0.025408585;0.020087238
-0.021251574;0.040639367;0.022319792
-0.0052825087;0.037198994;0.017855832
0.016867744;0.023509195;0.0017846663
0.015056694;0.026619855;0.0014277331
0.0026703554;-0.002141615;0.032392185
0.0044800346;-0.018900791;0.007163749
0.0051465277;-0.066683136;-0.025519
0.008023472;-0.06897151;-0.0454152
9.500276E-4;-0.042677205;-0.0050821602
-0.013302478;2.332356E-4;0.008434271
-0.012204482;0.048624087;4.9741735E-4
-0.0019510859;0.06702427;0.019147934
-0.0054671187;0.06299441;0.015318347
-0.012186195;0.037895534;-2.4532233E-4
0.013688544;0.020941427;0.018553741
0.012513335;-0.012934359;-0.010157006
0.019385668;-0.058784988;-0.008125605
-0.011053965;-0.05796549;-0.025250483
-0.012749422;-0.05574739;-0.0077003874
-0.006293288;-0.027410414;8.969022E-5
-0.00503463;-0.0016158307;-0.0061782477
-0.007933955;0.031519834;0.0013074017
-0.010253414;0.05021587;0.0072959214
-0.008202731;0.058922693;-4.132629E-4
0.0067190654;0.037763156;0.01216939
0.017094003;0.0036480245;0.015985511
0.015237702;-0.02833158;2.884094E-4
0.0067214114;-0.038290266;-0.018519273
0.0038146293;-0.04156971;-0.008565418
0.0046142032;-0.025443269;0.011897665
-0.021308638;-0.007854615;0.0032681325
-0.01470316;0.031216308;-0.022385495
-0.023481278;0.023410546;-0.017908394
0.014027477;0.018728437;-0.0018267161
0.029971981;-0.010017251;0.023538627
0.005227586;-0.0158263;8.090166E-5
-0.009880431;0.0029639597;0.0063147214
-0.007904345;0.0023711678;0.005051777
-0.013354726;0.0050219344;0.029041423
-0.005215031;0.019642547;0.016983137
0.018484225;0.036026537;0.01983651
0.01869363;0.01632123;0.003369208
0.021204904;-0.027568016;-0.009804633
0.0068076733;-0.028304413;-0.026593708
-0.03596011;-0.01014353;-0.015024966
-0.01783059;-0.008114824;-0.024519973
0.022454279;0.0028831407;0.011634022
-0.003130327;-0.0070684873;0.0030572177
-0.018129261;0.02872021;0.008695774
-0.0082534095;0.030788668;-0.011793381
0.0027722726;0.0074434346;0.0030652955
0.031124068;-0.0049827523;0.014952237
0.026461754;0.010076298;0.011961789
7.565356E-5;-0.009126461;0.0033194313
-0.018689478;-0.008863669;-0.022344455
-0.025107833;0.013221565;-0.055375565
-0.023992516;-3.6024832E-4;-0.013050451
3.372377E-4;-0.015913198;0.03955964
0.03464479;0.006019441;0.006647711
0.008965832;0.017315554;0.005318169
-0.0045460844;0.007602442;0.016754536
0.0041756327;-0.011105546;0.025903627
-0.004471994;-0.024509437;-0.0042770975
0.009703655;-0.0071075493;-0.03467168
-0.013330827;5.6396035E-4;-0.0027373424
-0.029414661;4.5116828E-4;0.004060126
-0.010250479;-0.004326565;-0.028001899
-0.001169133;-0.0018987523;-0.0036515193
0.013127194;0.032856;0.009578785
0.037064254;0.018472299;0.007663028
0.041370153;-0.0024096612;0.031130422
0.0096586235;-0.01755273;0.018654337
-0.026648102;2.0316847E-5;0.0024234701
-0.0041309814;0.009391254;0.008188776
0.0060702153;-0.0081119975;3.010209E-4
0.0017311721;-0.015864598;-0.018509183
-0.018146312;0.006058322;-0.014807346
-0.00514205;0.007971657;-0.011845877
-0.00567614;-0.013935174;0.009273298
-0.0107909115;-0.006460639;0.0074186386
-0.0062889797;0.0026439887;-0.01906509
-0.026124934;0.005240191;-0.021502072
0.004100053;0.005754653;0.007798343
0.025936292;-0.012583778;0.031238675
0.024655284;-6.9202227E-4;0.012490939
0.0119117275;0.0056963824;-0.0025072484
-0.0076581184;0.010807105;-0.0020057987
-0.032688994;0.011770684;0.023395361
-0.018338695;-0.03589595;-0.03753371
-0.0052959565;-0.024029262;0.01997303
0.022325736;-0.00828591;0.0034784249
0.024110587;0.013683773;-0.02221726
-0.00414903;0.003134518;-0.024023809
0.0029307762;-6.1738567E-4;-4.6904647E-4
-0.001561629;0.0026310915;0.012124763
0.013594447;0.017729873;0.01594981
-0.010218193;0.037621398;-0.018490152
-0.019112054;0.017597118;-0.0022921215
-0.0020083932;0.001577695;-0.008083697
-0.0055129644;-0.015925344;0.012283042
-0.0028478717;0.009134725;-0.002673566
-0.007747047;-0.00519222;0.016611148
0.0016148621;-0.036966275;0.007038918
0.02629189;-0.028010521;0.0118811345
0.0093147615;-0.022408416;-0.015495093
-0.01911069;0.0039482666;-0.0061460743
-0.009819803;0.029721113;-0.0049168593
-4.334198E-5;0.012839391;-0.0039334875
0.0077778264;0.0071465126;0.00935321
-2.7738866E-5;-0.01147029;0.013732568
-0.010959691;-0.035738733;-0.020263946
-0.020486502;-0.009840986;0.0025388435
0.019548297;0.014002211;0.008281074
0.048451137;0.004951769;0.0066248598
0.008292161;0.011773915;0.005299888
-0.019928772;0.018794132;-0.0020100896
-0.015943017;-5.8969413E-4;-0.0016080717
0.0020893363;-0.020784255;-0.0012864574
0.013390219;0.014622596;0.005220834
-0.012725325;0.014823076;-0.0020733327
-0.01721151;0.018108461;-0.0079086665
0.0034182922;0.017611768;0.012423067
0.034765884;0.007839415;-0.0025615464
0.03562521;-0.03747847;0.004200763
-0.0058748345;-0.051857773;0.00961061
-0.025793618;-0.03054872;-0.011061512
-0.035478644;-0.016626475;-0.008849209
-0.030726666;0.01951132;0.0054206327
-0.011300082;0.053109057;-0.008163494
-0.009040066;0.036237244;0.005969205
0.008392948;0.027427295;-0.0077246362
0.027808107;0.0063168365;-0.018679708
0.012871486;-0.005884031;-0.014943767
0.002484689;0.006230275;0.0067949863
0.009800252;-0.02939078;0.0054359892
0.013308951;-0.031325124;-0.0019012088
0.0028346607;-0.0219351;0.010979033
-0.0032010213;-3.605792E-4;0.015033226
0.002907933;-0.0018509633;0.005776581
-0.0015799036;0.007894229;-0.007878735
0.004986077;-0.009309617;0.012447012
-0.015542388;0.017552307;-0.0025423905
-0.0030589106;0.059354346;0.0042160875
0.014740371;0.038108476;0.02212287
0.014136047;-0.005450719;0.005198296
-0.009784913;-0.016860574;-0.014591363
-0.0039216797;-0.03536346;-0.0054230904
-0.0015748439;-0.03766577;-0.0043384726
0.015927626;-0.050445113;-0.022220777
0.01664835;-0.043481093;-0.024026623
-0.00933757;0.0011526267;-4.7129788E-4
0.009717444;0.0493596;0.03712296
0.0077739554;0.06292518;0.023448369
-0.026593335;0.030027645;0.037508696
-0.013462169;-0.0025403842;0.0112569565
-0.0029572349;0.0057801926;-0.015994435
-0.006272038;-0.004750846;-0.03154555
-0.0050176303;-0.0038006767;-0.025236439
0.0014546457;-0.03585304;-0.0014391507
-0.0043050335;-0.036494933;0.01759868
-0.024537778;-0.019820947;-0.0046710563
-0.011817722;0.004455743;-0.009986845
0.009295823;0.023877094;0.017010523
0.01915541;0.017539175;0.01985842
0.009855577;0.01715634;-0.015363265
0.0039782114;-0.0034624278;2.0938824E-4
-0.02025493;-0.0043324423;-0.01233249
-0.008391445;-0.0019034537;-0.009865992
0.0026618442;-0.006210263;-0.007892793
0.004473225;-2.807104E-4;-0.025064234
0.01685983;-0.009599568;0.017448612
2.0661423E-4;-0.017054655;-0.0047911103
-0.01702221;-0.023018723;-0.003832888
0.0051322333;0.006585021;-0.00931631
0.0064495364;0.020893017;-0.0012030484
0.0012533792;0.018276913;0.01778756
-0.0013410466;0.02712153;0.014230049
-0.0026353374;0.012322225;-0.0011159608
-0.00835827;0.00829528;-0.019642768
0.022219634;-0.013676276;0.0030357852
0.027931957;-0.03906602;0.014928628
0.0012518158;-0.025002817;-0.0068070977
-0.037279796;-0.0059397533;-0.024195679
-0.012636337;0.0077481973;0.036893457
0.01098468;-0.012551442;-0.026735233
0.008787744;0.022771345;-0.015138187
-7.8230497E-4;0.060404576;0.0066394503
-0.004532094;0.026448661;0.02406156
0.0018430748;0.0055339294;0.006749248
0.01319321;0.0028646435;-0.0071006017
-0.005070432;-0.005520785;5.6951883E-4
-0.030618846;-0.013791628;0.006705615
-0.0057450766;-0.011033302;-0.013385508
0.009466439;-0.03538914;-0.010708407
0.02632315;-0.034561314;-0.002316725
0.009339771;-0.022961551;-0.0018533801
-0.016746933;-0.01680674;-0.0077327043
-0.023553796;0.020929607;-0.006186163
-0.011030537;0.043306187;0.013801069
0.0107068205;0.05026995;0.011040855
0.019502956;0.04959096;0.021332685
0.014039865;0.014672767;0.017066147
0.005763142;0.0023632138;-0.017597081
0.0022667635;-0.010609429;0.010922334
-0.0020928392;-0.058487542;-0.0037621325
0.017856978;-0.07804003;-0.015509706
-0.022433167;-0.060869526;-0.0061577647
-0.040602785;-0.023695622;-0.023676211
-0.027013477;0.041981;0.0060590305
0.008857968;0.0882723;0.0048472243
0.022711374;0.07530534;0.010127779
0.0337941;0.043056775;0.0018522236
0.02078528;-0.0046170815;0.007731779
0.033815723;-0.016193666;0.018685423
-0.008884921;-0.045767434;-0.016301662
-0.021170437;-0.047551446;-5.413292E-4
-0.0224051;-0.027103657;-4.3306337E-4
-0.01792408;-0.024807924;0.018403549
0.010660737;-0.0010963402;-0.016527161
-0.012565161;0.03818543;-0.01947173
-0.02567713;0.04617334;0.0031726172
-0.006479203;0.019751174;-0.0037119063
0.025285387;-0.007636561;0.009530475
0.01397831;-0.03267175;0.02637438
0.009620148;-0.0230124;0.014849504
0.0037898684;-0.035597418;-0.025620397
0.0069381446;-0.017540436;-0.0017463174
-0.007730734;0.015655152;0.0111029465
-0.019465838;0.04846162;-0.0036176431
-7.2891987E-4;0.0450193;0.0033558854
