0.0023029556;0.0044543305;0.028193388
0.0018423644;0.0035634644;0.02255471
0.016317641;0.024725772;-7.062312E-4
0.0052416134;0.019780617;0.005685015
0.0026307905;0.034574494;-0.007951988
-0.013520367;0.008909595;-0.01261159
0.0048087058;-0.014747324;-0.010089273
0.0038469648;-0.011797859;-0.008071418
0.012452572;-6.3287334E-5;-0.006457134
-0.0048816926;-0.01255063;-0.0051657073
-0.015624104;-0.016290504;-0.010382566
7.819668E-4;-0.019282402;-0.0020560527
0.0139068235;1.990775E-4;0.010855158
-0.0021557913;0.009534262;-0.010065874
-0.013443383;0.02012741;-0.008052699
-0.020129707;0.0036019278;0.006057841
-4.7876514E-4;-0.006493458;-0.020153727
-0.002726762;-0.023944767;-0.009872982
1.6234032E-4;-0.03478081;-0.0016483855
0.0055986224;-0.0059496504;-0.013818708
0.020103898;-0.02038472;0.0014450332
0.013739368;-0.0069327764;0.026156027
-0.011664756;0.010078779;0.03342482
-0.0077693043;0.0018130232;-0.029510142
-0.0062154434;0.0077004186;0.0076418854
0.0012776452;-0.018839665;-1.364915E-4
-0.010696634;-0.04632173;-0.025109192
-0.012463557;-0.024557386;-0.026337355
0.0033104043;-0.013395908;-0.014819884
0.037023325;-0.023216726;6.440931E-4
0.02024366;-0.0060733813;0.013015275
0.0029136771;0.010766295;-0.008337781
-0.0070440583;0.033613037;-4.2022433E-4
-0.009541497;0.017515428;0.0059138206
-0.027164448;-0.0016126571;0.0047310563
-0.017825307;-0.0044151256;-0.008715155
0.0013647537;-4.071005E-4;-0.019472124
0.008123053;-0.02532568;-0.0280777
-5.3280767E-4;-0.029635545;0.015037841
-0.027769996;-0.036208436;0.024530273
-0.012059747;0.0054082517;0.019624218
0.022383453;0.0480766;0.009449375
0.03509426;0.054086283;-0.0049405005
0.02260666;0.040144026;0.0210476
0.0024603277;0.04461522;0.01058808
-0.012875488;0.0075671757;0.008470464
0.0029808597;-0.006446259;-0.011973629
-0.005427812;0.0042179925;0.0029210967
-0.01215475;-0.015375606;0.014836878
-0.00581755;-0.037300486;-0.006880498
0.0031584601;-0.017340388;0.0069956016
0.002526768;-0.0076223104;-0.006903519
0.0074901646;-0.0029728482;-0.011772815
-0.0127578685;0.02887172;0.015581748
0.0015124553;0.035597377;-0.018784601
-0.031602535;0.0316029;0.009972319
-0.010438278;2.823214E-4;0.014227855
0.015086877;0.006475857;0.005132284
0.029257001;-0.026069315;0.010355827
0.027311852;-0.0021054514;0.008284662
0.031224482;0.02019064;3.777294E-4
0.021073336;-0.018222488;-0.018447816
0.0074836677;-0.008327991;-0.021008253
-0.036200564;-0.009787393;0.008193398
-0.0484917;-0.0015799144;0.012804718
-0.04426211;-0.0012639315;0.022743775
-0.02994094;0.030238856;0.0119450195
0.012765998;0.027316084;-0.009193985
0.023494048;0.0031028672;-0.0011051876
0.013326489;-0.016267706;-8.8415004E-4
0.014567441;-0.031764165;-0.01945732
-0.0016272971;-0.019161332;-0.009315856
0.0026044124;-0.009079066;-0.0012026848
0.0075522796;-0.0072632525;-9.6214784E-4
0.006041824;0.016064398;0.0054802815
0.0063959593;-0.0058984817;-0.008115775
-0.012070733;0.0046562147;-2.426197E-4
-0.005750336;5.999718E-4;-1.9409576E-4
-6.9401896E-4;-0.0057700225;0.0060947235
-0.008367715;-0.010866018;-0.020124221
0.0011183278;0.0038071855;-0.016099377
0.025894662;0.009295749;0.018370498
0.02462198;0.0011865988;0.020946398
-0.0013961662;-0.008425721;0.01675712
-0.020648183;-0.016115576;0.007155695
-0.027456047;-0.012892461;-0.031775445
-0.011027337;-0.004063969;-0.037920356
0.0013343804;-0.0032511754;-0.011586284
0.018255005;-0.0088509405;0.015730973
0.010697753;-8.307522E-4;0.025084779
0.017933203;0.021210399;0.013817823
0.0010653122;0.013843318;-0.007695742
-0.0108665;0.029824656;0.018843407
-8.807002E-4;0.033234723;0.002574725
0.01257669;-0.007787221;0.00205978
0.025686352;0.0031452233;-0.004602176
-5.446685E-4;-0.013108822;-0.01618174
-0.008248235;-0.026112057;-0.019195393
-0.0120673375;-0.017764647;-0.040356316
-0.0057476205;-0.029836716;-0.0010350513
-0.0014730962;-0.008244373;-8.28041E-4
-0.008209727;0.0059045013;0.005587567
-0.006567782;0.004723601;0.0044700536
0.015839525;0.010028881;0.016076043
0.01970287;0.014273105;0.0066108345
0.011856046;-0.010456516;-9.6133247E-4
-0.0014526633;-0.008365213;-0.019519066
-0.005068381;-0.00981717;0.0031347473
0.0014140455;-0.0047287364;-0.022492202
0.010506236;0.0024670109;7.5623824E-4
0.005279989;0.005098609;0.038104992
-0.009838508;0.010328887;0.024233993
-0.025058307;0.02076311;0.019387195
-0.012234146;-0.008389512;0.009259755
0.011306434;-0.02233661;-0.0050921957
0.011388897;-0.017869288;0.0021762433
-0.018232632;0.0107045695;0.0017409946
-0.002867356;0.011688656;0.013892796
-0.031200135;0.012475925;0.023614237
-0.021053858;0.028730739;0.0063913893
-0.028561836;0.032359593;0.011363111
-0.020505719;0.029012673;0.009090489
0.0046891747;0.023210138;-0.017727608
0.02875134;-1.8188903E-4;-0.026682086
0.023001071;-0.012645511;-0.008845669
0.016057108;-0.01949141;-0.007076536
0.016751936;-0.015593127;-0.011911228
0.013401548;0.015650498;0.0029710173
-0.01818501;0.0437704;0.0023768137
-0.02782926;0.06001632;0.001901451
-0.033982158;0.038638055;0.0015211608
-0.036560725;0.002785444;0.0012169286
-0.0058110803;-0.022771645;9.735429E-4
0.027382385;-0.030717315;-0.011721166
0.05471841;-0.018323852;0.0031230676
0.039868478;0.010340918;0.002498454
0.03580103;-0.0042272657;0.001998763
0.009109575;-2.5681255E-4;0.007849011
-0.02474359;0.00604455;0.006279208
-0.03541987;0.0017106399;0.011273366
-0.029898398;0.016993511;-0.0034813066
-0.006731218;-0.01140519;-0.0027850452
0.025083775;-0.018499153;0.0040219636
0.03334827;-0.011674322;0.003217571
0.0040223664;3.5542507E-5;-0.0036759432
-0.020219607;0.012528434;-0.0029407546
-0.041175686;0.019397747;-0.008602603
-0.009503049;0.021768197;0.005617917
-0.007602439;0.017414559;0.023244334
0.001730549;0.029556647;0.006095467
0.02638444;0.0017703172;-0.020123627
0.02110755;-0.036083747;-0.022348901
0.0090735415;-0.063241996;-0.017879121
-0.016178668;-0.078718595;-0.014303297
0.0065883165;-0.028599879;-0.011442637
-0.004104347;-0.016629903;-0.00290411
-0.011095977;0.002321078;0.022676712
0.030966967;0.033106863;0.02439137
0.036492325;0.03586049;0.0070130955
0.02763136;0.013063392;0.030610476
0.0103863375;-0.014549286;0.024488382
0.01612157;0.007110571;-0.005409295
-0.008196494;0.0025634568;-0.010577436
-0.008900945;-0.038574234;-0.03971195
-0.037589505;-0.04960939;-0.02551956
-0.056634106;-0.02406251;-0.007915647
-0.064838536;-0.006750008;-8.2517785E-5
-0.025308328;8.499935E-4;0.0061839856
-0.010090412;0.010054994;0.011197189
0.0013026707;0.026793996;-0.01604225
0.039323386;0.033935197;-0.012833799
0.03927121;0.0052731573;0.014732961
0.039229468;-0.017656473;-7.1363157E-4
0.031383574;-0.026625179;-0.013070906
0.022763109;-0.036925144;0.008293276
0.012741737;-0.0045401147;0.0066346205
0.01175589;0.049492907;0.011557696
-0.018720288;0.07084433;0.015496157
-0.03450748;0.06292546;0.006146926
-0.031512234;0.05034037;-0.0013324594
-0.015834788;0.024647295;0.0051840325
-0.01266783;-0.008407163;0.004147226
-0.031228013;-0.019225731;-0.0029322193
-0.0054511614;-0.043505587;0.010154225
-0.008267179;-0.04105447;-0.02937662
0.022292506;-0.017218575;-0.029751297
0.035021506;-0.032524858;0.001198963
0.054579705;-0.029144887;-0.011540829
0.0053825136;-0.0076909102;-0.009232664
-0.04569399;0.003222272;0.023863869
-0.081867695;0.027577817;0.006591095
-0.07955665;0.043937255;-0.013477123
-0.028489072;0.019524803;0.001718301
-0.005603758;-0.012505158;0.0076246406
0.047079492;-0.025629126;0.0060997126
0.07594485;-0.011128301;-0.00762023
0.06856838;0.01609736;-0.018596184
0.0657922;0.019127887;-0.008626947
0.052633762;0.02155231;0.018098442
-0.0055492413;0.020366848;0.039478753
-0.038814392;0.010043479;0.019083003
-0.063864015;0.0080347825;0.009016402
-0.06046621;0.028302826;-0.005286878
-0.00852922;0.010142261;0.033270497
0.033801623;-0.016886191;0.014116398
0.02313505;-0.007258953;-0.013706882
0.016945539;-0.03705716;-0.010965506
-0.009881068;-0.00152073;-0.008772404
-0.021186104;-0.007466584;-0.0070179235
-0.015386384;0.009651733;-0.005614339
-0.036527857;0.032721385;-0.010741471
-0.052659787;0.04180211;-0.0023431769
-0.018690329;0.0021916872;0.023125459
0.028797736;-0.029496651;0.006000367
0.05585069;-0.04859732;-0.0076997066
0.075149305;-0.045127857;-0.018659765
0.06402569;-0.039227284;-0.008677812
-0.0026856968;-0.006381828;-6.9224974E-4
-0.016992308;0.041769538;0.0244462
-0.021406345;0.08654063;0.04455696
-0.028843828;0.097357504;0.035645567
-0.038700063;0.077886;0.0035164545
-0.03096005;0.0029338025;-0.0034368364
0.004138211;-0.053902958;-0.02149947
0.015029319;-0.046247367;-0.042199574
0.021398455;-0.052622892;0.00999034
0.026493764;-0.038973313;-0.0045077284
-0.018648738;0.031321347;-0.0036061825
-0.043825243;0.07818208;0.040865052
-0.032716442;0.11879566;0.032692045
-0.0074231545;0.13566153;-0.017596366
0.0073427265;0.092904225;0.017172908
0.08868668;-0.01005162;0.044988327
0.1951681;-0.083041295;0.073490664
0.15769698;-0.060183037;0.0025425288
-0.015248669;-0.01064643;-0.07296598
-0.21298018;-0.036642145;-0.09587278
-0.26100916;-0.14806372;-0.07669823
-0.12443232;-0.22782597;-0.02385858
0.029360395;-0.19163577;-0.031586863
0.064894564;-0.065808624;-0.04401949
0.004259403;0.047353104;-0.0102155935
-0.004404978;0.06288248;-0.0019224745
0.023819767;0.07218099;0.06721202
0.10889956;0.12336979;0.097519614
0.1504009;0.17057084;0.07176569
0.06485197;0.17395666;0.051162556
-0.028587174;0.076665334;0.0034300436
-0.057244737;-0.032417733;-0.034755964
-0.04188954;-0.12280919;-0.04655477
0.0024258674;-0.15449736;-0.06849382
0.019128194;-0.16109788;-0.07354505
-0.0057911947;-0.11637831;-0.052586045
-0.060101707;-0.058727644;-0.023318835
-0.086362615;0.0030178854;9.493227E-5
-0.06127759;0.08053931;0.025075946
-0.031834573;0.14568144;0.057560757
-4.6765874E-4;0.13842016;0.0710486
0.030094624;0.09198613;0.050588883
0.07173195;0.0579639;0.059221108
0.06363556;0.01824612;0.022376886
0.054814696;-0.038528103;-0.019598491
0.018851757;-0.08394748;-0.04067879
-0.015387344;-0.07653299;-0.057543036
-0.049028624;-0.036226388;-0.027284427
-0.0392229;-0.028981112;-0.021827541
-0.06028457;-0.004434889;0.020037966
-0.021665156;0.018327089;0.022280373
-0.0134258745;0.03653667;0.0053242985
0.0126968;0.035479337;0.016759438
0.05000119;0.04400847;-0.011592449
0.0345322;0.022706775;0.0032260409
0.031532012;-0.013084579;0.0025808327
0.042413108;-0.032342665;-0.0104353335
0.016742988;-0.035249133;0.022901732
-0.01551186;-0.0063243047;0.012071386
-0.035065737;0.004315556;-0.015342891
-0.038208842;-0.002797555;-0.0060243127
-0.020410823;0.010261956;0.01393055
8.588421E-4;0.005084565;0.00489444
0.032718323;-0.008432348;0.003915552
0.03242466;-4.958785E-4;-0.0031175585
0.012658477;-0.006646703;-0.0024940467
-0.0015919682;-0.0021923622;-0.0019952375
-0.0067423247;0.00449611;-0.00784619
-0.0022688597;0.006721888;-2.6951962E-5
-0.015096338;0.0053775106;-0.0062715616
-0.0019208202;0.0043020085;-0.0112672495
0.0039320937;-0.018433394;0.0159862
-0.002323075;-0.036621716;2.8896047E-4
0.02626654;-0.016797371;-0.024768831
0.013200732;-0.032187898;-0.019815065
-0.009751914;-0.028875317;-0.009602052
-0.010145281;-0.007475254;-0.0076816417
-0.021397475;-0.0028552033;1.04686565E-4
0.00397577;0.0102158375;0.012583749
0.016461866;0.0050476696;0.028817
0.013169493;-0.0053368644;0.0043035997
-0.006651906;0.014480509;-0.01530712
-0.024852775;-9.1559306E-4;-0.012245696
-0.013632219;-0.010107474;-0.022296557
-0.0069995257;-0.01433598;0.0071627544
-0.015755871;-0.0020937836;-0.013019796
-8.859465E-4;-0.004800027;-0.010415837
-0.017896257;0.018034978;0.0041673305
0.005214244;0.0019279828;-0.015416136
0.028390145;-0.020332614;-0.012332909
0.038337115;-0.031891093;-0.022366326
0.026763443;-0.013012873;-0.017893061
0.0026607544;0.0020897018;-0.008064449
-0.021308897;-0.01707824;0.01854844
-0.031890865;-0.0042875907;0.014838752
-0.041137695;0.018444927;-0.006878998
-0.025097655;0.033505943;0.0319968
0.015859377;0.023679754;5.974413E-4
0.0376875;0.0033188027;0.012977953
0.0364;0.005780042;0.022882363
0.0306825;-0.029750966;-0.01919411
0.0018897504;-0.05505077;-0.009105288
-0.05395695;-0.047165617;-0.0072842306
-0.06269681;-0.022107495;-0.012077385
-0.0478137;-0.008310996;0.0028380926
0.009405292;0.008976203;0.002270474
0.020805484;0.022805963;-0.01693362
0.03226939;0.00886977;-0.013546896
0.031284258;-0.008529183;0.020412482
0.021121157;-0.006823347;0.003829986
-0.004196824;-0.0023336776;0.0093139885
-0.004919959;0.020008057;-0.0050488086
0.014814032;0.016006446;-0.016539047
-0.009242523;-0.012194843;-0.019481238
-0.022237768;-0.019130874;-0.00933499
0.022053534;-0.0309297;-0.019967992
4.5532777E-4;-0.03099376;-0.0034743936
0.017551763;-0.018545007;0.009720485
0.05232266;-0.005461006;-0.029723613
0.04185813;-0.0012438049;-0.02377889
0.0030177522;0.020879956;0.030976888
-0.038210798;0.051078964;0.01853151
-0.07431864;0.05336317;0.0085752085
-0.06882991;0.039565537;0.013110166
-0.03631393;0.0035274301;0.010488134
0.024855107;-0.022178056;0.008390507
0.037071586;-0.033367444;-0.018287595
0.052313518;-0.020443955;-0.0021300756
0.048100814;-0.010105165;0.023295939
0.036136903;0.010665868;-1.13248425E-4
0.01953452;0.011657694;-0.0063405987
-0.018747384;0.009326155;-0.011322479
-0.038435407;-0.0019140755;-0.009057983
-0.053404573;-0.02028126;-9.963865E-4
-0.03491116;-0.038100008;-0.0070471093
-0.006835178;-0.046105005;-0.005637687
-0.009374392;-0.024384005;-0.02326015
-0.016874515;-7.5720425E-4;-0.03735812
-2.1836114E-4;-0.019355763;-0.0111364955
0.013106561;-0.015484611;-0.0026591967
0.008922749;-0.012387688;0.010372642
0.021981949;-5.351509E-4;0.008298114
0.0058668093;0.0026968792;3.8849126E-4
-0.0062440527;0.017782504;0.012810793
0.008286008;0.007976003;0.0039986344
0.021472557;0.0032558022;0.015698908
0.015615545;-0.0067703584;5.912602E-5
0.014054936;-0.0054162866;-0.018702699
-0.023131052;-0.02620803;-0.021212159
-0.012254841;-0.014716423;0.0017802726
-0.021522623;-0.0023981386;0.013924218
-0.022686848;0.04495649;0.011139374
-0.014243228;0.04534019;0.015161499
0.036261667;0.036272153;0.0058791996
0.059478085;0.03214272;-0.0015466403
0.026488718;0.013214177;0.0050126878
-0.028809026;-0.030053658;-0.00223985
-0.04179722;-0.036542926;-0.01429188
-0.024062777;-0.013609341;0.007316496
0.013562279;0.010987528;0.012103197
0.039756075;0.002540022;0.022182558
0.021648608;0.027032018;-0.007253954
-0.0053373636;0.015375614;-0.005803163
-0.013644891;-0.006449509;-0.01714253
-0.010915913;-0.008284607;-0.0012140245
-0.0087327305;0.015247314;0.02402878
0.010201316;0.0028228515;0.019223025
-0.0035576972;-0.010241719;-0.01587158
-0.022377407;-0.020693375;-0.018947264
-0.023370676;-0.0446797;-0.015157811
0.014115959;-0.05136876;-0.02462625
0.041761518;-0.028595008;-0.007200999
0.013877964;-0.029126007;-0.0057607996
0.015008621;-0.029550806;-0.010858639
-0.012211854;0.0013593559;-0.027436912
-0.041019484;0.041712485;0.0030504707
-0.015628086;0.039619986;0.021190377
0.0046850313;4.459902E-4;0.023202302
0.003748025;-0.012143208;0.01856184
0.00299842;0.009035434;-0.010150528
0.006304986;-0.014646653;-0.0018704218
0.02223149;-0.005467322;-0.0077463374
0.010753941;-0.026248857;-0.01244707
-0.024209347;-0.030374086;-0.022457656
-0.006086228;-0.02429927;-0.017966125
0.017787268;-0.013189415;-0.0018728998
0.011104814;-0.007426532;-0.00774832
0.012008851;0.009683774;-0.012448655
-0.007580419;0.007747019;-0.016208924
-0.0076268353;0.0061976155;0.0057828603
-0.017820219;0.008083092;-0.007873712
-0.015818674;0.028341474;0.01870103
-0.00874869;0.003923179;0.027460825
0.010188548;-0.0031114568;0.01571866
0.0058070887;0.0068858345;-0.0124250725
7.3942094E-4;0.005508668;-0.009940058
0.020122787;0.004406934;0.0045479536
0.03328573;-0.0089744525;-0.008861637
0.0039723334;-0.010304562;-0.00708931
-0.028072134;-0.008243649;-0.0056714476
-0.047457706;0.0027800803;0.014212842
-0.031716164;-0.013400936;-0.0073797265
-0.0027166822;0.0049042515;3.4621876E-4
0.049389154;0.0039234012;0.006526975
0.036386322;0.01563872;0.01147158
0.011140308;0.03126098;-0.003322736
-0.0020252531;0.03125878;-0.02140819
-0.0055264523;0.009382025;0.0016234489
-0.0122336615;-0.01749438;0.02004876
-0.0019744295;-0.004620504;0.016039006
0.0062329564;-0.022446403;0.006581206
-0.0012636349;-0.008582123;-9.850353E-4
-0.018198408;-6.15698E-4;-0.013288029
-0.010652476;-4.925584E-4;0.020619577
0.02585302;0.021480953;0.010245662
0.009744915;0.023434762;0.00819653
0.0077959322;0.03124781;0.025307223
0.017174246;-1.7519275E-6;0.013995779
0.019989397;-0.018751401;0.004946623
3.6651726E-4;-0.0025011213;-0.0022927015
-0.037988037;-0.002000897;-0.02058416
-0.04757793;-0.007850718;-0.010217329
-0.072437346;-0.009405574;-0.020673864
-0.019668624;-0.016899459;-0.0040390906
0.03192135;0.0021054326;-0.0032312723
0.05444333;0.020434346;0.016164983
0.051367164;0.016347477;0.0066819857
0.033281233;0.019327981;0.011595588
-0.017125014;0.052962385;0.009276471
-0.016043762;0.029869908;0.0011711767
-0.03002251;0.027020926;-0.017813059
-0.004486758;-0.0033832588;0.0044995532
-0.011401906;-0.05895661;0.009849642
-0.016934024;-0.047165286;-0.010870286
0.00754653;-0.0033572286;0.010053772
0.031037224;0.009814217;-0.004456983
0.0076422794;0.0047263736;-0.028565586
-0.0016986766;-0.005593901;-0.02285247
2.0355872E-4;0.008024879;0.012968024
0.007975347;0.009544903;0.02912442
-0.0014322224;0.023260923;-0.0017004642
-0.014427028;0.015483738;-0.0013603714
-0.013104122;-1.13009475E-4;0.017661704
0.010610452;-9.040758E-5;0.0016293623
0.03505086;0.003052674;0.02630349
0.03741569;0.008692139;0.0022927918
-0.025536198;-0.011796289;-0.029415766
-0.05480396;-0.02506203;0.0014673868
-0.057124417;-0.023174625;0.0011739094
-0.019137034;-0.0247897;-0.0053108726
-0.015309627;-0.01983176;-0.004248698
0.008846048;0.0028845922;-0.015898958
0.026608089;0.0023076737;0.0060308333
0.03847397;0.017471138;0.011074667
0.044060428;0.03272691;0.008859733
0.02196709;0.007431529;8.3778665E-4
-0.009770077;0.018445224;0.006920229
-0.010941061;0.0022561785;0.011786183
-0.0110965995;0.011179943;0.0031789467
-0.02215853;0.0089439545;-0.0037068427
-0.023195574;-0.0022198367;0.0032845258
-0.0130877085;-0.014275869;-0.02237238
0.025467332;-0.008295695;-0.0053979033
0.024280116;0.0058634435;-0.0043183225
0.004580343;0.004690755;0.002795342
-0.019773226;-0.002497396;0.0022362734
-0.04238108;0.007377083;0.0017890187
-0.024529865;-3.4833347E-4;0.007681215
0.0014698586;0.009096333;0.024894971
0.014457136;0.022902066;0.0011659776
0.038909458;0.018321654;9.327821E-4
0.04206507;0.008407323;0.0069962256
0.041464552;0.016100857;-6.5301947E-4
-0.016047107;0.0035056865;-0.0067724157
-0.028462686;-0.006570451;-0.0054179323
-0.028238898;-0.017756362;-0.004334346
-0.026497368;-0.026705088;-0.009717477
-0.004010395;-0.02761407;-0.0077739814
0.010072934;-0.009591256;-0.024969185
0.009620847;0.007951994;-0.007475348
0.028790427;0.009486596;0.019019721
0.015219842;0.0138392765;0.021465776
0.0145196235;0.03607142;0.004672622
-0.025103051;0.038232137;-0.0025119025
-0.027113691;0.011835709;0.010490478
-0.010753453;-0.021781432;0.014642382
0.008584738;-0.020550147;0.011713906
-0.0040697097;-0.038315117;-0.015628876
0.023306733;-0.055652093;-0.0187531
0.010832886;-0.044521675;-0.0025024803
0.0031975587;-0.029367339;-0.033251986
-0.001348203;0.017131127;-0.026601586
-0.012797313;0.038704902;0.02246873
-0.01180035;0.046588924;0.011724984
-0.02115903;0.031021137;0.0031299873
2.6027602E-4;0.0029419102;0.0025039897
0.019739471;-0.0038964718;-0.004246808
0.026729077;-0.018742178;-0.009647447
0.015914511;-0.005618742;0.011032043
0.003356609;-0.013869993;0.008825635
0.0042477874;-0.017345995;0.0070605073
-5.080202E-4;-0.010751796;-6.015941E-4
-0.0019689163;0.019523563;0.0057687247
-0.021106383;0.012493851;-0.01413502
-0.026260106;6.200805E-4;0.0011919838
-0.032726835;-0.012003936;0.025953587
-0.002743968;0.0028968516;0.0145128695
0.036086075;0.02419248;0.0053602955
0.01871261;0.006853985;-0.014461763
1.2633836E-4;0.014858188;-0.011569411
-0.01708643;-0.0037384497;-0.0030055286
-0.016012894;-0.00924076;0.0038455771
0.0067209355;-0.019892607;-0.0031735383
0.010845498;-0.019039087;-0.01503883
0.014926398;-0.015231269;-0.018281065
0.029128619;-0.002810015;0.022875149
0.015490395;0.016501987;0.018300118
-0.018076435;0.04445159;-0.004109905
-0.031648647;0.03868627;0.009212076
-0.029225167;0.018449018;0.007369661
-0.021817634;-0.013365786;-0.025354272
-0.013547857;-0.029442629;-0.0015334171
0.023536714;-0.048554104;-0.0012267337
0.06648562;-0.03884328;-9.81387E-4
0.030532246;-0.018574625;0.0054648905
-0.015417952;0.0038902992;0.004371912
-0.024053112;0.05623724;0.0034975298
-0.02158624;0.06373979;0.0027980239
-0.0149252415;0.047866832;0.0084884195
0.0029035567;0.041418467;0.019290736
-0.0070521547;0.011259774;-0.0033174118
0.015452026;-0.019117182;-0.008903929
0.020174121;-0.030918745;-8.7314355E-4
-0.0010482032;-0.018484997;-0.031948514
-0.025838563;-0.011662997;-0.006808812
-0.0245771;-0.018705398;8.029505E-4
0.0014320699;6.60682E-4;0.0068923603
0.014426906;0.019278545;0.018013889
0.0021665248;0.015422837;0.01441111
0.01501447;-0.0032867307;0.011528889
0.015917826;-0.0057543847;0.015473111
-0.021640738;-0.0014785078;0.0061284886
-0.015750092;-0.019932806;0.011152791
-0.004787573;0.002803755;0.0026722327
0.019607441;-0.010256996;0.014637786
0.011779703;-0.017580597;-0.013289771
-0.0038574873;-0.026564477;-0.029381817
-0.01714849;-0.011876582;0.0014945465
-0.023093792;-0.0063762655;0.013695637
-0.009100034;0.0073989877;-0.020293491
0.004438723;0.00591919;-0.0037347921
0.0019884785;0.014110352;-0.009237833
0.003153283;0.0050382814;0.017609732
0.0064288764;-0.008469375;0.0015877864
-0.010481899;0.0025995004;-0.011229771
-5.730192E-4;0.0020796002;-0.0027338166
0.012822835;-0.00458632;0.0103129465
-0.0030229823;0.015080944;0.0020003573
-0.011793386;0.018314755;-0.004649714
0.009315291;0.011526804;-0.009969771
0.005889733;-0.012653557;-0.007975817
0.0031492864;-0.010122845;-0.018880654
0.0095506795;0.0075267237;-0.008854523
-0.0017344566;-0.009603621;0.024166381
-0.0068563153;-0.023307897;-0.0119168945
0.017171199;-0.015521318;-0.022033516
0.009830709;-0.003042054;-0.017626813
0.010208316;-0.011808643;0.01714855
0.017541653;0.0030530854;0.00746884
0.021845823;0.0086924685;-0.0127749285
-0.003617092;0.019453974;-0.003969942
-0.023987424;0.02181318;0.003074046
-0.019189939;0.004950544;0.008709237
-0.0176957;-0.005414565;0.01946739
-0.0024378109;0.008168348;-0.0031760884
-0.0113252485;-0.009090321;-0.0025408708
3.1480106E-4;-0.010397257;0.0042173034
0.0057205907;-0.023942806;-0.0028761572
0.024107723;-0.019154245;-0.021050926
-0.0072763218;-0.012198396;-0.0105907405
-0.015977308;0.0027412835;-0.0022225925
-0.001063096;0.0021930267;0.016971925
0.0030557732;0.011129421;0.02607754
0.019632118;0.008903537;0.014612033
0.014143195;0.0071228296;-8.103739E-4
-0.019935444;-5.517363E-4;0.005601701
-0.026885856;-4.4138898E-4;-0.0142686395
-0.010571185;-3.531112E-4;-0.011414912
0.0016993026;-2.8248897E-4;-0.009131929
0.0029219422;-0.025225991;-0.026055543
-0.0015686963;-0.026430793;0.010405566
-0.001254957;0.0069803656;0.020824453
0.012277285;0.027459292;-0.008340438
0.017634327;0.009467434;-4.2235054E-4
0.018013712;0.0013239472;0.0059121195
-0.0043390305;-0.017690843;-0.0015203044
-0.032377474;-0.014152674;-0.013716243
-0.04152698;-0.008197139;-0.010972994
-0.027752833;-0.009682711;-0.0025283957
0.006703983;-0.001496169;0.010477283
0.026456937;0.017553065;0.008381827
0.0406968;0.017167453;-0.0057945387
-0.01900506;0.010608962;0.014114369
-0.0019227985;0.002237169;0.0050414954
0.025024261;0.0049147354;0.0040331963
0.012206909;0.007056788;-0.009273443
-0.003515723;-6.045694E-4;-0.026168754
-0.020000078;-0.012983656;-0.027185004
-0.021468813;-0.022886924;-0.0029980028
-0.0117063;-0.00893454;0.0038515977
0.02735371;-8.9763163E-4;0.034331277
0.027351718;0.008656895;0.014965023
7.8762433E-4;0.019425515;-5.2798196E-4
6.300995E-4;0.028040413;0.012077615
-0.02215217;-0.00881767;0.0034120916
0.0010282637;-0.028929137;0.0027296732
0.004728861;-0.02001831;0.014683738
0.0037830886;0.015235353;-7.530091E-4
0.004588971;0.012188283;-0.0068524075
0.0021086768;3.756259E-4;-0.011731925
0.0032494415;-0.009074499;-0.01563554
0.012755803;-0.0041345996;-0.012508432
4.839252E-5;-0.0033076794;0.008743254
-0.003086286;0.0036038563;0.031994604
0.0123747215;-0.0033669148;-0.0056543173
0.008337277;0.009806468;-0.010773454
-0.0011426784;0.0015951744;0.0038812368
-0.022007892;0.0012761395;-0.0031450104
-0.033231314;0.0041459114;0.0037339916
0.010133699;0.006441729;-0.009512806
0.029200708;0.0020283835;0.0048897546
0.010079317;-0.0046272934;0.022661803
0.0018134537;-5.768346E-4;-0.013120557
0.001450763;-4.6146766E-4;-0.010496446
-0.02540189;0.009005826;0.010352843
-0.029696511;0.016579662;0.014532275
-0.0050072093;0.028888728;-8.741802E-4
-0.0016620175;0.007485983;0.011800656
0.002576636;0.0059887865;-0.0030594752
0.015342559;0.007916029;-0.008697581
-0.007257203;-0.012417177;-7.080642E-4
0.0043504876;-0.02868374;-0.0068164514
0.01441789;-0.019821994;-0.0117031615
5.968121E-4;0.0028924055;0.0031374712
0.0075087;0.021063924;0.008759977
5.3820974E-4;0.03560114;-0.011742018
-0.0050381823;0.0066059115;-0.0031436149
-0.011843046;-0.01971527;0.009985108
-0.026661936;-0.022022216;-0.017011913
-0.0025795493;-0.008242773;0.011390469
0.03465511;0.0027807814;0.015362375
0.03709909;0.017849626;0.0247899
0.008585521;0.0111547;0.0010819202
-0.007975333;0.01517376;8.655362E-4
-0.027474016;0.0058890083;-0.005557571
-0.021979213;0.0015862065;-0.029446056
0.0035103792;-0.0018560349;-0.023556845
-0.0010979465;0.0016401721;-0.0063454765
0.0139653925;0.016937139;0.001173619
0.009609814;-0.01770029;0.013438895
-0.011843398;-0.06728523;-0.0017488839
-0.009474719;-0.050703187;-0.013899107
-0.0114860255;6.24516E-5;-0.0048692855
-0.01075132;0.025049962;0.014854572
0.0031176938;0.032539967;-6.163428E-4
0.007962905;0.0072819754;0.012006925
0.0024640742;0.01207558;0.022105541
4.0875928E-4;0.022160465;0.011434432
0.03235826;0.011478371;0.015397546
0.021980356;0.002932697;-1.8196323E-4
0.012115534;-0.0039038423;-1.4557058E-4
-0.011401322;0.006251926;0.0061335433
-0.0052148076;0.01750154;-0.0013431652
-0.011984346;-0.0016237673;-0.007324532
-0.001774977;-0.026299015;-0.024609625
0.0063925185;-0.027289212;-0.0134377
-0.004260985;-0.02495637;0.007999839
-0.0057525383;-0.004340095;-0.0061001284
0.028210469;0.024652924;-0.004880103
0.039755877;0.03534734;-0.010154082
0.0333672;0.04702787;-0.0018732657
0.01575626;0.046997298;0.023501387
-0.018644992;0.0125978375;0.01880111
-0.053197242;-0.00867173;-0.003709112
-0.0675578;-0.047562383;-0.009217289
-0.029046236;-0.041174907;-0.0073738317
0.009575511;-0.042314924;0.0066009345
0.05531666;-0.058851942;0.017780747
0.052065827;-0.015831552;0.014224598
0.004933912;0.04045976;-0.026120322
-0.02027162;0.041742805;-0.03339626
-0.054498546;0.017769245;-0.0079670055
-0.08422384;0.0048403963;-0.012623604
-0.05175407;-0.036752682;0.0024011163
0.014065494;-0.048152145;0.008170893
0.0628149;-0.04164672;2.8671444E-4
0.050251916;-0.042692374;-0.024770629
0.045670282;2.21101E-4;-0.019816503
0.038879976;1.768808E-4;0.0091467975
0.0061039813;0.012641504;-0.011432562
-0.006835565;0.050738204;0.00960395
-0.030468453;0.056215562;0.03268316
-0.062656015;0.063722454;0.013646528
-0.029031059;0.02910296;0.017167224
-0.019318597;-0.004842632;0.013733778
-0.007642378;-0.016374106;-0.0077629774
0.0032610977;-0.041224286;-0.006210382
0.006515128;-0.054854427;-0.029968306
0.0013058524;-0.03138354;-0.023974644
-0.004424068;0.0030181664;0.012070284
0.021460745;0.024289533;0.040906228
0.013262346;0.038181625;0.001474982
0.0051411274;0.0180453;-0.017570015
0.007237902;0.008186241;0.0046939887
0.025321571;0.0034239928;-0.014994809
0.017913507;-0.016010806;5.041526E-4
-0.009887944;-0.025308644;-0.018346678
-0.018066606;-0.038996916;-0.014677342
-0.016015785;-0.03744753;0.007008126
0.0028123725;-0.011208026;-0.0193935
0.007718648;4.0857916E-4;-0.0030147992
-0.0032000816;0.012826864;0.02258816
-0.006466315;0.013386491;-6.7947153E-4
-0.0036105523;0.020084193;-0.006793577
-0.029450942;0.022317354;-0.011684862
-0.040748253;0.020978883;0.0031521106
-0.009942353;0.0105331065;0.015021688
0.015483618;-0.029073514;-0.01923265
0.031136895;-0.057633813;0.0033638806
0.042097017;-0.02110705;0.015191104
0.050865114;0.01123936;0.018402884
0.03131709;0.012116488;0.014722307
0.015678672;0.01906819;-0.025722155
-0.0046445625;0.040254552;0.023172276
-0.05215315;0.060328644;0.04353782
-0.04875377;0.048262913;0.028580258
-0.037440516;0.013610331;-0.027135795
5.163372E-4;-0.023486735;-0.015458636
0.0121318195;-0.025039388;0.0063830917
0.028455457;-0.04815651;-0.0011435268
0.025108114;-0.03852521;0.0053351787
0.004461492;-0.021445166;-0.026981857
-0.0073683066;-0.010906134;-0.015335485
-0.008238396;-0.018099906;0.0064816116
-0.008153216;-0.008229925;-0.0135647105
-0.004960073;0.00904106;-0.010851769
-0.011780558;0.013482848;0.003818585
0.0046380535;0.017036278;0.021804867
0.0037104427;0.026129022;0.036193896
0.0123433545;0.027153218;0.010205115
0.024718434;-1.5242556E-4;-0.010585908
0.0064934967;-0.028246941;-0.014718726
0.014569798;-0.028847553;-0.005524981
0.004624588;-0.010578042;-0.010669985
-0.011925329;-0.0053374334;-0.021035988
-0.032196514;0.014480053;-0.00432879
-0.053100962;0.0022090427;-0.022213032
-0.04404327;0.0080172345;9.795743E-4
-0.020390864;0.022038788;0.0070336596
0.04540606;0.01138103;-0.0068730726
0.0730436;0.015354824;0.013251542
0.058434878;0.006033859;0.023101233
0.019404152;-0.007672913;-0.006519013
0.0022420713;0.0126116695;0.0010347895
-0.024768842;0.013214336;0.013327831
-0.023721324;0.023071468;-0.0018377347
-0.021320809;-0.003417825;-0.0014701878
-0.017056648;-0.00273426;-0.0011761502
-0.0073953182;0.004062592;-0.01344092
0.0018962455;-0.0029999265;0.014247264
0.028079497;-0.0055249413;0.005147811
0.018557347;0.011205047;0.016618248
-0.011716622;0.012089037;0.013294599
-0.019529548;2.9623014E-4;0.023135679
-0.0078111384;0.018986983;0.012258544
0.009376089;0.005814587;-0.008943166
0.0051571215;-0.00784833;-0.013404532
-0.023999304;0.012471336;-0.010723625
-0.038730692;-0.03689793;0.0101711
-0.013797054;-0.067018345;-0.0043631205
0.021774856;-0.041114677;-0.022240497
0.042419884;0.0077332594;-0.005292397
0.04096716;0.031186607;0.008266082
-0.005507523;0.043699287;3.6286586E-4
-0.021593519;0.047459427;0.025290292
-0.026649814;0.025467543;0.0139822345
-0.022882352;0.0016240344;0.023685787
0.008256619;-0.014325772;-0.01855137
0.0144177945;-0.039585616;-0.033591095
0.022471735;-0.041043494;-0.03312288
0.016414888;-0.048459794;-0.0077483016
0.018600661;-0.0043928362;5.1358787E-5
0.0055055288;-0.0035142691;0.018791087
-0.003408077;0.019063585;-0.0037171303
-0.019913962;0.04650087;0.0032762957
-0.021399919;0.043450695;0.015121036
-0.009307436;0.012885556;0.005846829
-0.007445948;0.0103084445;0.0046774633
-0.027050508;0.014496756;0.0037419708
-0.0028904069;0.0022224043;0.009243577
3.142445E-5;-0.016972076;0.01989486
0.01330639;0.0020473388;-0.015334111
0.020020112;-0.010862129;-0.012267289
0.03710984;-0.024314703;-0.009813831
0.012500372;-0.022576762;-0.014101065
-0.0017184528;-0.02431141;0.013719148
0.0142502375;-0.003824128;0.0047253184
-0.03078731;0.021940697;0.0037802549
-0.0379111;0.011302558;-0.0032257962
-0.013141378;0.027792046;0.003669363
0.012143147;0.006608637;0.015435491
0.012058268;-0.01346309;-0.012651607
-0.011447135;-0.0076454724;0.0023787138
-0.0052514584;-0.0061163777;0.0019029711
0.0012675831;-0.023643102;-0.017227624
-0.023985934;-0.028289482;-0.020032099
-0.0035637468;-0.025756586;-0.0035256788
0.0049615027;-0.014355268;0.009679457
0.021156702;0.0010157854;0.013993566
0.018487861;0.035187628;-0.0075551476
0.0015090393;0.056275103;-0.006044118
-0.008167769;0.013770082;0.0014147055
0.008309535;-0.017108934;-0.011368236
0.010553878;-0.026187148;0.0034054115
-9.318975E-4;-0.008449718;0.0027243292
-0.006214268;0.0026152257;0.014679464
-0.011221414;0.0020921805;-0.01325643
-0.0011646316;0.023548745;0.014394857
0.012349545;0.0063389954;0.005265885
0.017692136;0.0081961965;-0.0020372919
0.008684958;0.012806958;0.0046201665
0.010854217;-0.0085044345;0.016196134
-0.018660376;-0.009928548;-0.0057930932
-0.008678301;-0.023567839;0.014115525
-0.022567641;-1.0427036E-4;-0.00745758
0.0014771372;0.015541583;-0.012216064
-0.01053704;0.006183267;-0.003522851
0.003289118;0.0049466137;-0.0028182808
0.021381294;-0.0022927092;0.016495375
0.011636285;0.0012908326;0.0194463
-0.0024097217;0.007282666;-0.01569296
-0.009740277;0.018326133;-0.006304368
-0.024979722;0.014660906;-0.005043494
0.010484973;-7.712749E-4;-0.016534796
0.014637978;-0.02874202;-7.2783633E-4
0.0038978823;-0.016743615;0.01816773
-0.010162944;-0.013394893;-0.022965815
-0.014380355;-0.013840914;-0.0058726524
-0.015410534;0.010802269;0.014051878
0.005640323;0.033641815;0.011241502
0.0060747582;0.020663451;0.015243202
0.012672306;0.0071557616;-0.0065554385
0.015606595;0.011974609;-0.0052443505
0.008579026;0.0064546876;0.0020545195
0.0013944709;0.0082887495;-0.0046063843
-0.006696923;-0.005869;0.015064892
0.0024549614;-0.0265702;0.005801914
-0.011317281;-0.01813116;0.010891532
-0.036397576;0.001120072;-0.016286775
-0.01896181;0.0071460577;-0.00677942
0.020768052;0.002591846;0.013326464
0.041614443;0.008323477;-0.0018388288
0.010635303;4.087815E-4;-0.013971063
-0.025866758;0.012827025;-0.011176851
-0.020693406;0.00713662;0.0035585195
6.3277537E-4;0.011959296;0.009096815
0.01534997;0.018942436;-0.0052225473
0.023998726;0.03077895;0.002071962
0.007480231;0.0058731595;0.02040757
-0.004953315;-0.042176474;-0.0024239442
-0.019587653;-0.064991176;-0.033189155
-0.025045121;-0.06449294;-0.032801323
0.0026201527;-0.039094355;-0.0012410595
0.021627372;-0.025025483;0.011507153
0.030583147;-0.0012703864;-0.0032942782
0.008841518;0.05835869;-0.015135422
-0.035114285;0.07168695;0.019141663
-0.042935178;0.057349563;0.021563329
-0.0077856425;0.02400465;0.029750664
0.016427737;-0.02454628;-0.0011994691
0.020954689;-0.041512024;-0.032209575
0.005045001;-0.020709619;-0.03201766
9.1100077E-4;-0.041567694;-0.019364128
-0.0070836996;-0.048879158;-0.015491302
-0.02285446;-0.032853324;0.006356958
-0.012814818;0.01746734;-0.0074144336
0.006935646;0.063973874;0.019068453
0.018829767;0.041804098;0.021504762
0.021313813;0.002193278;-0.00154619
-1.364493E-4;-0.0076203775;-0.001236952
-0.010265409;-0.012346302;-9.895616E-4
-0.016024828;-0.016127042;0.0054583508
0.014523888;-0.028526634;0.0043666805
0.036619112;-0.0071963067;0.0034933444
0.015232788;-0.008882046;-0.009705325
0.0028112307;-0.0071056364;-0.0077642594
-0.0071260156;-0.01818451;0.018788593
-0.022888312;0.019827392;-0.016219126
-0.0222169;0.022111915;0.012024699
-0.02324227;0.03018953;-0.0028802408
-0.022500066;0.017901625;-0.0023041926
-0.029718803;-0.0013036999;-0.0018433541
0.009037457;-0.00416796;-0.0077246833
0.045511216;-0.018959368;0.0063202535
0.041877724;-0.021417495;-0.0011937973
0.04522093;-0.014008995;0.0052949623
-0.008354507;0.0044178036;-0.01451403
-0.029339856;-0.0027157571;0.013388776
-0.0062843845;0.013452394;0.016961021
-0.0026837578;0.0138869155;0.0010688165
9.779938E-4;0.014234533;0.013355053
0.003126145;0.005137626;0.0044340426
-0.026405334;9.851007E-4;-0.0027027659
-0.028936768;-0.00858692;-0.014662213
-0.009868164;-0.031869534;-0.0054797702
0.02101172;-0.028620629;0.0018661838
0.045715626;-0.010396503;-0.017257053
0.01547875;-0.020817202;0.0049443576
-0.0141795;0.0020962383;0.003955486
-0.0113436;0.04230199;0.009414389
0.00967512;0.058841594;0.013781511
0.002271346;0.043948274;0.017275209
-0.023182923;0.03515862;0.0013201671
-0.020108838;0.021876896;0.0010561337
0.008131679;-0.010623484;-0.005405093
0.020567844;-0.045998786;-0.023074074
0.046923026;-0.07117403;-0.03095926
0.03363217;-0.07256422;-0.012267408
-0.0020005142;-0.03617638;0.008936074
-0.04378791;-0.010191103;0.013398859
-0.05221783;0.026222117;-0.0142809125
-0.04958676;0.042852692;0.03857527
-0.02638816;0.037407156;0.024610216
0.0062332214;0.023675725;0.0071881725
0.037017826;0.01894058;-4.9946184E-4
0.03586426;-0.009847537;-0.01914957
0.02869141;-0.04225303;-0.027819656
0.026859378;-0.033802424;0.0027442756
0.013675002;-0.020791939;-0.0040545794
-7.7874836E-4;0.02086645;-0.028243663
-0.015466749;0.05731816;0.014905069
-0.020185899;0.04897953;0.043174054
-0.025523718;0.023558622;-0.009210756
-0.005575225;0.009471898;-0.013618604
-5.539303E-4;-0.001797482;-0.010894883
0.024556857;-0.020187985;0.003784093
0.025114235;-5.2538846E-4;0.021777274
0.012278887;0.015204689;-0.0075781806
-0.01048939;0.005913751;0.006437456
-0.026360262;-0.010893999;0.0051499647
-0.01327571;-0.0024651992;0.010369971
0.0026606824;-0.01134716;-0.035454024
0.029472295;-0.018452728;-0.015863217
0.023577837;-0.014762182;-0.012690575
0.02433102;-0.008684746;-0.0039024595
0.0077460655;-0.031947795;-0.0031219677
-0.032084398;-0.025558237;-0.0149975745
-0.011605018;-0.0048215897;0.01925194
-0.0038152644;0.046142727;0.009151553
-0.012427212;0.061914183;0.001071242
-0.02556677;0.033906344;0.007106994
0.010015335;-0.013499923;0.018185595
0.027543517;-0.023299938;0.002048476
0.006409814;-0.031139951;-0.010861219
-0.0026846486;-0.05303696;-0.046188977
-0.002147719;-0.026804568;-0.02445118
-0.007186925;-0.005818655;-8.1094424E-4
-0.01746829;0.007845076;0.0056012445
-0.024912132;0.01252606;0.023230996
-0.014460956;0.02252085;-0.0064152037
0.0071812356;0.014891679;0.013617837
0.017463738;-5.866568E-4;0.01714427
0.013970991;-0.016094325;0.013715416
0.011176793;-0.03475046;0.0047223326
-4.3356596E-4;-0.018425368;-0.033722132
-0.009721853;-0.014740295;-0.020727707
-0.021839982;7.077643E-4;0.0021678344
-0.009659486;0.022441212;0.0017342675
0.009459912;0.002327969;-0.004862586
0.017724179;0.0049873753;0.03360993
-0.0014456568;0.0133649;0.001887945
4.0597463E-4;0.01381692;-0.004739644
0.02923103;0.0016785362;0.014958285
