-0.01628839;-0.018011384;-0.0019173537
-0.024749463;-0.067534104;-0.014033883
-2.6832006E-4;-0.11652729;-0.0049771066
-0.022870906;-0.11509683;0.0022683148
-0.032359224;-0.098327465;-0.016935349
-0.03448113;-0.09584947;-0.0072982786
-0.024459904;-0.051679578;-0.012088623
-0.024255423;-0.02259366;-0.015920898
-0.009248088;0.025675071;-0.012736718
4.140292E-4;0.074446306;-0.010189375
0.027674973;0.115025796;0.0105985
0.050264977;0.11545814;0.0272288
0.036305733;0.07439776;0.04678304
0.010294586;0.019674458;0.018676432
-0.003483081;-0.051447935;0.014941146
-0.004348965;-0.08022085;-0.044297084
-0.011291672;-0.057926677;-0.035437666
0.013622913;-0.027591342;-0.028350133
0.00542958;0.0076144263;-0.016430106
-0.020656336;0.031091541;0.024355914
-0.02043132;0.034248233;-0.011765269
0.016467445;0.048492335;0.021837786
0.013173956;-0.005737381;0.023720229
0.0066329148;-0.056152403;0.03147618
-0.021256167;-0.07304692;0.0064309463
-0.043567434;-0.09750004;-0.03235524
-0.023916448;-0.07018753;-0.025884194
0.009773092;0.023537476;-0.026957355
0.034380972;0.05632998;0.009684116
0.022036029;0.058345232;0.013997292
-0.030808676;0.05058244;0.023697834
-0.012928192;0.02015345;2.0826714E-4
0.030282447;0.00831026;-0.0060833865
0.017975958;0.0050857076;0.001383291
0.020630766;0.0056310664;0.026106633
-0.012401638;0.002942353;0.0021353061
-0.027108809;-0.025771117;-0.004541755
-0.009968298;-0.014366894;0.008866596
0.010775362;-5.5601523E-4;-0.030406723
0.021901539;0.019867688;-0.024325378
0.021427482;0.0479254;0.018039698
-4.55148E-5;0.02115282;0.008181757
-0.021130161;0.0028597561;2.9540618E-4
-0.03565413;-0.037555944;0.025236325
-0.0019608035;-0.062857255;0.00768906
0.010150108;-0.059660804;-9.875204E-5
0.015151336;-0.014916144;0.018670999
-0.008972681;-0.025995415;-0.010063201
-0.008740645;-0.009858832;-0.02055056
-0.003086266;0.031175435;-0.03519045
0.0131559875;0.053846598;-0.003152359
0.008181039;0.062608525;-0.027521888
-0.020017669;0.05164932;0.00923249
0.0027358653;-0.008680542;0.03863599
0.015469942;-0.042881932;0.012158793
-0.010280296;-0.117118046;-0.002772965
-0.012130487;-0.12806943;-0.052218374
0.015295611;-0.05558055;-0.016774697
0.016142739;0.03053556;-0.007169758
0.01447669;0.0939597;-0.018235806
-0.0032623974;0.08141776;-0.008338645
-0.022141168;0.036227956;0.024579084
-0.021619184;-0.014767635;0.019663267
-0.029795347;-0.08212661;0.015730614
-0.030086279;-0.10632629;-0.012415509
-0.013131523;-0.10068603;-0.03493241
0.005119782;-0.07586132;-0.021695925
0.017377075;-0.038814057;-0.01735674
0.012339161;0.034573752;-0.0013853925
0.0036213284;0.0854715;0.023891686
0.018522063;0.068377204;0.04411335
0.0030989002;0.06407676;0.016540678
0.00872912;0.03563641;0.013232543
0.010889546;0.011321628;0.0043360344
-0.008475863;-0.001880198;-0.027781172
2.5055953E-4;-0.023379158;-0.03472494
2.0044761E-4;-0.018703327;-0.00902995
-0.010777142;0.0037873385;-9.739602E-4
-0.0015904636;0.02021737;-7.791682E-4
-0.006741121;-0.011951103;0.024376666
-0.030392896;-0.015810883;0.019501332
-0.0110330675;-0.007961206;-0.009398934
0.016173545;0.028006036;0.004980853
0.015282587;0.058342326;0.016484682
0.008319819;0.052142613;-0.005562254
0.0043121055;0.04562034;-0.029449804
0.0034496845;0.03259002;0.0014401573
-0.023802752;-0.0043967324;0.032402124
-0.014354702;-0.056642387;0.0196717
0.008828739;-0.112501405;0.02198736
-0.028874509;-0.118126124;-0.013660111
-0.012162107;-0.0773134;-0.02342809
0.001989064;-0.04935072;-0.04374247
0.010966252;0.008956923;-0.016243977
-0.002945749;0.04779054;0.018254818
0.013268401;0.04760743;0.020853855
-0.0026665293;0.024023445;0.004183084
0.028335527;0.012968755;-0.015403533
0.014855921;-0.011499995;0.012677173
0.010322237;1.7500362E-4;0.0038917388
0.0020077897;0.012640003;0.015613391
0.007856232;0.006987002;-9.2871305E-6
0.010191236;0.0040271017;-7.429704E-6
-0.0035657617;-0.0155283185;-0.006255944
-0.00832136;-0.023360156;-0.011254755
-0.030875837;-0.021813124;-0.002753804
0.00498683;-0.006512999;-0.008453043
0.013364464;0.0026021008;-0.0067624347
-0.0025896789;0.02864418;0.019590052
0.001834507;0.021352844;-0.003077958
-8.7614445E-4;0.015519775;0.016287634
-0.038982164;-0.03758418;-0.011969893
-0.035873234;-0.03162984;-0.022075914
-5.73586E-4;-0.034678876;-0.011410732
0.024541132;-0.0261806;-0.015378585
0.030570405;-0.00375698;-0.018552868
0.018987574;0.006369416;0.003907705
-4.349408E-4;0.006658033;0.028126163
0.007464547;0.038138926;0.010000931
0.008315388;0.04926114;-0.023249255
4.023103E-4;0.026908914;-0.018599404
0.012040598;0.02465213;-0.0023795231
0.02525748;-0.008403296;0.029346382
-0.008700267;-0.048910137;0.010977105
0.010227286;-0.05787811;0.008781685
0.02927558;-0.049427487;0.013275348
0.0062329634;-0.00985449;-0.008129722
-0.03173238;0.020241408;-0.025253778
-0.0042921538;-0.0025568735;-0.007703022
-0.008902472;0.030767001;0.012587583
0.008503022;0.0621136;0.022570066
-0.016635083;0.03875338;0.018056052
-0.003933066;0.027877705;-0.004305158
-8.0270285E-4;0.0019896636;-0.022194127
-0.010017162;-0.0015332691;-0.005255301
0.01464252;0.019085884;-0.0042042406
0.019526517;0.032456208;0.009136607
-0.005472537;0.007214966;0.013559286
-4.7177967E-4;-0.022353027;-0.020402571
0.0011850763;-0.04131992;-0.022572057
-0.0068644388;-0.047118437;0.013192355
-0.010960301;-0.06581975;0.054303885
-0.03767449;-0.0776558;0.049693108
-0.0106083425;-0.05274964;0.0022544854
0.016513325;0.0156127885;-0.04194641
0.02414816;0.07967773;-0.03355713
0.025568528;0.105148435;-0.020595703
-0.0045451773;0.08255625;0.0022734373
-0.037229892;0.03245125;0.03306875
-0.051658913;0.0056484984;-0.0110450005
0.02586037;-0.0376687;-0.040086
0.033969544;-0.10669746;-0.0133188
0.027175637;-0.11348297;-0.0044050403
-0.041540742;-0.08453637;0.021475967
-0.039482594;-0.0035666001;0.010930775
-0.0065860744;0.00495922;-0.01625538
0.03535614;0.035217375;-5.043044E-4
0.04312866;0.1156739;-0.012903444
0.030596681;0.09019537;0.0021772452
-0.005991406;-0.030187454;0.032991797
-0.025886875;-0.025712462;0.026393438
-0.022272;0.02005503;-0.01638525
-0.0178176;0.016044024;-0.0131082
-9.728299E-4;0.001897719;-0.0042365603
0.033596735;-0.0047318246;-0.028389249
-0.0035913612;0.03215204;-0.0039613987
-0.010685589;-0.0024033678;-0.003169119
-7.3597115E-4;-0.036297694;-0.021285295
-5.887769E-4;-0.044663154;0.007971764
-0.0043772715;-0.013855524;0.05637741
-0.0035018171;-0.00795942;0.0138519285
0.023761047;-0.037617534;-0.013918457
0.042446338;0.0058434717;-0.017384766
-0.02541793;0.08904978;0.023592187
-0.050803095;0.07123982;0.02512375
-0.056267474;-0.07582064;0.026349
-0.02313898;-0.10596901;0.0210792
0.011176316;-0.072275214;-0.00813664
-0.0066839475;-0.11875767;-0.012759312
0.035277843;-0.11531863;-0.06020745
0.12744102;-0.020379908;-0.07316596
0.15039031;0.03213357;-0.03353277
0.068749756;0.105394356;-0.014326214
0.0049998043;0.123377986;0.0010390286
-0.026468907;0.07995239;0.019581223
-0.046175126;0.031149412;0.04691498
0.0013411497;-0.02351797;0.037531983
0.01591667;-0.059439376;-0.0012244139
0.0017958358;-0.0944265;-0.03222953
-0.014188332;-0.1052287;-0.057033625
-0.034006916;-0.09199546;-0.0518769
-0.023299282;-0.028283868;-0.01025152
0.0016730743;0.014872905;0.029298784
-0.008036541;0.019710824;0.054689027
-0.007991732;0.017331159;0.04375122
0.0014191141;0.018552428;0.022500977
0.008166541;0.014841942;0.018000782
0.006533233;0.019686054;-0.023099374
0.013039086;0.03762384;-0.012229499
-0.002849981;4.1157426E-4;0.0277164
-0.021029985;-0.01529574;-0.0028268797
-0.04416774;-0.04036159;-0.008511504
-0.02908419;-0.032289274;-0.006809203
-0.002173602;-0.028956419;-0.011697362
0.0037298682;0.009647365;-0.00935789
0.0045463946;0.03740539;0.017513689
-0.009644134;0.061174314;-0.010989049
0.0040034424;0.06456445;-0.0025412396
0.003202754;0.053214062;0.004217008
0.0041247034;0.03632125;0.015873607
0.0056435126;-0.030318001;0.018948885
0.01388981;-0.0836294;-0.016090892
0.003299348;-0.10909102;-0.012872714
-0.0028292716;-0.13727282;-0.02904817
-0.035075918;-0.13169326;-0.041988537
-0.016341984;-0.0881671;-0.03984083
-0.011511087;-0.056471184;-0.019372663
0.0025098803;0.031385556;0.015751868
-0.0034608457;0.07823344;0.0063514956
-0.009018676;0.08914925;0.036331195
0.0029413088;0.060381904;0.004064957
0.002353047;0.034243025;-0.0029980342
0.0073511875;0.0070819184;0.0038515725
-0.0074003;0.011915535;-0.009418742
-0.01920149;0.10328243;0.036215007
0.022920057;0.15137595;0.12897201
0.046461046;0.07735075;-0.003072396
0.016075088;-0.0568694;-0.06495792
-0.01370243;-0.12518302;-0.039466333
-0.056274444;-0.082958914;0.012176934
-0.046582054;-0.033554632;0.053491548
-0.032578144;0.007531295;0.061543237
-0.040125016;0.07008754;0.00548459
-0.028975012;0.03419503;-0.05186233
-0.00599251;-0.06639398;-0.041489862
0.012393492;-0.073427685;-0.08319189
0.08803979;0.017820355;-0.11030351
0.13371308;-0.032618716;-7.428096E-4
0.18587671;-0.35734499;0.11190575
0.21354513;-0.09993848;-0.1542254
-0.07213265;0.6841117;0.04536968
-0.40458113;0.69494563;0.24254574
-0.1924149;-0.007324751;0.031536598
0.22809933;-0.3355473;-0.068520725
0.23247947;-0.09968784;-0.054816578
0.022702323;0.07649973;-0.043853264
-0.05215064;-0.043487716;-0.02883261
-0.055783015;-0.22072767;0.033183914
0.02256109;-0.29064465;0.0015471295
0.03914262;-0.11220321;-0.023762297
-0.041342154;0.10554993;0.043490164
-0.13776122;0.050064944;0.05354213
-0.068021476;-0.111510545;-0.050916295
0.05027032;-0.13608344;-0.07198304
0.091778755;0.034883253;-0.02008643
0.044516753;0.1575941;0.008930856
-0.010480347;0.16670027;0.038394686
0.011146972;0.09429772;0.043215748
0.04329258;0.02231318;0.034572598
0.059634063;-0.005586956;0.040158078
0.01489475;-0.016969565;0.025876462
-0.0029279501;-0.054200653;0.0019511705
-0.03124861;-0.055860523;0.0015609363
-0.002342638;-0.021250917;-0.023751251
0.01531339;-0.012313234;-0.019001001
0.09506321;-0.07391309;-0.008950801
0.10886307;-0.0075679696;-0.02591064
-0.026190795;0.11738312;-0.026978513
-0.21548389;-0.0060935006;0.07841719
-0.2458246;-0.0408123;0.056483753
-0.009159687;0.12203766;-0.042313
0.1684535;0.18513013;-0.0776004
0.0988253;0.0762291;4.1968108E-4
-0.03187726;-0.017141718;0.012835745
-0.052845556;-0.044963375;0.022768596
-0.026651446;-0.0359707;0.011964877
0.034147594;-0.07096406;0.022071902
0.121068075;-0.18177125;0.011407522
0.15076071;-0.1438545;-0.022123983
0.020608569;0.2489789;0.063550815
-0.11945064;0.23043312;0.06334065
-0.19868551;-0.173466;0.05067252
-0.1667609;-0.1981478;-0.12196198
0.10409127;0.08366926;-0.16006958
0.14655426;0.19349791;-0.06555567
0.05630591;-0.023326674;0.060055465
-0.09479902;-0.17178634;0.07929437
-0.10396422;-0.020241572;0.025935497
0.019172378;0.107244246;0.008248398
0.080962904;0.056107894;0.019098718
0.03977032;0.0026988152;0.009028975
-0.031464994;0.025596552;0.019723179
-0.0025157444;0.031414744;-0.009221456
3.3115453E-4;-0.032680705;-0.013627165
0.025264924;-0.07770707;-0.04215173
0.020211939;-0.03872815;-0.046221387
-0.012736699;-0.004420022;-0.0057271086
-0.02972061;0.0042764824;0.026668314
-0.038620237;-0.020016314;0.02133465
-0.01995869;-0.005075551;-0.007932279
0.043408047;-0.010310441;-0.050095823
0.021445189;-0.009810853;0.04742334
-0.20003136;-0.025036182;0.15668868
-0.18971258;-0.035653945;-0.012149062
0.051354937;-0.020710656;-0.14096925
0.19420895;0.0115564745;-0.1127754
0.04599216;0.01862018;-0.01522032
-0.12883127;0.086771145;0.056573745
-0.14837752;0.103791915;0.045258995
-0.026514515;-0.027903968;0.011207196
0.063163385;-0.12232318;-0.022284243
0.088811964;-0.07754604;-0.042827394
0.04214332;-0.022974331;-0.0030119154
-0.015504095;0.019120535;0.0100904675
8.779739E-4;0.057483926;0.0018223741
0.01788988;0.06629964;0.0264579
0.036968153;0.059289712;0.00866632
0.017855773;0.04274427;0.013183055
-0.04196538;0.009195417;0.0042964444
-0.036697306;-0.022331167;-0.021562845
-0.021545345;-0.020989934;-0.011000276
-0.0070800255;-0.019916946;-0.0025502203
-0.0056640203;-0.022183558;-0.014540176
-0.0029687164;-0.023996845;-0.005382141
-0.0117499735;-0.009822477;0.039444286
-0.013306228;-0.026607981;0.012805429
0.008105017;-0.005661385;-0.008505656
0.0025777637;0.028283391;-5.54525E-4
-0.007312789;0.044501714;0.00580638
-0.0058502313;0.04028887;0.004645104
0.012507315;0.032231096;0.022466084
-0.015775397;0.017972378;-7.7713345E-4
-0.028245319;0.012815402;-0.006871707
0.007872495;-0.0116226785;0.025752634
0.028954247;0.007889357;0.0018521077
0.021600896;-0.006188514;-0.017268313
-6.880324E-4;-0.008075811;-0.020064652
-0.017737925;-0.02052315;-0.0035517209
-0.01809659;0.013268981;-0.009091376
-0.019164773;0.026240185;-0.026023101
0.003418182;0.038179647;-0.008318481
0.008203296;0.005543718;0.012095215
-0.009062364;-0.019002525;0.003426172
0.01384386;-0.01676452;0.0152409375
0.022793837;-0.016536616;0.03719275
0.02604757;-0.025729293;0.0047542
0.016931806;-0.020583434;-0.04619664
-0.0020795553;-0.013341747;-0.011957312
-0.031351145;0.015889103;-0.0033158495
-0.025080916;0.012711282;-0.0026526796
-0.021627232;0.044544026;-0.008372144
-0.020426786;0.07001022;0.0120522855
8.4607134E-4;0.040383175;0.022141827
-8.8564295E-4;0.002619041;0.023963463
0.016478986;-0.008842267;0.01292077
0.009276939;-0.021136314;0.022836616
0.024609052;-0.023159051;0.005769293
-0.0029690093;0.0017852591;-0.0016345658
-0.0023752074;0.017053207;-0.0075576524
-0.005806416;-0.0019824342;-0.018546121
-0.008551382;-0.0062734475;-0.014836898
9.713938E-4;0.005918742;-0.005619518
0.010152115;0.046922494;0.008004385
-0.012190808;0.026600495;0.025153508
-0.008971397;-0.003719604;0.0013728067
-0.012645867;-0.009225683;-0.011401755
-0.0023041938;-0.018318046;0.009628597
0.023156645;-0.027154436;-0.004797123
0.022431565;-0.018598549;0.008662302
-0.020335997;-0.03206634;-0.005570159
-0.042831298;-0.031903073;0.014293873
-0.03270254;-0.0052099577;-0.0385649
0.013681719;0.011457034;-0.012101921
0.018757876;0.06385313;0.002818463
0.0165688;0.055770002;0.02100477
0.0038800403;0.019616002;0.016803816
0.0031040323;-0.0030571988;-0.005306947
0.002483226;-0.033695757;0.014504442
4.2408067E-4;-0.009769107;0.024103554
-0.014504486;-0.028127786;-0.005717157
-0.025666088;-0.04125223;-0.0045737256
0.0021233794;-0.045501783;-0.02240898
9.1745344E-4;-0.050463926;-0.011677184
7.3396275E-4;-0.04505864;-0.021841748
0.01699342;0.003015587;-0.011223398
0.0057822363;0.04772497;-0.008978718
-0.011780461;0.058492474;-9.329747E-4
0.0069818813;0.054606482;0.00550362
0.011835505;0.049935184;0.016902896
0.003218404;0.055573147;0.001022317
-0.020081528;0.0038335181;-0.0054321466
0.0026847785;-0.017245686;-0.0043457174
0.0060540726;-0.06379655;0.0027734262
9.3700824E-4;-0.06666224;0.02721874
-0.021125393;-0.06426729;-0.003225007
-0.009087815;-0.04672633;-0.015080006
0.0021047483;-0.006131066;-0.018314004
0.014183799;0.046657648;-0.027151203
-0.0011529612;0.06388862;0.009529037
0.010015131;0.08236089;0.02012323
1.9960487E-4;0.06745122;0.022348585
0.005628434;0.036773473;-0.007121133
-0.008778503;0.013793778;-0.011946906
0.0023521977;-0.009277478;0.015442475
0.015163008;-0.023046982;0.00610398
-0.0058383434;-0.023125086;0.004883184
-0.018733175;-0.04350007;0.003906547
-0.03842404;-0.045737553;-0.0156247625
-0.013551732;-0.025652545;-0.0062498096
0.014158615;-0.006459535;-0.029999848
0.017576892;0.027644873;-0.017749878
-9.86712E-7;0.023678398;-0.0016999026
-0.0062507894;-0.006057282;0.017390078
-0.019063132;-0.028283326;0.032662064
0.012874495;-0.03356416;0.02612965
0.029830845;-2.888284E-4;0.00840372
0.016052177;0.034143936;-0.018277025
0.01674799;0.05700265;-0.0021216192
0.007929643;0.08466462;0.023302704
0.0039999643;0.077887945;0.0061421636
-0.021800028;0.013091607;-0.02008627
-0.037752524;-0.033276714;0.008930985
-0.006764518;-0.048496373;-0.017855212
-7.2411454E-4;-0.0747346;-0.014284169
-0.016204292;-0.07853768;-0.005177336
-0.019213432;-0.07845514;0.014608132
0.0033792534;-0.07526411;0.005436505
0.017547153;-0.03989879;-0.020650797
0.019506471;0.013393467;-0.016520636
0.036698926;0.07165227;-0.03196651
0.03873414;0.12216557;-0.0068232077
0.023956064;0.117263705;0.025791435
0.001196101;0.07427971;0.020633148
-0.03419937;0.028955022;0.029006518
-0.061734494;-0.029960983;0.016955214
-0.046262596;-0.094281286;-0.017685829
-0.05107258;-0.14261253;-0.020398663
-0.034608062;-0.092215024;0.0024310697
0.0035635508;-0.03158452;0.0019448558
0.05206959;0.027857386;-0.023444116
0.07368692;0.07853591;0.006244708
0.051918287;0.14173497;0.011245766
0.00872213;0.15323173;0.015246613
-0.0047410456;0.118679136;0.018447291
-0.0037928366;0.043380808;0.027257832
0.02040323;-0.033264104;0.009306266
-0.007114915;-0.07348628;0.026195012
-0.024441931;-0.12285153;0.02095601
-0.044553544;-0.18109372;-0.020735191
-0.043455336;-0.16362497;-0.07283815
-0.01288927;-0.059024982;-0.052020524
0.0068760845;0.069967516;-0.016616419
0.013313368;0.134099;0.017956866
-0.014349306;0.15337296;0.026865492
0.004145555;0.13597962;0.021492394
0.019722695;0.066596195;0.004693915
0.034528155;0.0017144552;0.028755132
0.016685024;-0.061128438;0.023004105
-0.00930823;-0.11296525;-0.012846716
-0.009009085;-0.1200597;-0.016527371
0.0052927323;-0.09604776;-0.013221898
0.0018904359;-0.042463206;-0.023077518
0.0077623487;0.003529434;-0.018462015
0.006209879;0.03563605;-0.008519611
0.012780403;0.05507134;0.01818431
-0.0077444273;0.06593207;0.0020474484
-0.028070541;0.055870656;0.014137959
-0.014643934;0.011884025;0.023810366
-0.019527648;-0.02643028;-0.012201706
2.8825232E-6;-0.035206724;-0.022261364
0.012502306;-0.06722788;-0.030309092
6.268448E-4;-0.060032304;0.007002726
0.0036264758;-0.023025842;0.01810218
0.0029011806;-0.010608174;0.026981745
7.5844454E-4;-0.008486539;0.009085396
0.017794255;0.02758577;0.0010183167
0.025954155;0.048631113;-0.011685346
0.012950824;0.065467395;0.0031517227
-0.005264341;0.053936414;-0.0037286219
-0.0128052225;0.030649131;0.0095171025
-0.0055566784;-0.0067306953;-0.017386317
-0.004445343;-0.049134556;-0.013909054
-0.003556274;-0.058057643;0.0013727564
-0.02159502;-0.069883615;0.0010982052
-0.021963516;-0.046531893;-0.005371436
0.0027416877;-0.020038014;-0.010547149
0.02094335;0.026157089;-0.0021877189
-4.328199E-4;0.06936317;0.029499825
0.007466244;0.061740536;0.01109986
-0.0034020047;0.05251743;-0.022370111
-0.005846604;0.049826443;-0.01164609
-0.003114783;0.016423656;0.009433128
0.0061019235;-0.030611075;0.0012965027
-0.009962211;-0.05730136;0.013537202
-0.007969769;-0.08802859;0.02332976
-0.0095008155;-0.07823537;-0.01258619
0.0017743479;-0.0532133;-0.028818952
0.0045444784;-0.0050706374;0.001944838
0.013010583;0.05063099;0.0078058704
0.0025959662;0.07956729;-0.018755304
0.013795523;0.071466334;-0.002504243
0.0024426684;0.061860565;-0.008253395
0.012891634;0.052613452;0.012147284
0.019688308;0.009278263;-0.0027821723
0.019656897;-0.014452389;0.022774262
1.0051694E-4;-0.045936912;0.01196941
-0.033513337;-0.06174953;-0.015424472
-0.03618567;-0.058774624;-0.018589579
-0.033636034;-0.039207198;-0.0148716625
-0.020658828;-0.020428259;-0.01189733
0.019410437;8.4489275E-4;-0.015767863
0.0194346;-8.865858E-4;0.031135708
0.03820393;0.03522823;0.031158566
0.011813144;0.06568258;0.018676853
0.018825514;0.050983567;0.002441483
0.0017791621;0.025161855;-0.010546814
-0.01810792;0.013879484;0.01656255
-0.022298837;-0.002958913;-0.005499961
-0.03502657;-0.04767963;-0.01689997
0.0032287447;-0.053768706;-0.019769974
0.017426746;-0.050827462;-0.00956598
6.601467E-4;-0.05784947;0.011097216
-0.0025968826;-0.024404576;0.015127772
-0.017702507;0.039851338;-0.006647782
-0.017287005;0.07250607;-0.0053182254
0.012732896;0.067379855;0.020745419
0.030498818;0.049216386;0.035346337
0.022055304;0.0034356082;-0.0029729314
-0.0050120074;-0.022251513;-0.014878345
-0.016509606;-0.04905121;5.9732393E-4
8.548154E-4;-0.076740965;-0.02452214
-0.029003648;-0.045767777;-0.019617712
-0.016952919;-0.03505172;-0.02194417
-0.0010623345;-0.018666375;-0.011305336
7.126324E-4;0.019441899;-0.021544268
0.017757606;0.029616019;0.014014585
0.009518585;0.033067815;0.023711668
0.0076148678;0.026454253;0.0064693345
0.006091894;0.021163402;0.0051754676
-0.0029389847;0.03255572;0.010390374
-0.0023511876;0.029169578;0.008312299
-0.02531845;0.006148162;-0.0058501605
-0.00931726;0.0080435295;-0.04218013
0.015983691;-0.020127676;0.010005897
0.024505703;-0.027039642;0.014254718
7.331282E-5;-0.04350671;0.011403774
-0.009316349;-0.05668037;0.0153730195
0.0019219202;-0.029719297;-0.018951584
0.028100036;0.015287063;0.009838732
-0.005644971;0.05285465;-0.010879014
0.0025152732;0.07665872;-0.0024532112
0.02154347;0.067576975;0.023037432
-0.012452725;0.02281158;0.018429944
-0.01464968;-0.009875735;0.008493956
-0.010157244;-0.04696309;-0.018204836
-3.1329528E-4;-0.06413297;-0.027063869
-0.0033756362;-0.035681378;-0.0029010945
0.005111991;0.015204899;-0.008570876
-0.0037229073;0.02310142;-0.0068567004
-0.0014158258;-0.0033938647;0.0070146397
0.019961089;0.014472408;0.024361711
-0.0144998785;0.013140427;7.393693E-4
-0.036599904;-0.0066751586;-0.018158505
-0.013654922;0.004034873;-0.008276803
0.014857313;-0.0061471015;-3.714429E-4
0.01188585;-0.012730181;-2.9715433E-4
-0.01158507;-0.013309145;0.0060122767
0.023544444;2.90184E-4;0.004809821
0.013366805;0.009607147;0.003847857
0.020068444;-0.017314283;0.0030782856
0.025429755;-0.013851426;0.0024626285
0.0070625544;0.010793859;0.020720102
-0.022474956;0.038322587;0.022826083
-0.033604965;0.02753307;-0.0067391344
-0.015946472;0.039213955;-0.049141306
0.0028678223;0.026683664;-0.033063047
-0.007080742;-0.04115307;0.017299563
0.016991656;-0.086047456;0.03258965
0.015937075;-0.082900465;0.0073217205
-0.00287534;-0.09132037;-3.926236E-4
-0.010112772;-0.058993798;-0.019064099
0.015347282;0.015304962;0.003498721
-0.018972173;0.06849397;-0.034701023
-0.05111524;0.07667018;-0.0027608187
-0.025267191;0.07696114;-0.002208655
-0.009276253;0.038131412;-0.0017669239
-0.024608502;-0.05230737;0.011086461
-0.005624302;-0.09184589;-0.0036308314
-0.010749442;-0.08128922;-0.021654665
0.017962947;-0.08065637;-0.023573732
0.029995358;-0.066087596;-0.025108986
0.038840037;-0.04818258;-0.0075871884
0.038884528;0.033328936;0.018930249
0.016263872;0.07978815;0.040144198
0.0067610983;0.11539302;0.01961536
0.011658879;0.09387691;0.015692288
0.030420853;0.06885153;5.383007E-5
0.010274182;0.033206224;0.006293064
-0.019124404;-0.015622519;-0.013715548
-0.012174523;-0.07968552;-0.010972439
0.0011978814;-0.123123415;0.016222049
-0.017791694;-0.11881123;-0.012022361
-0.012670856;-0.08723649;-0.040867887
-0.032011684;-0.058851685;-0.013944311
-0.025609348;-0.00958135;-0.017405448
-0.023612479;0.02514742;-0.001424359
-0.022014983;0.077930436;-0.0073894872
-0.011361986;0.09515685;0.00658841
2.8541114E-4;0.07768798;-9.792718E-4
0.012728329;0.044962883;0.011716583
0.019557662;0.010970307;0.015623266
0.01877113;-0.027161255;0.006248613
-6.080956E-4;-0.063916504;0.02374889
0.0010760236;-0.0823832;0.018999113
-0.008514181;-0.07684406;-0.01605071
-0.017748846;-0.08022525;-0.04409057
-1.3657595E-4;-0.0360552;-0.029022455
-0.0016717608;0.01490584;-0.010717964
-0.016962409;0.058799673;-0.008574371
-0.016694928;0.07203974;0.018140504
-0.0039809416;0.06231929;-0.0042375973
0.024940247;0.049855433;0.021609923
0.035577197;0.021134345;0.017287938
0.024555508;-0.019030023;0.01383035
0.007925657;-0.027724018;0.023564281
0.004778025;-0.023741715;0.012601424
0.00929117;-0.059618372;-0.0024188608
-0.005848314;-0.1023822;-0.02693509
-0.03124115;-0.086593255;-0.015298071
-0.04530542;-0.058337107;-0.043488458
-0.019056836;-0.034169685;-0.016040765
0.0113170305;0.022664253;-0.006582612
0.009053624;0.0618814;-0.01151609
9.928996E-4;0.12450512;0.0032871282
0.02735682;0.119916596;0.0338797
0.017197955;0.08343328;0.008353762
0.009070865;0.024559122;0.02543301
0.01663169;-0.011602703;0.007846408
0.015649103;-0.037407164;-0.024972875
0.008613032;-0.08930073;-0.007478299
-0.013422074;-0.11675309;-0.0059826393
-0.023237659;-0.10746497;0.007713889
-0.0029651274;-0.093784474;-7.888913E-5
-0.021122102;-0.068777576;-6.311131E-5
-0.010647682;-0.036272064;-0.006300489
-0.0038306452;-0.00870515;-0.0050403913
-0.0015020161;0.03209838;-0.004032313
-0.007451613;0.067866206;-0.0094758505
-0.0028362903;0.08554296;-0.0013306803
0.013355968;0.10749687;0.023935456
-0.0018152258;0.0734975;0.012898365
0.023547819;0.036923;0.0040686917
-0.017099245;0.021725897;-0.015495047
-0.0058668954;0.008005718;0.0063539627
0.0015564836;-0.0060954257;0.01758317
-0.0018798131;0.01231116;0.0015665361
0.012558649;0.0035989278;0.02000323
-0.016515581;0.013816643;0.0035025831
-0.010087464;0.0032408137;-0.015947934
0.016930029;0.05259265;0.012241653
0.04635652;0.05144912;-0.021456677
0.021460218;0.063034296;-0.023415342
-0.009394325;0.05198994;1.7726434E-5
-0.026265461;0.02440445;0.0062641813
0.022737632;-0.00703894;0.017511345
0.022096355;-0.05875615;0.020259077
0.027052084;-0.09856742;0.00995726
0.012266668;-0.11166644;-0.0045341915
-0.004249166;-0.10183315;0.002622647
-0.008868082;-0.09865402;-0.010401882
-0.025844466;-0.082048215;-0.027071506
-0.028488073;-0.023451073;-0.021657204
-0.06029046;0.032801643;-0.017325765
-0.03729487;0.06374131;-0.02011061
-0.015773393;0.06505555;0.0151615115
-0.025118714;0.05829444;-3.707911E-4
0.0033425281;0.038823053;0.0059533673
0.021424023;0.016995942;0.023512693
0.023389218;0.010471754;6.0154965E-5
0.029648874;-0.007247597;0.012548124
0.0127816;-0.019860577;0.016288498
0.01881903;-2.6346216E-4;-0.0182192
0.025211474;0.00760173;-0.0020753606
0.025637928;0.021706384;-0.0016602884
-5.834068E-4;0.047052607;0.011171769
-0.011404226;0.017329587;0.015187415
-0.0013108804;0.0076136687;-3.5006768E-4
0.006763796;-0.040784065;-0.0127800545
0.005411037;-0.046689752;0.0022759568
-0.011296171;-0.0357893;0.0018207653
-0.013724437;-0.014568942;-0.004793388
-0.014104549;-0.022592653;0.0024152899
-0.012846139;-0.014949122;0.0019322318
-0.010276912;-0.0010217979;-0.010954214
-0.009784029;0.03980756;-0.021263372
-0.0062647234;0.013096049;0.020489303
-0.0065742787;0.0042268396;0.022641443
0.011928077;0.034631472;0.036863152
0.031417463;0.035517678;0.016990524
0.03685272;0.031539142;-0.011407581
0.027138425;0.025231313;-0.009126065
0.02561699;0.04674755;-0.0010508522
-0.0131001575;0.04052304;0.005409318
-0.012042626;0.012105932;-0.0019225454
-0.034634102;-0.026252754;0.0047119637
-0.01520728;-0.052252203;0.03501957
0.0050216755;-0.037114263;0.0030156567
0.0055798404;-0.03594141;-0.022587474
-2.2362775E-4;-0.052190628;-0.02431998
0.004508598;-0.027690003;-0.0069559836
-0.0057681217;-0.011214502;0.006935213
0.0016355026;0.020715898;0.0055481703
0.014589652;0.04313522;-0.026811464
0.017140472;0.053258173;-0.015199171
0.03480613;0.08479404;3.4066325E-4
0.0067511518;0.081897736;0.03152253
0.0014946715;0.038955685;0.012718025
-0.007398013;0.013977049;0.0039244196
-0.01060591;-0.02788086;-0.009360464
-0.016297229;-0.04105469;-0.0074883713
-5.3778256E-4;-0.04065625;0.019009303
-0.020742726;-0.045025002;-0.009792558
-0.01659418;-0.03602;-0.007834046
7.8715535E-4;-0.025691;-0.012517237
0.0076609743;0.0013221995;-0.02251379
0.0022225294;0.0073077595;7.389684E-4
-0.0013469765;0.037096206;-0.0056588254
0.008297419;0.039051965;-0.023277061
3.8793506E-4;0.06092907;0.0063783517
-0.0012521519;0.026868258;0.023852682
0.0044670287;-0.011317893;0.031582147
-0.006582627;-0.032491814;0.012765716
-0.003703602;-0.060368452;0.0039625727
0.011880868;-0.04829476;-0.015579942
0.026692195;-0.008948309;-0.024963953
0.005728756;0.058466353;0.0050288374
-0.029010745;0.068648085;-0.00222693
-0.021646095;0.029918466;-0.008031544
-0.014191877;0.025497273;0.0060747648
0.0058339983;0.03602282;0.0048598116
0.0031046986;-0.0055567455;0.04138785
0.02748376;-0.027882896;-0.0043897205
0.018080758;-0.037931316;0.008988224
0.0066521056;-0.042845055;0.019690579
-0.0063970652;-0.024901044;-0.009247537
-0.0066801524;-0.010545834;-0.038648028
-0.0084691215;0.019688332;-0.0059184236
-0.0020877975;0.051688164;0.02651526
-0.014170238;0.013225533;0.008712209
-0.0050861905;-0.0034820738;-0.018030234
-0.008756452;0.003464341;-0.033174187
0.014088588;-0.014416027;0.004710651
0.0042396206;-0.008407822;-0.0024814792
-0.0028583035;-0.037976258;0.035514817
-0.017911643;-0.039756007;0.028411854
-0.029954314;-0.017742304;-0.0085205175
0.01822405;0.013931156;-0.019316414
0.013016739;0.043957423;-0.009203131
0.008069641;0.03516594;-0.013612505
0.014268213;0.054695252;0.032859996
-0.01124168;0.028131202;-0.0049620033
-0.0074308435;-0.0056200386;-0.016469603
0.009680325;-0.031058531;-0.025675682
0.00149426;-0.052971825;-0.020540545
-0.009742092;-0.03768996;-0.010182437
0.017206326;-0.03171447;-0.0018959491
0.020796312;-0.033184074;0.010983241
0.011168299;-0.0046722596;0.015036592
-0.0027841108;0.029074693;-0.006720726
-0.0092585385;0.065447256;0.007123419
-0.010531831;0.0679828;0.018198736
-0.0053004646;0.03719874;0.014558989
0.009040878;-0.013991006;0.01789719
-0.0044860477;-0.034630306;0.008067752
0.017504912;-0.046454243;2.04202E-4
0.012441429;-0.044975895;-0.01858664
0.0037031437;-0.042230718;-0.021119311
0.005306265;-0.008784573;0.0018545514
-0.012942488;0.033597343;0.013983641
-0.04160399;0.045627873;-0.007563087
-0.020783192;0.0693148;-0.01230047
-0.004126554;0.05232684;0.0026596242
0.027167507;0.02623647;0.0146277
0.018609006;-0.011823323;0.0054521593
-0.009331546;-0.03133366;-0.008138272
-0.018402737;-0.053191926;-0.0065106177
0.0102778105;-0.04880354;0.0072915056
4.0974867E-4;-0.015605333;0.012083204
-0.005922201;-0.0062342663;-0.0028334365
-0.0109877605;0.013762587;-0.021016749
0.007616041;0.02663507;-0.0105634
0.012342833;0.022870556;-0.0022007194
0.009874267;-0.012953555;0.016989425
-0.008506837;-0.010362844;0.019841539
-0.01930547;-0.020790275;0.022123232
0.0064306245;-0.01819472;-0.007301415
-0.0073555005;0.0057567237;4.0886825E-4
0.0019280997;0.009292879;-0.005922905
-0.0062700203;0.016809303;-0.017238325
-0.012828516;0.013447442;0.0049593407
-0.005575313;0.015445454;0.010217472
0.011945999;0.0045438632;0.008173978
0.0173693;-0.022927409;-0.0059608174
0.03108294;-0.008966927;-0.011018654
0.0154913515;-0.024361042;-0.0025649234
0.0069243317;-0.030426333;-0.0020519386
0.011008215;-0.013403567;0.010858449
-0.002912178;-0.010722853;0.02743676
-0.013267242;0.013296717;0.009449407
-0.024676293;0.029387373;-0.011190474
-0.021303535;0.029759899;-0.015202379
-0.001417828;0.01912042;0.012838096
0.012146988;0.0027963354;-0.008479523
0.00581134;0.014737069;0.0057163816
0.002305322;-0.0053978455;-0.007926894
-0.0036244923;-0.0074432762;-0.012591516
-0.002899594;-0.021579621;0.008676788
-0.007007175;-0.0063261967;0.00694143
-0.01185574;-0.0066234577;0.005553144
0.0014529079;-0.014673766;0.0044425153
-0.014462674;-0.024239013;-0.015195988
-0.008445139;-0.02251621;-0.05590679
0.0010563888;0.028862031;-0.019725433
0.005532611;0.035589624;0.0029696543
0.023957338;0.0112842005;-0.0038742765
-0.009740379;0.01371486;0.015650578
-0.024979804;0.0047218883;0.018770464
-0.0043588425;-0.019659989;0.0025163703
0.007450426;-0.03447799;-0.016736904
0.02705409;-0.013519893;-0.013389523
0.025549524;0.0094965855;0.014288382
0.014970868;0.024784768;0.017680705
-0.015367055;0.032327816;-0.0046054358
-0.021668645;0.038362253;-0.0036843487
0.0045400844;0.057252303;-0.0029474788
-0.0026179324;0.02080184;0.010142017
-0.009906846;-0.034921028;0.0018636135
-0.036050476;-0.07481182;0.0077408906
0.0055346186;-0.08953696;0.018692713
0.020833945;-0.09662957;-0.01004583
0.004948406;-0.08199115;-0.039286666
-0.008541275;-0.05153042;-0.03767933
-5.830202E-4;-0.0037243378;-0.011393465
-0.017653916;0.05795803;0.003385228
-0.001623133;0.061991423;0.0027081824
-0.0012985064;0.06678064;0.008416546
0.005211195;0.06436201;0.025483238
0.022918956;0.007739609;0.0016365894
0.015991414;-0.025058312;0.0075592715
-0.025488118;-0.06379665;-0.006452583
-0.028202994;-0.06666232;-0.017662067
0.008687604;-0.06426736;-0.039129652
0.020231333;-0.052976385;0.0061962777
0.0044663167;-0.006443608;0.023707023
-0.0073644468;-0.0020298862;2.1561768E-4
-0.013704057;0.012438591;0.006422494
-0.009400746;0.06932587;-0.007362005
0.004979403;0.0726482;-0.018389603
0.0039835228;0.059681058;-0.008461683
-0.017125681;0.039932348;-0.0067693465
-0.009013046;6.958775E-4;0.013334523
0.009977063;-0.029130798;0.016917618
0.011106651;-0.07017964;0.0072840946
0.014354071;-0.07020621;0.0058272756
0.013827006;-0.053039968;0.01091182
0.0016866053;-0.025244474;-0.0037705435
-2.132158E-4;0.0094919205;0.0032335653
0.0045169275;0.037281036;0.002586852
-0.005761458;0.026699828;0.014569482
-0.026484167;0.03229736;-0.0133444145
6.876668E-4;0.02271289;-0.010675532
5.5013347E-4;0.0072328122;0.016459575
0.013721357;-0.01608875;0.0069176597
0.025039585;-0.0206835;0.011784128
0.016125418;0.0022032;-0.003072698
-0.0058496655;0.00488756;-0.0024581582
-0.012492232;-0.03515245;-0.008216526
-0.020931287;-0.035934463;-3.2322126E-4
-0.013620028;-0.02093507;0.005991423
-0.010896023;-0.016748056;-0.0014568616
0.011595681;-0.016523445;-0.02616549
0.020995295;-0.010093755;-0.014682392
3.8998626E-4;0.040362496;0.0132540865
0.008124489;0.044789996;-0.0018967305
0.0018120912;0.026456997;-0.0077673844
-0.0141753275;0.046165597;0.012536093
-0.011340261;0.03693248;0.010028874
0.0112402905;0.021733483;0.0142731
0.016023483;-0.010738214;-0.013581521
0.016725035;-0.022653071;-0.010865216
-0.006932471;-0.05562246;-0.008692173
-0.03992098;-0.06793547;-0.013203738
-0.025686782;-0.062160872;0.01443701
0.007575575;-0.043478698;0.0052996073
0.04356046;0.03396704;0.004239686
0.03875462;0.08029863;0.0033917488
0.011472444;0.089238904;0.002713399
-0.0033220446;0.052641124;-0.02907928
-0.043282636;0.0343004;-0.017013425
-0.04556361;0.02587782;-0.0011107398
-0.0020758868;0.0050772564;-0.0071385917
0.03583929;-0.020938195;0.019289127
0.047421433;-0.044875555;0.009181301
0.036374647;-0.053087946;0.01984504
1.9346675E-4;-0.07215785;0.009626033
-0.028751476;-0.031163786;-0.0047991737
-0.026126182;0.023506472;-0.01633934
-0.024025945;0.03599268;0.011928529
-0.014533256;0.033481643;0.003292823
0.0071233953;0.006472814;0.0026342585
0.034604967;-0.04169675;0.0021074067
0.023777723;-0.0630449;-0.029564075
-0.0020715718;-0.03012342;-0.01740126
-0.027438506;-0.0053487355;-0.0139210075
-0.029763306;0.022283511;0.0013631938
-0.014435644;0.036576807;0.026090555
-0.013111016;0.027698947;0.014622444
-0.008926312;0.004971658;0.0054479553
-0.01807855;-0.010085174;0.016858364
-0.02696284;-0.012755639;0.013486692
0.008117228;-0.041454513;-0.051710647
0.017431282;-0.023788609;-0.035118517
0.038163777;0.015344113;0.009405186
0.04224977;0.03415029;-0.01747585
0.018956067;0.042945232;-0.02023068
0.0011023532;0.017168686;0.021315455
-0.0030243674;0.009047449;0.017052364
-0.021169495;-0.011512041;0.019891892
-0.007560595;-0.056084633;0.009663513
-0.0013609761;-0.057367705;0.0014808105
0.006723719;-0.061519165;0.0011846484
6.914753E-4;-0.030465333;0.019697718
-0.00882182;0.030315235;-0.009241825
-0.013307456;0.07112719;-0.00114346
-0.013770965;0.09127675;0.005335232
-0.0016417718;0.1042714;-0.014481815
0.008061582;0.06466712;0.025914548
0.027543016;0.012671196;0.008231639
0.012659413;-0.049238045;-0.005914689
0.0030962804;-0.08470293;0.03276825
-0.0068979757;-0.106824845;-0.011285401
-0.0039558806;-0.03702238;0.0034716793
-0.026602205;0.017257098;-0.015972657
-0.024406763;0.059118178;-0.012778126
-0.03983791;0.07698204;-0.0039725
-0.017807828;0.09596063;0.0030719999
0.03497249;0.08458101;0.0024575999
0.02797799;0.0676648;0.00196608
0.047382392;-0.008368155;0.014072864
0.041812163;-0.039507024;0.011258291
0.02954348;-0.04098062;-0.003493367
-0.0052714655;-0.067159496;-0.021544693
-0.021404672;-0.080290094;-0.004735755
-0.024936238;-0.05173208;0.0024613962
-0.0074489904;-0.0023231618;0.008219117
-0.0028341922;0.015328971;-0.024674706
-0.0038298538;0.020075677;0.0052602347
6.111696E-5;0.03481054;0.004208188
0.0117676435;0.046598434;-0.0028834497
0.005507865;0.026341246;0.0039432403
-2.812081E-4;0.021072997;0.0031545921
-0.0049124663;-0.008141602;0.033773676
-0.005492473;-0.03620078;0.027018938
-0.0059564784;-0.021148125;0.0028651513
-0.034452684;-0.034106;-0.03520788
0.0036878537;-0.0069723004;-0.028166303
0.027169034;0.01629716;-0.016283043
0.012360226;0.020850228;-0.013026434
-0.0065180687;0.026055181;-0.0041711475
0.002598045;0.028656647;0.021663083
0.010672186;0.021362817;0.048580464
0.016350249;0.0030277532;0.038864374
0.0037051989;-0.027265297;0.018591499
-0.004067091;-0.04368724;-0.010126801
-0.009503673;-0.02713729;-0.0143514415
-0.006040438;0.0017276678;-0.011481153
0.0045426497;0.045132134;-0.021684922
-0.01824088;0.05798071;-0.023597937
-0.011467705;0.040134564;-0.01262835
-0.0076116635;0.021170152;0.0023973198
-0.0076518306;0.012248622;0.008167855
0.014972285;-0.0011386023;2.8428464E-4
0.0018215784;-0.043098383;0.0064774277
0.007707263;-0.07354121;0.005181942
0.01397831;-0.052582964;-0.0021044463
0.0033701481;-0.009253872;-0.007933557
3.523685E-4;0.020721903;-0.0063468455
-0.0036243552;0.050952524;-0.0050774766
-0.007586984;0.054824516;-0.010311981
-0.015444587;0.056359615;-0.008249585
1.4433013E-4;0.023212692;0.024650332
0.0016779641;-0.015804848;0.038470265
0.0013423713;-0.026706377;0.0057762126
0.008886397;-0.0541776;0.00462097
0.0024216175;-0.037092082;0.003696776
-0.0011877059;-0.0015486653;-0.015792578
0.017018585;0.0034485678;-1.3406336E-4
0.02298987;0.035571355;0.0061427495
-0.010514355;0.065957084;0.0049141995
-0.017786484;0.023078166;-0.008568641
