0.016304955;-0.026379079;-0.008239642
0.038043965;-0.013290763;-0.012353432
0.05543517;-0.02625761;-0.011738215
0.044348136;-0.017881088;-0.05343354
0.07297851;0.01069513;-0.052317146
0.06463281;0.0132436035;-0.026521685
0.057956245;0.016844884;-0.040382385
0.052614998;0.0072259065;-0.030377198
0.029591998;-0.005156775;-0.0434668
0.023673598;-0.01037542;-0.04816455
0.037688877;-0.022362836;-0.01937881
0.023901103;-0.010077769;-0.02700207
0.006620882;-0.011187215;0.010966702
0.0052967058;-0.012074772;0.0011073466
0.0042373645;-0.0034098176;-0.012517443
0.022139892;-0.030852854;-0.008109658
-0.013538087;-0.037182283;-0.008392023
0.0016695306;-0.017245827;-0.018212643
-0.0049143755;-0.02004666;0.012236527
-0.0226815;-0.023849828;0.025121253
-0.0118952;-0.036267363;0.0047649713
-0.03451616;-0.02745139;0.015286586
-0.027612928;-0.021961112;0.012229269
-0.022090342;-0.01756889;0.009783415
-0.036422275;-0.009367612;0.023158763
-0.04788782;-0.04655659;0.031954747
-0.019560255;-0.04505777;0.004470046
-0.021898204;-0.04698372;-0.0040899785
-0.017518563;-0.021961974;0.013964345
-0.01401485;-0.01913208;0.007362882
-0.0112118805;-0.043430664;0.005890306
-0.015219505;-0.03161953;0.008520839
-0.012175604;-0.029983124;0.0068166708
-0.009740483;-0.0114865;0.0073576337
0.0047076135;-0.0138767;0.015505248
-0.002483909;-0.01735136;-0.0010235364
-0.0019871271;-0.015443588;-0.010389142
-0.0015897017;0.0048326296;0.0012589992
0.011228238;0.008553604;0.008673215
-0.003517409;-0.0025321168;0.0030811501
0.0034360727;0.027661806;0.008226639
-0.003501142;0.009629445;-0.00875072
0.009699087;0.012391056;-0.014666592
0.020259269;0.025537845;0.013169071
0.009957415;0.039180275;-0.008605368
0.026715932;0.04384422;-0.02602492
0.015122746;0.044450376;-0.011249623
0.012098197;0.0339978;-0.012808292
0.0096785575;0.01938574;0.010798288
0.013992846;-0.009491407;0.010542927
0.0049442765;-0.012280625;0.010338639
0.0039554215;0.010488;0.004462317
0.003164337;0.011515399;0.0035698537
-0.00996853;0.015462319;0.018187914
-0.0142248245;0.024869855;0.024071816
0.0073701404;0.040208384;0.021210577
-0.012853888;0.033729207;0.020777056
-0.00403311;0.014483366;0.03576227
0.009273512;0.002211693;0.05351216
0.0011688096;0.0064568543;0.054333165
0.0071850475;0.016102983;0.08545872
-0.025501963;0.0066323867;0.0703201
-0.04540157;0.022493409;0.09649046
-0.055071257;0.032057226;0.109809555
-0.031557005;0.036583282;0.07241795
-0.043995604;0.040204126;0.04836405
-0.041446485;0.0274758;0.04259749
-0.039407186;0.04385564;0.009273305
-0.037775747;0.022584513;-0.0041047935
-0.023970598;-0.01786989;0.0023802277
-0.01917648;-0.014295912;0.0019041821
-0.015341183;-0.03018673;-0.032851655
-0.012272947;-0.055399384;-0.04737507
-0.0035683576;-0.033382006;-0.055185214
0.028395314;-0.023580605;-0.05176536
0.05396625;-0.040739484;-0.060552914
0.061923;-0.057591587;-0.082914986
0.0620384;-0.06638577;-0.08547261
0.05588072;-0.054671116;-0.09137614
0.050954577;-0.039049394;-0.076909505
0.03451366;-0.048427016;-0.086429946
0.04011093;-0.04655411;-0.08063077
0.03208874;-0.030993288;-0.04535179
0.056920994;-0.015419631;-0.047780454
0.039286796;-0.002960705;-0.03822436
0.050179437;0.0054439357;-0.01717617
0.04014355;0.013730149;-0.015645232
0.03211484;-0.001515881;0.0085287355
0.04444187;0.015974795;0.0010856839
0.023053497;-0.009095164;8.685471E-4
0.024692798;-0.016651131;0.021764174
0.0072542382;-0.032070905;0.05564376
-0.0066966093;-0.014719224;0.046468135
8.9271244E-4;-0.021150379;0.033365913
7.1416993E-4;-0.040357802;0.068782575
-0.030678663;-0.054161243;0.07035809
-0.024542931;-0.043328993;0.0754271
-0.007134345;-0.022163196;0.050771367
-0.024457475;-0.030230556;0.05790225
-0.02581598;-0.038246945;0.06536477
-0.026902786;-0.022785056;0.061862126
-0.027772227;-0.027603045;0.034255326
-0.022217782;-0.036144935;0.0561152
-0.042774227;-0.024228448;0.064032786
-0.03421938;-0.01625776;0.037749663
-0.021125505;-0.005193707;0.04172317
-0.0044004037;-0.0072799656;0.023808222
-0.003520323;0.019176027;0.030570015
0.0034337416;0.038778324;0.016838824
-0.034753006;0.05602266;0.032611687
-0.021552404;0.051068127;-0.0026215895
0.0015080757;0.051792;-0.027097272
0.0012064606;0.0242461;-0.019724693
9.6516847E-4;0.01002188;-0.008162566
0.013272135;0.012705005;-0.012194116
0.016867708;0.013289004;-0.013661542
0.019744167;0.024693703;-0.06444486
0.034545332;0.036942463;-0.06307933
0.033886265;0.03892897;-0.04470174
0.020859012;0.023330675;-0.058710612
0.01668721;0.029602041;-0.035542708
0.013349769;0.020556632;-0.026481042
0.010679815;0.035195306;-0.021184834
-0.0039561484;0.0047187447;-0.032279897
-0.021914918;0.010024996;-0.020062199
0.0074680652;-0.0044800034;-0.010288041
0.018474452;0.007353497;-0.012136683
0.0022795617;0.0074452977;-1.3903361E-4
-0.004426351;-0.014356262;-0.015345602
0.00895892;-0.05211001;-8.5070025E-4
9.1713556E-4;-0.05106301;0.010842877
0.0069837086;-0.0783504;-8.9601066E-4
0.0118369665;-0.042367823;-0.0026699335
0.009469573;0.0020432402;0.045813274
0.0013256588;-0.04211541;0.040459212
0.0010605269;-0.039942328;0.009320494
0.0070984215;-0.041328862;0.026694676
-5.7126273E-4;-0.03618809;0.02135574
-0.02545701;-0.01801297;-2.005633E-4
-0.039115608;-3.4787686E-4;-0.0059221694
-0.050042488;-0.008090802;0.0029771084
-0.02128399;-0.0017851412;-0.009141751
-0.023277191;0.0016968871;-0.001551682
-0.043621752;0.0060450095;0.031278186
-0.022397403;0.043898508;0.04601864
-0.011667922;0.042931307;0.025291476
0.028165663;0.048407543;0.014569119
0.03503253;0.055913538;0.03470217
0.028026024;0.07441833;0.03147267
0.003670819;0.079847164;0.0023265763
-0.015813345;0.05606523;-0.0096621765
-0.031400677;0.022977185;-0.03067896
-0.03762054;-0.028493252;-0.05520723
-0.042596433;-0.0415446;-0.005884534
-0.027827146;-0.019173183;0.00681581
-0.0035117168;0.014348955;0.032112803
0.034690626;0.0021041639;0.077448055
0.027752502;-0.024879169;0.05238813
0.015952;0.011346665;0.026676131
0.0440116;0.032514833;-0.011276283
0.02270928;0.049449366;-0.04154056
-0.013082575;0.03174699;-0.03127932
-0.05421606;-0.013664906;0.0151132615
-0.030872848;-0.007806925;0.021660922
-0.043448277;0.0046919603;-0.00747595
-0.034758624;0.03187857;-0.017504197
-0.027806899;0.047377855;-0.029335389
-0.06599552;0.022277284;-0.019659718
-0.09029642;-0.047803175;0.055170663
-0.028487133;-0.10074254;0.04784747
0.039710294;-0.06809403;0.06132485
0.100518234;0.008024775;0.085388005
0.09916459;0.01735732;0.07026353
0.06683167;0.068573356;0.021835823
0.0034653365;0.14235869;-0.030382903
0.021522269;0.1771682;-0.0645407
0.06721781;0.1878283;-0.04977709
0.066274256;0.1635439;-0.036013078
0.0030194018;0.15583512;-0.028810462
-0.02258448;0.10357434;-0.032618683
-0.005567583;-0.0030780248;-0.018477758
0.051795933;-0.10089992;-0.012829082
0.041436747;-0.10571994;-0.00831014
0.0331494;-0.08457595;-0.0066481126
0.026519518;-0.06766076;-0.00531849
0.027465614;-0.036941107;0.0090264585
0.021972492;-0.040490385;-0.06738821
-0.0074220067;-0.0105173085;-0.07685979
-0.024687605;0.0025236532;-0.097864784
-0.038500085;0.022331422;-0.095528156
-0.018300068;-8.84862E-4;-0.059186194
-0.06464005;-0.05539539;-0.0052102837
-0.07671204;-0.067753814;-0.007976821
-0.07386964;-0.09639055;0.03951698
-0.071595706;-0.07711244;0.020187803
-0.038526565;-0.01637745;0.0026736802
-0.030821253;0.011898039;0.0060451943
-0.024657002;0.014205931;0.0048361556
-0.013475602;0.044177245;0.0152947055
-0.029530482;0.0665918;0.012235764
-0.023624385;0.053273436;0.009788612
-1.4950814E-4;0.08480625;-0.0093566105
0.0061303936;0.067845;1.318989E-4
0.004904315;0.0714635;-0.024796825
0.010173452;0.0993583;-0.021692928
-0.029361239;0.06620539;-0.009737155
-0.04848899;-0.004066938;0.0037337132
-0.032541193;-0.04075355;0.004842439
0.011467046;-0.0060403403;0.03649114
0.015423637;0.0045427275;0.025384318
0.006088909;0.033321682;-0.012309734
0.0048711277;0.050094847;-0.03475013
0.022646902;0.019763377;-0.033561822
-6.324784E-4;1.8570124E-4;-0.009564302
-5.059827E-4;0.03999231;0.0019188706
0.012095214;0.0702751;0.030246034
0.02217617;0.081220075;0.041481983
0.0052409368;0.049351063;0.006330118
0.02919275;0.0340121;-0.010267937
0.0171042;0.03111593;-0.03497216
-0.01131664;0.031923994;-0.005028511
-0.015303312;0.023976695;0.0017389101
-0.01224265;0.034806356;0.035863783
-0.00979412;0.048938837;-0.0095902225
-0.007835296;0.05790107;-0.009625303
-0.006268237;0.046320856;0.007631789
-0.03001459;0.021431684;-0.009226601
-0.0052616713;0.042145345;-0.02456878
-0.016709337;0.041528776;-0.015846431
-0.00711747;0.012129272;-0.0031068318
0.0068060244;-0.011390332;-0.0024854655
-8.0518064E-4;-0.022393515;-0.005796966
-0.013144145;-0.008539813;0.008741333
0.020734685;-0.0201131;0.024180567
0.04783775;-0.01374673;0.011727266
0.019520199;-0.010997384;-0.025090843
0.015616158;0.008389593;-0.027787518
0.024992926;0.023899173;-0.024085484
0.013744341;0.02068184;-0.032647293
-0.014004527;0.0071704714;-0.047211584
-0.0112036215;-0.03488862;-0.02053294
-0.008962898;-0.049004648;-0.02790096
0.005329682;-0.03920372;-0.018512174
0.023013746;-0.029019225;-0.024380052
0.012160997;-0.02165288;-0.030978652
0.028478798;-1.3480392E-4;-0.086062215
0.035283037;0.0037984068;-0.08225309
0.04072643;-0.0024300246;-0.06963548
0.007581144;-0.01522527;-0.044215467
-0.018935084;-0.019992717;-0.0066553326
-0.0026480677;-0.0042754225;0.080784135
-0.008368454;0.030954663;0.103006214
-0.037944764;0.06304498;0.059358094
-0.024105811;0.06527974;0.0666271
-0.050534647;0.06238004;0.024590744
-0.03417772;0.12256028;0.017817127
-0.033592176;0.16914198;0.018062294
-0.01437374;0.12515733;0.01825843
-0.030248992;0.08918836;0.003083306
-0.049199194;0.04635069;0.0063728946
-0.026859354;3.618024E-4;0.016524097
-0.027737483;-0.016898058;0.045836464
-0.040939987;-0.0533622;0.052001204
-0.0015019897;-0.071596004;0.04160096
-0.0012015918;-0.101808056;0.03328077
-0.013461273;-0.102540195;0.003577741
-0.017019019;-0.07421966;-0.010516713
-0.007365215;-0.030469475;0.01268038
3.5782802E-4;-0.01500058;-0.0033322591
0.012786263;-2.817137E-4;0.016572474
-0.00227099;-0.03460037;0.032398604
0.023183208;-0.043305296;0.027774353
0.031046566;-0.036206737;0.020364013
0.012337253;-0.03287164;-0.016325977
0.009869803;-0.05520356;-0.009154532
-0.004604158;-0.0418191;-0.0303705
-0.0036833265;-0.01470528;-0.037675306
0.0033033388;-0.023482975;-0.026331652
0.021392671;-0.029723879;-0.02682704
-0.0016358631;-0.027685354;-0.03864913
-0.013808691;-0.03386703;-0.029015008
-0.011046953;-0.032562375;-0.015545991
0.016162438;-0.0260499;-0.027768824
0.025429951;-0.01302742;-0.041355684
0.020343961;-0.018234437;-0.04455916
0.016275167;-0.034118798;-0.03183873
5.2013464E-4;-0.01479504;-0.010138954
0.012916108;0.024101468;-4.451477E-4
0.029082887;0.026312424;-0.029067056
0.02951631;0.02495619;-0.0022087228
0.023613047;0.019964952;-0.0017669782
0.018890439;0.015971962;-0.0014135825
-0.0036376498;0.028402569;-0.0068925847
-0.00291012;0.028190805;0.0060093696
-0.008578096;0.007708894;-0.02966516
-0.013112477;-0.028989134;-0.016066113
0.008260018;-0.034128807;-0.0071399994
0.006608015;-0.019490546;-0.0076162964
0.011536412;0.0109700635;0.013047588
0.02172913;0.0126823;8.677577E-4
0.011133304;0.0038958404;0.0025985031
-0.009843357;0.0054604225;0.015506537
-0.032874685;0.017649587;-0.0029268018
-0.020049749;0.02740092;-0.006150035
-0.016039798;0.014108236;7.928625E-4
-0.012831839;3.4908898E-4;0.002587415
-0.010265471;0.013560521;0.002069932
-0.020712378;0.010848417;0.009273133
-0.010319902;0.021959983;0.0055142096
-0.014505921;-0.0074320133;-0.005158945
-0.0116047375;-0.01532061;0.024583781
-0.0030337896;0.0049310117;0.029237337
-0.0024270318;0.021132309;0.013819558
0.0043083746;0.016905848;-0.008084979
0.022196699;0.009618428;-0.01984689
0.011507359;0.015507243;-0.02163923
0.002955888;0.017874544;0.0018292408
0.0086147105;0.012737135;-4.409042E-4
0.0068917684;-0.014810292;0.026453918
0.0055134147;-0.015754484;0.036495164
-0.0018392684;-0.012603587;0.0061980854
-0.020221414;0.00944838;0.0011498744
0.008822869;-0.0025975455;0.012394509
-0.011691705;0.021359464;-0.007320721
-0.021853365;-0.006349929;-0.00395228
-0.03623269;-0.023829943;0.012170208
-0.022736153;-0.030782705;-0.0075001623
-0.018188922;-0.026188664;-0.0136661455
-0.014551138;-0.002200931;-0.016645808
8.590896E-4;0.006051755;-0.009508052
6.8727165E-4;-0.016252346;-0.024842769
-0.0057001826;-0.0075331265;-0.033277538
0.020439854;0.009598498;-0.017027302
0.041351885;0.009241299;-0.0079089515
0.008081507;-0.028544461;-0.008231458
0.006465205;-0.04002307;-0.01039376
0.005172164;-0.028112205;0.0012553046
-0.0021122687;-0.038114764;-0.006661772
0.017060185;-0.009398061;-0.012995433
0.03239815;0.005762801;0.0010782628
0.057168517;0.01242274;-0.0029459835
0.045734815;0.008375693;-4.5248994E-4
0.049087852;-0.008924446;-0.009932305
0.03302028;-0.014952057;-0.011778851
0.020166226;-0.009617895;0.0039802394
0.01613298;-0.007694316;0.00894591
0.006656384;-0.013967953;0.014822744
0.011575107;-0.015080612;0.006096476
0.0030100858;0.01059176;-0.0065974286
0.0024080686;0.008473408;-0.005277943
0.001926455;0.0067787264;-0.0042223544
-0.004708836;0.021047981;0.004239304
-0.022517068;0.009025885;-0.0023214472
-0.036763657;-0.013873042;0.0058088577
-0.035660923;-0.03609843;0.0026939611
-0.03477874;-0.015597497;-0.00931944
-0.021572992;-0.008571748;-0.011264146
-0.029758394;0.012673852;0.0024632926
-0.0050567146;-0.0031421685;0.02111126
0.0022046284;-0.018138735;0.020746429
0.0017637027;-0.019198488;0.026167456
0.013910962;-0.02004629;0.034264043
-0.0013712302;-0.0011932822;0.0045108437
-0.013596985;-0.015798375;0.009321566
-0.017127587;-0.0423262;0.013218971
0.00504793;-0.038548462;-0.016231464
0.029038344;-0.05427627;0.008059751
0.0044806753;-0.08717102;0.03330327
0.01608454;-0.1275493;0.076349646
0.019117633;-0.11141445;0.08598206
0.027794106;-0.05475656;0.05540674
0.028485285;0.012444752;0.03475508
0.022788228;0.020893302;0.014425159
-0.006769418;0.04015214;0.03644247
-0.036665533;0.039934214;0.021439133
-0.048082426;0.06475987;0.009534119
-0.04471594;0.059620395;0.011435889
-0.067022756;0.050821315;0.009148711
-0.047368202;0.037532054;-0.0137747815
-0.044144563;0.03471314;-0.024398731
-0.02281565;0.039489266;-0.007995548
-0.01200252;0.054247662;-0.01596675
-0.009602016;0.08402313;-0.026249962
0.017318387;0.0922185;-0.045853484
0.03260471;0.09799355;-0.040491384
0.038583767;0.086207345;-0.06496146
0.037117016;0.065059625;-0.061539486
0.017193612;0.06376645;-0.06073061
0.03250489;0.04163816;-0.06964162
0.026003912;0.044248026;-0.063367106
0.027053129;0.043210924;-0.05643709
0.0341425;0.044724986;-0.012599624
0.014814002;0.03187374;-0.025399523
0.005601202;0.030967742;-0.022236122
0.010730961;0.06696169;-0.0082185855
0.021084769;0.051225606;0.0010911473
0.010617816;0.037855484;-0.008697394
0.008494252;0.030284388;-0.0069579156
0.0067954017;0.02422751;-0.0055663325
-0.0070636785;0.009225758;-0.008286074
-0.030650944;-0.020744395;0.0067744614
-0.043270756;5.9198495E-4;0.014989882
-0.040866602;-0.015151412;0.0024215926
-0.03269328;-0.013683629;0.007674579
-0.019904627;-0.0054781535;0.023375992
-0.015923701;-0.029382523;0.034032825
-0.018988961;-0.056318518;0.036796574
-0.046441168;-0.033336066;0.023675539
-0.043402936;-0.013387602;0.01894043
-0.034722347;-0.018522581;0.0036777353
-0.05277788;-0.046849314;0.0010378915
-0.017222302;-0.0398232;0.019970939
-0.013777842;-0.04670231;0.035117377
0.0014777263;-0.0490806;0.035711087
0.01993218;-0.047076978;0.053471215
0.040945746;-0.041567832;0.056253534
0.039006595;-0.06919177;0.029670795
0.012455277;-0.045978412;0.0026428867
0.0037142213;-0.018032731;0.005922903
0.009221377;-0.023801185;0.010500041
-0.005122898;-0.037790947;0.01601722
0.0021516813;-0.038045257;-5.651299E-4
0.026721345;-0.032779958;-0.019592728
0.015127076;-0.022317715;-0.01757848
-0.012898339;-0.022541672;-0.03129911
-0.0040686713;-0.009439588;-0.015468977
0.027995063;-0.02239542;-0.016183775
0.01614605;-0.042916335;0.011955324
0.012916841;-0.04995807;0.032513477
-0.008416528;-0.030591454;0.062436562
0.018266778;-0.016660664;0.057566438
0.03336342;0.040577717;0.059432056
0.026690738;0.032462176;0.020787833
0.021352591;0.00643849;0.0089154225
0.010832072;-0.013599208;-4.8484947E-4
-0.022584341;-0.018691866;0.014944152
-0.036817472;-0.007140993;-0.0014235849
-0.023203978;-0.008837795;0.014095507
-0.031063184;-0.016445236;0.015182655
-0.012350546;-0.06315619;0.03128675
0.015119563;-0.08021245;0.0077442434
-4.0434982E-4;-0.06885746;-0.020562418
-0.0065734796;-0.009773469;0.00845241
0.019741217;0.048431225;0.0125236465
0.009542973;0.06999498;0.013827511
0.03888438;0.042714734;-0.008078616
0.012357502;0.020890538;-0.029509768
-0.008863998;0.01827493;-0.015892971
-0.013341199;0.08415119;0.0026176546
0.0018270414;0.109508455;0.0059027174
0.032711633;0.049325515;-0.012562982
0.032419305;0.023835411;-0.011905855
0.007185445;0.04797458;-0.032571558
0.005748356;0.072754666;-0.03748303
0.023348685;0.04648498;-0.029986423
0.03742895;0.043437984;-0.031703983
0.011193158;0.03631289;-0.031076076
0.021454526;0.02358156;-0.009577658
0.02341362;0.024333999;-0.042085953
0.012480897;0.03118595;-0.03943048
0.022484718;0.021042509;-0.03535298
0.005487774;0.028552758;-0.026378086
0.02939022;0.022842206;0.005704171
0.017262176;0.014367514;-0.022243304
-0.0049402597;0.016962761;-0.035030972
-0.016452208;0.02138271;-0.029929074
0.011838234;0.013199917;-0.014372947
-0.003029413;-0.008971316;0.0019293772
-0.00867353;-0.012645802;0.0053520957
-0.013188824;0.018789608;0.03489691
-0.0043010595;0.005656686;0.031726122
-0.015940847;0.015462849;-0.0013769146
-0.03150268;0.012370279;8.027652E-4
-0.037702143;0.009896223;0.002546509
-0.023911715;0.021198228;0.009703223
-0.02537937;0.013833583;0.023045782
-0.0328035;9.1061636E-4;0.029960062
-0.026242798;-0.021927757;0.008636019
-0.058494236;-0.029260956;0.029858034
-0.04679539;-0.036690015;0.029648146
-0.024936313;-0.012164512;0.025671642
-0.01994905;0.009799641;0.020537313
-0.01595924;-0.028879037;0.03176188
0.005982608;-0.03638448;0.046503257
0.0047860863;-0.046295084;0.056343228
0.022578869;-0.035473567;0.07749646
0.030563096;-0.020566354;0.052426856
0.030700477;0.014015667;0.03627742
0.02456038;-0.0036312165;0.027068812
8.983048E-4;-0.006811223;0.027319113
-0.005531356;-0.03279273;0.014238102
-0.004425085;-0.026234183;0.011390482
-0.03479007;-0.018643597;0.030206135
-0.015332054;-0.034446128;0.03764147
-0.0060156435;-0.033025652;0.022495989
-0.036062516;-0.038139272;0.021707729
-0.010100012;-0.038323916;-0.018961942
-0.008080009;-0.032221634;-0.043880492
0.0060359924;-0.042183556;-0.023580955
0.017328793;-0.013434346;-0.03614992
0.026363036;0.008002523;-0.057630874
0.021090427;0.02749577;-0.030772667
0.035622343;0.037621614;-0.017000947
0.040997874;0.028534792;-0.007839039
0.032798298;0.018921584;-0.042697012
0.0074886396;0.007324767;-0.04558339
-0.06900909;0.036328565;-0.030704994
-0.04895727;0.06187535;-0.04184915
-0.0016658166;0.06043778;-0.04109651
0.023667347;0.07960022;-0.067349866
0.025183877;0.11289893;-0.073044926
0.007647102;0.13250664;-0.04693692
-0.025132319;0.14038031;-0.050952855
-0.013855855;0.114648;-0.025454668
0.007665316;0.089374654;-0.020363735
-1.1774707E-4;0.03165597;-0.004816378
0.0061558024;-0.030143972;-0.007661696
0.004924642;-0.06786518;0.030247597
0.010189714;-0.06601089;0.03953011
-0.016848229;-0.06452747;0.012483462
0.0052714166;-0.05552822;-0.0034409652
0.0104671335;-0.042078827;-8.4847526E-4
-0.004126293;-0.050850563;0.0031786417
-0.009551034;-0.04693045;0.044681586
-0.007640828;-0.04301311;0.035745267
-0.006112662;-0.047691736;0.07263918
-0.02364013;-0.03424714;0.058111347
-0.037662104;-0.018022712;0.033012513
-0.023879683;-0.0089494195;0.02074595
-0.006603746;-0.0032532858;0.01269051
0.019717002;-0.0026026287;0.038961
0.015773602;0.011199147;0.048356302
-0.006131118;0.011303068;0.07501317
-0.0049048946;0.012948704;0.06196366
0.008576084;0.017390214;0.028477177
0.019360868;0.02016217;0.028445803
0.021738693;0.046598487;0.0075222678
0.017390955;0.035716288;0.0021115642
-0.011087236;0.012948032;0.0055955015
0.0036302113;-0.009172825;0.012093589
0.009154169;-0.0049945097;0.004010808
-0.023926664;-0.027433109;-0.0044085407
-0.019141331;-0.032883987;-0.0074330824
-0.009063065;-0.038025938;-0.030751154
-0.0072504524;-0.03042075;-0.030362641
-0.0058003617;-0.0165241;-0.06833308
0.007859711;-0.02493803;-0.03943209
-0.0062122317;-0.004325425;-0.0123073915
-0.029969785;-0.02064784;-0.011799038
-0.017725829;-0.011049522;0.0058928006
-0.03293066;-0.0127458675;-0.03171154
-0.02009453;-0.018009193;-0.0272247
-0.009825624;-0.0042511052;-0.019924292
-0.007860499;0.015349116;-0.0044159964
-0.0125384;0.020091793;0.021369547
-0.01628072;0.044979684;0.030474544
-0.025524575;0.058639996;0.024379635
-0.020419661;0.046912;0.019503707
-0.016335728;0.0375296;0.015602967
-5.6858273E-4;0.035492428;0.045001905
0.024545133;0.059643943;0.009243711
0.025886107;0.035996404;0.013059031
0.020708885;0.015515873;0.0067362874
0.029067108;-0.021962302;-0.008087533
0.023253687;-0.038663592;-0.035180964
0.03735295;-0.038743373;-0.03390649
0.02988236;-0.05052595;-0.053883005
0.017655889;-0.06854576;-0.05082125
0.0078747105;-0.097024105;-0.0061843414
0.025049768;-0.10574429;-0.008756067
0.038789816;-0.08459543;-0.02038376
0.07478185;-0.051270094;-0.010545289
0.05982548;-0.050391074;-0.0352917
0.054110385;-0.05203161;-0.0129013285
0.04328831;-0.046312787;-0.010321063
0.040880647;-0.04955023;-0.0044482565
0.032704517;-0.089640185;-0.024652354
0.032413613;-0.09827465;-0.012007041
0.038430892;-0.07705722;0.001917805
0.024494713;-0.06789578;0.001534244
0.013345771;-0.06994162;0.006891458
0.010676616;-0.079390794;0.0017045725
-0.010208707;-0.044762637;0.012887095
-0.026916966;-0.026435109;-0.016545793
-0.009033573;0.016351912;-0.030424135
0.0115231415;0.03026903;-0.005198682
-0.0032814865;0.039840225;0.016934805
0.016124811;0.033434678;0.0058329995
-0.01835015;0.011122744;-0.0029507878
-0.014680121;0.010460694;0.020588588
-0.017994097;0.039618555;0.03375603
-0.045645278;0.056694843;0.04419232
-0.049016222;0.06332462;0.077443704
-0.05171298;0.04362845;0.08304871
-0.06637038;0.05599651;0.074056156
-0.046846304;0.07682846;0.059244923
-0.049977046;0.06536902;0.039778754
-0.046231635;0.046826463;0.04334644
-0.049485307;0.05230492;0.04620059
-0.033338245;0.030906437;0.017819846
-0.020420598;0.014568899;0.035154313
-0.022586478;0.04290512;0.035935953
-0.018069182;0.031980347;0.034412824
-0.008205346;0.045115527;0.019913072
-0.0065642768;0.05327992;0.013977332
0.0072485786;0.046530187;-0.01186501
0.005798863;0.08097415;-0.026679507
0.02338909;0.07024807;-0.028960794
0.031211272;0.064010955;-0.036645196
0.006219018;0.037927516;-0.0062692827
-0.0012747857;-0.011845488;-0.020445114
0.0052301716;-0.02822639;-0.031590465
0.022934137;-0.028831113;-0.021366123
0.03084731;-0.05118989;-0.028616335
0.03717785;-0.05267066;-0.06498291
0.04849228;-0.03823028;-0.065462895
0.051293824;-0.038396724;-0.079128124
0.016035058;-0.029154878;-0.07673024
0.019078046;-0.0076989033;-0.06519278
0.009012437;-0.03897162;-0.06748626
-0.03029005;-0.061646048;-0.0577976
-0.01798204;-0.05712934;-0.05585722
-0.008135633;-0.04179722;-0.04849437
-0.0127585055;-0.025625277;-0.050270107
-0.016456805;-0.02440647;-0.03640749
-0.013165444;-0.041400176;-0.02526857
0.001967645;-0.03312014;0.008496081
-0.017175883;-0.020246113;0.004892568
-0.013740707;0.024428109;0.042146478
-0.017242566;0.052354988;0.06818984
-0.032544054;0.05516524;0.02203234
-0.03853524;0.04803844;0.021434465
-0.012078194;0.038430754;0.034432728
0.021587444;0.0135571025;0.037116494
-0.001480044;-0.008685567;0.03926351
0.005065965;-0.042885955;0.06578581
-0.014697229;-0.07102751;0.07762864
-0.030507782;-0.05525951;0.044720102
-0.011906226;-0.03327011;0.035776082
-0.022024982;7.2766317E-4;0.005769304
-0.030119985;0.025582131;0.035279505
9.040123E-4;0.022809455;0.029981418
-0.01177679;0.035435062;0.0067976336
0.0030785678;0.008816801;0.005438107
0.021212853;0.0015846906;0.013920798
0.010720284;-0.0026384974;0.003519451
0.021076227;0.022889202;-0.018180532
0.023110982;0.04331136;-0.02802099
0.018488785;0.03464909;-0.022416791
0.0022910282;0.04256302;0.0013048484
-0.029417178;0.044206668;-0.016241278
-0.004783742;0.042396583;-0.03984849
0.0024230063;0.03235477;-0.029925667
0.020688405;0.0047900635;-0.048842877
0.047800723;-0.011792949;-0.048644613
0.025740579;-0.02271561;-0.056103192
0.026842464;-0.03692249;-0.048739977
0.03397397;-0.02953799;-0.02751737
0.033429176;-0.04316164;-0.027726788
0.045493342;-0.043904312;-0.014515414
0.036394674;-0.03668595;-0.036514673
-0.0021342617;-0.01997376;-0.027307443
-0.007957409;-0.018322758;-0.0046096263
0.006134073;-0.020126957;-0.015162311
0.004907258;-0.016101565;-0.012129849
0.0039258064;-0.012881252;-0.009703878
0.003140645;-0.023586253;0.009473225
-0.009987484;-0.021994002;0.028574673
0.017010013;-0.012907702;0.03819177
-0.00514199;-0.010326161;0.03436201
-0.010363592;-0.0043546786;0.019872421
-0.045790873;0.008235007;0.06765575
-0.1303827;0.0026817557;0.20334335
-0.21055616;0.013864155;0.23552625
-0.23719493;0.012653824;0.12709287
-0.13975593;0.042935558;-0.024692893
0.006945247;0.049192198;-0.14226408
0.068056196;0.06669751;-0.12719017
0.054444958;0.0017955061;-0.069183774
-0.043944035;-0.09543859;0.017406885
-0.14140522;-0.21541338;0.090390354
-0.14437418;-0.3160807;0.17387478
-0.052999344;-0.32473958;0.21175608
0.051350523;-0.32697916;0.20026423
0.10983042;-0.33970833;0.13130514
0.15661433;-0.29207915;0.06676286
0.21904147;-0.21022582;-0.007722524
0.24398318;-0.12599316;-0.10012333
0.23268653;-0.04141953;-0.108809605
0.25489923;0.034051877;-0.11185237
0.27266937;0.105366506;-0.12590767
0.2743855;0.1764807;-0.13324568
0.2382584;0.20680957;-0.14873521
0.12185673;0.18732265;-0.17836317
-0.02751462;0.14517061;-0.16375376
-0.1282617;0.092699;-0.1233431
-0.15260936;0.0663467;-0.08527116
-0.122087486;0.010889857;-0.05290931
-0.060169987;-0.053788114;-0.034661435
0.0018640094;-0.04615549;-0.048798483
-0.017258793;-0.022861892;-0.07157968
-0.045057032;-0.012039514;-0.04769038
-0.07979563;-0.008069112;-0.02092208
-0.082586505;0.013857211;0.008164681
-0.041069202;0.03921077;0.06392921
0.029644638;0.025118615;0.08561602
0.029965712;0.048219893;0.1049186
0.011472569;0.06982591;0.08393488
-0.028321944;0.09179823;0.08824165
-0.060157556;0.10625108;0.097351134
-0.041876044;0.06781337;0.11225591
0.022749165;0.029250694;0.14156254
0.06194933;0.029650556;0.14782034
0.08705947;0.050282944;0.14110784
0.025897572;0.018351356;0.1320269
-0.023031943;0.0037435843;0.13609026
-0.043425553;-0.04700513;0.13191909
-0.034740444;-0.053229105;0.13053527
-0.0027923544;-0.055083286;0.12552197
-0.0022338836;-0.025316628;0.094558194
-0.020537106;-0.014003302;0.10650593
-0.08517969;-0.019015143;0.087157875
-0.093143746;-0.021462113;0.083007544
-0.093265;-0.03435719;0.06835917
-0.049612;-0.021235753;0.05859358
0.029060401;-0.018551102;0.03320299
0.02324832;0.019534118;0.013281141
-0.031401344;0.043752294;-0.018281337
-0.06887107;0.044376835;-0.0068125697
-0.12384686;0.03237647;-0.02459068
-0.1303275;-0.008473825;-0.0063912943
-0.09801199;-0.03021656;0.02184009
-0.059659593;-0.052298248;0.05575332
-0.016477674;-0.079338595;0.04460266
0.011817861;-0.05878338;0.0013071258
-0.0030457112;-0.053276703;-0.0028605494
-0.03368657;-0.020746363;-0.03666344
-0.020699255;0.00684041;-0.0254245
0.033440597;-0.03359017;-0.03205835
0.07675248;-0.061247136;-0.021740431
0.10515198;-0.05212271;-0.03262672
0.115371585;-0.07138567;-0.026101375
0.11104727;-0.07898354;-0.030646726
0.08883782;-0.06631183;-0.035845507
0.071070254;-0.034299463;-0.030629529
0.0631062;-0.0133770695;-0.022550499
0.07548496;0.011173344;-8.5289887E-4
0.08538797;0.026126176;-6.8231905E-4
0.062060375;0.04433844;-0.013827105
0.0433983;0.037033252;-0.03410856
0.04721864;0.042126603;-0.03705247
0.006524912;0.03213878;-0.029641978
0.01771993;-0.016476475;-0.042658895
0.020425944;-0.02880618;-0.030416178
0.010090755;-0.010544944;-0.0071454425
0.020572605;0.013439045;0.007564896
0.028958084;0.020126237;5.8316666E-4
-0.0080835335;0.04110099;-0.0014865916
-0.025216827;0.039130792;-0.016423648
-0.05142346;0.025054634;-0.009427981
-0.04113877;-0.0018312938;0.019215427
-0.026661016;-0.037402537;0.044278592
-0.033828814;-0.06585953;0.029563498
-0.00831305;-0.06831262;0.036932047
-0.01290044;-0.0577751;0.048686266
-0.016570352;-0.019657578;0.01785526
-0.019506281;0.009273937;0.008815459
-0.028105026;0.01523165;0.028146118
-0.01623402;-0.00812718;0.054938767
-0.019237217;-0.017439244;0.057232264
-0.0091397725;-0.020201396;0.05750456
-0.013561819;-0.045848615;0.08233178
-0.010849454;-0.039803892;0.067818545
-0.021179564;-0.045905616;0.037067335
-0.023193652;-0.04297449;0.008560118
-0.012304921;-0.053129595;0.016223095
-0.016093936;-0.025316175;-0.008115274
-0.0066251494;-0.03275294;-0.03149222
-0.0053001195;-0.027764851;-0.03261565
-0.022990096;-0.011274382;-0.02218627
3.5792356E-4;0.014417995;-0.036889642
0.01903634;-9.656041E-4;-0.058417965
0.04022907;0.0023525166;-0.061968744
0.050933257;0.015944513;-0.03824687
0.07199661;0.025255611;-0.055206873
0.076347284;0.010829489;-0.06525925
0.061077826;-7.1140914E-4;-0.0522074
0.03636226;0.010368372;-0.055242483
0.01033981;0.008294698;-0.05942836
0.0145218475;-0.0011767414;-0.082113
0.024117477;-0.0040663932;-0.06959665
-0.0057060174;0.010809385;-0.04786482
-0.029564815;0.005522508;-0.032627795
-0.023651851;0.013793007;-0.054813173
-0.018921481;0.014159406;-0.066897415
-0.021387184;0.031640023;-0.02851793
-0.029609747;0.03156202;-0.009533094
-0.0549378;0.011187116;-0.028524913
-0.08145024;0.0058246925;-0.00953868
-0.05266019;0.007784754;0.015415931
-0.017128153;-0.003147197;0.025809307
-0.03870252;-0.010330258;0.0683037
-0.037212018;-0.011389206;0.08354921
-0.004769614;-0.010673865;0.08207374
-0.0038156915;-0.008539092;0.065658994
-0.0030525532;0.015043726;0.044714693
-0.008692043;0.043284982;0.039678004
-0.013203634;0.069002986;0.056742404
-0.010562907;0.06145239;0.0606283
-0.020950325;0.077286914;0.059830762
-0.01051026;0.07901703;0.076770864
-0.020908209;0.078838624;0.05751044
-0.022976566;0.083383396;0.051867727
3.6874658E-4;0.09014422;0.060634807
0.012794998;0.09555288;0.04655472
-0.0147640025;0.0389423;0.04310315
-0.005561202;0.07334134;0.049716897
-0.029448962;0.114923075;0.018679766
0.0014408309;0.110688455;0.020803189
0.013652665;0.085425764;-0.0044511994
-0.014077868;0.044903114;-0.0055140844
0.013737706;0.02810999;-0.0063643926
0.010990164;0.019362992;0.004674111
0.015042132;0.020177893;-0.02907321
0.012033706;0.016142314;-0.023258569
0.009626964;0.012913852;-0.018606855
0.02645157;-0.006856418;-0.032072984
0.021161256;-0.0070476346;-0.07175214
0.010679006;0.0021743923;-0.051542334
0.0022932044;-0.015447986;-0.043186992
-0.016915437;-0.05298339;-0.03650272
-0.02603235;-0.07207421;-0.0577178
-0.02707588;-0.06390937;-0.04070549
-0.009160703;-0.030814996;-0.061080016
-0.007328563;-0.018401995;-0.06800464
-0.00586285;-0.022534097;-0.033309963
0.01405972;-0.035214778;-0.034265157
0.004997776;-0.009421822;-0.023701187
0.0102482205;-0.016912458;-0.022671888
0.020698577;-0.026029967;-0.031614073
-0.0021911387;-0.042698972;-0.006150633
-0.008002911;-0.029471679;-0.012537694
-0.01890233;-0.023577342;-0.040694218
0.003628137;-0.023549374;-0.04778975
0.02165251;-0.037589498;-0.040184923
0.029822007;-0.0503841;-0.020624502
-0.013642394;-0.04655728;-0.031929288
-0.048413914;-0.062245823;-0.03316062
-0.044981133;-0.07635916;-0.015005058
0.0015150943;-0.06577483;0.011042829
0.051212076;-0.052619863;0.018404575
0.06596966;-0.03584589;0.026051786
0.05277573;-0.04430171;0.01713049
0.017220583;-0.04325387;2.2783026E-4
0.020026466;-0.029915595;-0.0017708607
0.016021173;-0.022369977;0.029247373
-0.012183062;-0.02883348;0.010116649
-0.04099645;-0.043379284;0.02137457
-0.04529716;-0.014390928;0.030380905
-0.036237728;-0.016200243;0.028210975
-0.010240182;-0.0082726935;0.033896904
0.010557855;0.002756845;0.02907065
0.020946283;0.039705478;0.025209643
0.016757026;0.02863938;0.020167716
0.01965562;0.040099006;0.010665422
-0.003025503;0.061766703;0.012047962
-0.033670403;0.046288364;0.011591495
-0.03943632;0.06046819;0.009273196
-0.019049058;0.073374555;0.0035123068
0.009760754;0.07276214;0.014528596
0.026558604;0.10508471;0.04404475
0.033746883;0.08250527;0.048907675
0.039497506;0.075379215;0.071548015
0.037848003;0.07280337;0.047472786
0.055278406;0.045742698;0.047743857
0.08172272;0.05221916;0.047570083
0.09037818;0.06833783;0.045868568
0.06605254;0.04998276;0.02146048
0.015342034;0.03529871;0.019121507
-0.025226373;0.021988967;0.05162533
-0.038931098;0.003528674;0.047159642
-0.05614488;-0.0018645608;0.049055837
-0.026165903;-0.006179149;0.041197795
0.029067278;-0.0080683185;0.046239484
0.0107538225;-0.029892156;0.06394471
0.027353058;-0.06610122;0.043343272
0.015632447;-0.06850598;0.036627743
0.018755957;-0.089179784;0.0043021934
0.0025047655;-0.09165633;0.024535505
-0.06049619;-0.076450065;0.012206528
-0.07964695;-0.065847546;-0.005859777
-0.07621756;-0.05892804;0.0011715534
-0.085974045;-0.042454932;-0.008437757
-0.08752924;-0.037088946;-0.004797081
-0.08252339;-0.049983658;-0.015556415
-0.10351871;-0.036861926;-0.004632632
-0.12031497;-0.046677038;-0.0056592305
-0.09000198;-0.031091632;-0.0045273844
-0.072001584;-0.031123305;-0.0075281574
-0.038851265;-0.018648645;-0.015397526
0.006418988;0.008518584;-0.043177396
0.03638519;0.028689867;-0.0075887917
0.029108152;0.010451894;-0.011930408
0.05453652;-0.005700985;0.028736923
0.08737922;0.012626712;0.02689579
0.08240338;0.00853887;0.027376005
0.040922698;0.025581095;0.027369555
0.04523816;-0.0076601235;0.029708143
0.048690528;0.0063719014;0.02571964
0.045202423;0.019160021;0.020575712
0.054911938;0.020015517;0.00864807
0.06267955;0.033199914;-0.0024565442
0.05014364;0.06405993;0.009362889
0.03386491;0.055935446;0.013349687
0.02709193;0.021310857;0.039195374
0.040423542;0.032673683;0.0028406745
0.032338835;0.027701447;0.015553789
0.025871068;0.033098657;0.020255532
0.033196855;0.028041426;0.008391925
0.032807484;0.022433141;-0.0046145846
0.051245987;0.022634013;2.145822E-4
0.03474679;0.011857211;0.0134529155
0.02779743;0.0047982684;-0.0044720424
0.034737945;-0.008661386;-0.0055307588
0.021540357;-0.008491608;-0.018096482
0.048482284;-0.011480787;-0.029711561
0.07003583;0.0033153708;-0.027675498
0.062278662;-0.020785203;-0.010421649
0.08732293;-0.019753164;-0.02552482
0.044858344;-0.02986503;-0.032138605
0.029636675;-0.050454523;-0.021804634
0.02370934;-0.04036362;-0.017443707
0.018967472;-0.032290895;-0.013954966
0.021423977;-0.044582717;0.0021172774
-0.026610818;-0.060666174;-0.020962428
-0.021288654;-0.08290794;-0.030441817
0.014219076;-0.08663885;-0.018494079
0.02387526;-0.08024858;-0.012842138
0.01910021;-0.056386363;-0.008320586
-0.028469833;-0.07323409;7.654065E-4
-0.060275868;-0.08046228;0.02756545
-0.060720693;-0.084682316;9.586102E-4
-0.061076555;-0.078683354;7.6688814E-4
-0.017611243;-0.06450918;0.027566636
-0.026588995;-0.056294847;0.020100184
-0.052521195;-0.052848376;8.4577175E-4
-0.07326695;-0.0485287;-0.0051827575
-0.08361357;-0.035697963;0.0052287937
-0.09189085;-0.017620869;0.0061361603
-0.06726268;-0.026596695;0.024049554
-0.08506014;5.976436E-4;0.027052142
-0.055548117;-0.008896885;0.02359484
-0.038188495;-0.022742508;-0.019405378
-0.018050794;-0.013506507;-0.03857118
0.016809365;-0.0029927052;-0.051950693
-0.0053025084;0.014793335;-0.043513678
-0.022992007;0.0040221685;-0.032857817
-0.037143607;0.021967735;-0.0032393795
-0.048464883;0.019136688;-0.0025915036
-0.032521907;0.016871851;-0.002073203
-0.001017526;0.05412248;-0.007517937
0.03043598;0.072985485;-0.0192956
0.049348783;0.07557589;-0.02715523
0.020729026;0.06358571;-0.03695856
0.010333221;0.061806068;-0.017848097
-0.010483423;0.049444854;-0.016231602
0.0041132616;0.047368385;-0.014938408
0.01579061;0.036332205;0.0032836492
1.3248748E-4;0.024378266;0.004580044
0.01260599;0.024190113;-0.01938284
-0.008665208;0.01622709;0.009493728
0.005567834;0.019231671;0.011501233
-0.0142957335;0.021635337;-0.017752139
-0.011436586;-0.00456673;0.0107982885
-0.009149269;0.010409116;-0.005033244
-0.0010694154;0.009889793;-0.004026595
0.011644468;0.004786834;0.002638099
0.009315575;0.0038294673;0.0021104792
-0.02379754;-0.010998926;-0.0022178667
0.0059619676;-0.04161164;0.0021319566
0.011019574;-0.03485181;0.018893065
0.0025656591;-0.05444395;0.015114453
-0.010447472;-0.06699266;0.023810312
-0.014607978;-0.07390663;0.01904825
8.136175E-4;-0.037250303;0.0054729744
-0.011849106;-0.017300243;0.00437838
0.0092707155;-0.037277695;-4.035463E-4
0.03241657;-0.020447155;-3.2283703E-4
0.019683259;-0.033545222;0.0036479803
-0.0030033938;-0.02839868;-0.02012849
0.003847285;-0.032093942;-0.0063371677
-0.003172172;-0.041300155;0.004305266
0.028712261;-0.026790123;0.0034442127
0.01046981;-0.002682099;-0.0027133797
0.0021258479;0.0103543205;-0.008030078
0.014200678;0.0051584565;-0.019705312
0.036360543;0.013501765;-0.023576751
0.016588435;0.021738913;2.7922465E-4
0.0070207473;0.02832863;-0.015010995
0.011866597;0.010162904;-0.015915046
