0.052005015;-0.061851017;-0.06173607
0.016604012;-0.08698081;-0.04743573
-0.0117167905;-0.11020965;-0.04380796
-0.021873433;-0.12566772;-0.0061401175
0.032501254;-0.18178418;0.012275406
0.11975101;-0.17198984;0.030914076
0.1958008;-0.15477937;0.00754376
0.20039064;-0.141011;0.002128758
0.2040625;-0.1346838;-0.021343868
0.18825;-0.11868454;-0.03230947
0.16935001;-0.10588513;-0.056316327
0.19173001;-0.0831456;-0.037631188
0.197134;-0.021203984;-0.037526824
0.1827072;0.039286815;-0.04564646
0.15866576;0.05486695;-0.019329667
0.10818261;0.05795606;-0.03069811
0.09279609;0.03698985;4.4151305E-4
0.055486873;0.045216877;0.0042594606
0.056889497;0.012736003;0.016688818
0.0642616;-0.0538737;0.017257305
0.03890928;-0.05559896;-0.0131472815
0.024877422;-0.061666667;0.02034155
0.019901939;-0.061833333;0.03346074
0.03467155;-0.061966665;0.05372172
0.04023724;-0.054260835;0.077352375
0.007189792;-0.06528366;0.11149127
-0.056748167;-0.080351934;0.08372427
-0.08914854;-0.047094047;0.07440129
-0.065068826;0.0045122625;0.06889603
-0.03330506;0.04735981;0.03988245
-0.02664405;0.09101285;0.0053434605
-0.06506524;0.11968528;-0.028537732
-0.07080219;0.13324822;-0.045486435
-0.081641756;0.14097358;-0.013732898
-0.090313405;0.112778865;-0.012548818
-0.072250724;0.10428559;0.009101571
-0.020300578;0.095928475;0.0072812564
-0.016240463;0.076742776;0.005825005
-4.9236964E-4;0.08326922;0.019894378
0.018356103;0.06661538;0.04989988
0.027184883;0.0782923;0.021169903
0.046747908;0.05325884;0.018889047
0.062398326;0.045732073;0.020970613
0.04991866;0.01627316;0.018729616
0.08993493;0.009893527;0.016546192
0.121947944;0.02353982;0.045658827
0.091308355;0.025081858;0.040433314
0.035546683;0.018502986;0.0346904
-0.021562653;-0.027385112;0.042596072
-0.048500124;-0.05315809;0.041889355
-0.0700501;-0.06283897;0.077261485
-0.06229008;-0.090896174;0.12352794
-0.03733206;-0.11334194;0.0855411
0.02638435;-0.118798554;0.08562038
0.05860748;-0.15285134;0.095058806
0.07188598;-0.16603108;0.06667204
0.045008786;-0.16251236;0.054900136
-0.013992971;-0.14719738;0.021263858
-0.07369438;-0.13494541;0.043573584
-0.0652055;-0.118893825;-0.0034223811
-0.0334144;-0.095115066;0.023824595
-0.03923152;-0.09015455;0.036247175
-0.050135218;-0.06118614;0.011810241
-0.058858175;-0.034886412;-0.0014893073
-0.06583654;-0.031034129;-0.034003947
-0.058919232;-0.009202303;-0.036578156
0.009114616;0.005138157;-0.0027000252
0.013541692;-0.017764475;-0.02325377
0.010833354;-0.01264908;-0.031884268
0.008666683;0.0055057365;-0.06378866
-0.005566654;0.015342089;-0.08384343
-0.0107033225;0.0138361715;-0.092074744
-0.039812658;0.006381437;-0.0752223
-0.025600126;0.01135515;-0.083224714
-0.020480102;-0.00810338;-0.091189146
0.002365919;0.0013297958;-0.08076382
0.008142735;0.015126336;-0.08375168
0.019014189;0.03866357;-0.07637634
-0.0035386495;0.07155585;-0.06891357
-0.009080919;0.07443219;-0.070365235
0.0052352645;0.029858248;-0.052385937
-0.033311788;0.020761598;-0.04034625
-0.02039943;0.010359278;-0.039698876
-0.022569545;4.749227E-4;-0.012618475
-0.030555636;-0.005870062;0.02037397
-0.02444451;0.0015539505;0.060049176
-0.04455561;0.012180661;0.05819559
-0.016894486;0.03161953;0.046556473
0.017734412;0.039358124;0.06380768
0.0016875293;0.0408615;0.048702393
0.013850023;0.0561267;0.056149416
0.011080019;0.04490136;0.027732031
0.008864015;0.026546087;0.049529374
0.019591212;0.01498687;0.081811
0.04692297;0.018239496;0.0670113
0.043788377;0.0067790966;0.06298404
0.0475307;0.0022982773;0.06757473
0.01302456;0.014338622;0.010309786
-0.0020803516;0.0052208975;0.016060328
0.0045857187;-0.022385782;0.007379513
0.009918575;-0.011658626;0.03637236
-0.01081514;-0.015576901;0.025191639
0.028847888;-0.01714902;0.033434562
0.03557831;0.008155784;0.011122649
0.0034626483;0.058087125;-0.05750813
0.027770119;0.062094703;-0.028819004
-0.015283905;0.08405076;-0.07539895
-0.043477125;0.07505311;-0.06344416
-0.072281696;0.030354988;-0.06091158
-0.07657536;0.0039714896;-0.06161989
-0.061260287;-0.021822808;-0.04538966
-0.02400823;-0.03777075;-0.028889854
-0.012956584;-0.042716596;-0.017643133
-0.054115266;-0.057610776;-0.034817632
-0.037042215;-0.082026124;-0.01652598
0.014116229;-0.076558396;-0.011267659
0.048792984;-0.07843422;0.042938996
0.057784386;-0.039309874;0.0359137
0.07747751;-0.036135398;0.03029346
0.036982007;-0.02109582;0.018766018
-0.001664394;-0.010626656;0.038450312
-0.032581516;8.736754E-4;0.05732275
-0.032315213;0.01319894;0.06070195
-8.5216976E-4;0.015246652;0.04699906
0.036818266;0.035634823;0.0321305
0.0044546113;0.012882858;0.012423148
-0.015186311;0.029056286;-0.03224898
3.5095128E-4;0.037307527;-0.022674184
-0.005969239;0.047033522;0.006860652
-0.0110253915;0.050126817;0.0039260215
0.009929687;0.07603896;0.0031408174
0.03919375;0.060831163;-0.006862346
0.018855;0.031477433;-0.026583627
0.0025839997;0.032994445;-0.017360652
0.0020672;0.07327056;-0.0029510213
0.01415376;0.08674145;-0.038298316
0.0050730077;0.06939316;-0.065013655
0.022808407;0.07426453;-0.025448423
0.011996725;0.06253662;-0.028171238
-0.00915262;0.042216796;-0.07956824
-0.026072096;0.013460937;-0.044513967
-0.020857677;-1.6875073E-4;-0.022329925
-0.022936141;-0.00951;-0.0139576895
-0.037098914;-0.0247955;-0.024838027
-0.0046791304;-0.0307739;-0.014011046
-0.016243305;-0.03711912;-0.009255712
-0.012994643;-0.021882797;-0.013263945
-0.010395715;-0.037818737;0.0050138445
-0.027066572;-0.04587999;-0.028801424
-0.034153257;-0.05076649;0.007818235
-0.027322605;-0.045300692;0.008207713
-0.003108085;-0.059678055;0.019456796
0.0037635323;-0.055554945;0.036659185
-0.0032391744;-0.041318957;0.037139848
-0.015091339;-0.015867664;0.01408688
-0.02457307;0.010743368;0.0018945035
-0.019658457;0.038282193;-0.009812522
-0.015726766;0.024375755;0.04410311
-0.025081413;-0.08362439;0.07121999
-0.03256513;-0.090337016;0.07025724
-0.001052104;-0.045707114;0.04917454
0.024158318;-0.00687819;0.056527134
0.031826653;-0.0055025523;0.041315455
0.037961323;-0.023152042;0.036958616
0.011619058;-0.010709133;0.025660641
-0.0032047534;-0.011692307;0.008809764
0.009936198;-0.018728845;-0.0062334393
0.0016989578;-0.014983077;-0.014361751
-0.023640834;0.005201039;-0.02945815
-0.018912667;-5.2666885E-4;-0.03294152
-0.0026301336;-0.0019838351;-0.034165718
-0.014604107;0.023412932;-0.042176325
-0.0054332856;0.040605344;-0.053272307
-0.010596628;0.062171776;-0.0652741
-0.008477302;0.07942492;-0.057688028
-0.006781842;0.066664934;-0.053962924
-0.042925473;0.072081946;-0.058404714
-0.021840379;0.09672806;-0.04672377
0.0012776968;0.09613245;-0.053004015
0.0010221575;0.09878096;-0.082637586
0.025817726;0.10089976;-0.07157882
0.04565418;0.08853231;-0.047888055
0.042773344;0.06770085;-0.047685444
0.040468674;0.05572318;-0.028773356
0.026124941;0.046141043;0.023075065
0.027149953;0.027537836;0.043460052
0.009219962;0.023592768;0.03476804
-0.0051240306;0.036061715;0.037189435
-0.010349224;0.011661871;0.04498592
-0.0020293794;-0.023483003;0.053566862
0.010876496;-0.020348903;0.06550974
0.014951197;-0.033466622;0.061782792
0.024460958;-0.0517733;0.068957485
8.187662E-4;-0.06641864;0.06454099
0.025655013;-0.08594741;0.04616404
0.03302401;-0.09688293;0.047868732
0.020169208;-0.088443846;0.069544986
-0.008864634;-0.08481757;0.05876099
-0.032091707;-0.11004156;0.07825879
-0.013173365;-0.10678325;0.052450784
-0.035538692;-0.082301594;0.044304375
-0.034680955;-0.070528775;0.029974751
-0.033994764;-0.061110523;0.008354801
-0.05219581;-0.05670092;-0.01440991
-0.04800665;-0.057860736;-0.0076216776
-0.013405318;-0.05253859;-0.0021910921
-0.010724255;-0.04203087;-0.0017528736
0.016420595;-0.010187196;-0.0248398
0.03813648;0.0012252431;-0.055809338
0.030509181;0.032230195;-0.06417872
0.030657345;0.032034155;-0.041186728
0.018275876;0.020939825;-0.04857438
0.014620701;0.03706436;-0.07128138
0.030446561;0.039026488;-0.04022823
0.055607248;0.03590869;-0.052885707
0.050735798;0.063101955;-0.046214815
0.07808864;0.07079406;-0.04048748
0.09372091;0.08944775;-0.03824936
0.09372673;0.0668707;-0.04974011
0.074981384;0.05974656;-0.032370213
0.078735106;0.033734746;-0.029411796
0.037988085;-0.004262202;-0.020013811
0.04914047;0.03721524;-0.031245425
0.039312374;0.04227219;-0.04999634
0.0251999;0.038505252;-0.020856448
0.0014099197;0.016741702;0.006361718
-0.023872064;-0.028794138;0.03594875
-0.04409765;-0.026160311;0.051805872
-0.047778122;-0.027178248;0.06410095
-0.056972496;-0.024867598;0.04737451
-0.051827997;-0.0089565795;0.033993356
-0.0602124;0.0022097367;0.031100936
-0.07941992;-0.0044822106;0.03425575
-0.119785935;-0.0051482683;0.052404597
-0.12707874;-0.0072436146;0.06926743
-0.114163;-0.0057948916;0.058538944
-0.097580396;-0.020260913;0.053081155
-0.10306432;-0.014646231;0.08621492
-0.08870146;-0.055466983;0.08459694
-0.083461165;-0.069373585;0.0653338
-0.06051893;-0.055498872;0.058517043
-0.023415145;-0.027211595;0.053844884
-0.024982115;0.018855723;0.018857157
0.0050143073;0.03852208;0.004929475
0.047761444;0.027692663;3.7329988E-5
0.044459157;0.02059163;-0.022626385
0.035567325;0.033660803;-0.02591361
0.02845386;0.028491143;-0.024637137
0.016513089;0.008730414;-0.04236596
0.04446047;0.011671832;-0.06436152
0.06681838;0.034337465;-0.08273921
0.0972047;0.035282474;-0.06931637
0.12776376;0.032913476;-0.046078097
0.12096101;0.013830782;-0.06928435
0.09051881;0.028252127;-0.06909936
0.066165045;0.030414201;-0.07988886
0.021682037;0.04620636;-0.10609859
-0.01390437;0.03071509;-0.098550744
-0.042373497;0.007384571;-0.06907497
-0.0588988;0.0059076566;-0.074400604
-0.072119035;0.0031636253;-0.04623923
-0.08269523;-0.0068440996;-0.01785076
-0.091156185;-0.021100279;-0.012327484
-0.07917495;-0.020005224;-0.0040026116
-0.038339958;-0.02069168;-0.0012489643
-0.030671967;-0.025928343;9.539535E-4
-0.04328757;-0.019180175;0.004669413
-0.028380059;-0.03721914;0.053344905
-0.003954047;-0.046962813;0.04462905
0.015586763;-0.031320248;0.047031365
0.03121941;-0.020368699;0.05481259
-0.012524472;-0.0037949595;0.045412574
-0.028769577;-0.010848467;0.038673807
-0.035515662;-0.025866274;0.06531405
-0.022162529;-0.04413052;0.053813737
0.007269976;-0.041554414;0.04930099
0.005815981;-0.05043103;0.04490954
-0.0015972152;-0.021594826;0.032021385
-0.038777772;-0.007900861;0.027960857
-0.012272217;-0.0125706885;0.033306185
0.033932228;-0.008494051;0.019613698
0.08964578;0.02445476;0.0133472085
0.09671663;0.05862631;-0.010415983
0.0586233;0.057838544;-0.050520286
0.04064864;0.04002084;-0.078306854
0.051268913;0.02420417;-0.08178611
0.04726513;0.024050836;-0.08652264
0.044062104;-0.0026343316;-0.07117123
0.05399968;0.010392535;-0.056936987
0.043199748;0.0051890276;-0.05492459
0.034559797;-0.008348778;-0.028705297
0.040147837;0.016758477;-0.024917362
0.05086827;0.018094283;-0.00665264
0.040694617;0.023850426;0.002490388
0.04505569;0.0018928406;3.918536E-5
0.017294554;-0.015673228;-0.0058280267
-0.011164357;0.017148918;0.026196953
-0.040181484;0.032469135;0.040098187
-0.06339519;0.018162807;0.028172301
-0.081966154;0.022342745;0.039334714
-0.05932292;0.011624197;0.05256152
-0.072458334;-0.0063256426;0.08658047
-0.064216666;-0.006623014;0.07473312
-0.057623334;-0.020923411;0.08088025
-0.03359867;-0.05423873;0.06861045
-0.0018789346;-0.05120348;0.05879461
-0.0015031477;-0.034712788;0.031410687
-0.0012025181;-0.018395228;0.0462223
-0.0072120144;0.0024713166;-0.0028659098
-0.012019612;-0.0058354465;0.010988522
-0.01586569;-0.0031058574;0.008790818
-0.012692551;0.013140314;0.008595154
-0.0039040411;0.010512251;-0.014217626
0.003126767;0.005284801;-0.0051241014
0.015001413;0.027665341;-0.023630532
0.03700113;0.022132272;-0.047810674
0.023350906;0.03176832;-0.05152979
0.037430722;0.030102154;-0.056067582
0.029944578;0.020956723;-0.06399469
0.030205663;0.0011403789;-0.08205513
0.01791453;-0.016275197;-0.04455035
0.0018316244;-0.009895157;-0.037593406
-0.0360347;-0.021978626;-0.026168475
-0.04757776;-0.020707902;-0.032262906
-0.038062207;0.008433679;-0.06057595
-0.024199767;0.016121943;-0.042601384
-0.0068598134;0.009772555;-0.03408111
7.6214934E-4;0.0031305437;0.007110114
0.025609719;-0.019370565;0.019359967
0.026737776;-0.03580895;0.024862973
0.04639022;-0.022397162;0.02770288
0.030862177;-0.02260523;0.0069279275
0.005939741;-0.0024591833;0.005542342
-0.0014982071;-0.011342347;0.030996373
0.023801435;-0.0012613774;0.011515849
0.012791147;0.017740898;0.0033533042
0.016482918;0.009505219;0.0026826432
6.863344E-4;-0.0017708252;0.019333614
-0.018200932;0.0017083398;0.0021856418
-0.027060745;-0.014258328;0.0076078884
0.009601403;-0.008281662;0.013508186
0.020181123;0.01056217;0.0033846735
0.003644898;0.010012236;0.002707739
-0.015834082;0.018947288;-0.0017400589
-0.025167266;0.019845331;-0.022485796
0.004866188;0.004938765;0.031230113
0.02264295;-0.010111488;0.03670284
0.01186436;-0.012776691;0.023893522
-0.0030085118;-0.022721352;0.0019273175
0.035093192;-0.018177083;-0.01759877
0.015574552;-0.0020416656;0.012874108
0.006209642;0.0014916676;0.025143037
-0.013782286;-0.017556665;-0.0048855706
-0.017275829;-0.0015453327;0.0062477933
0.011179336;0.014388734;0.0026544847
0.015193469;-0.018176513;-0.016626412
0.055904776;-0.02079121;-0.011348004
0.06347382;-0.022882968;-0.02821903
0.07577906;-0.043306373;0.002034152
0.060623243;-0.0596451;0.009049197
0.010998596;-0.05709108;-0.013463768
0.015048876;-0.008172864;-0.0068647643
-4.6089853E-4;0.010649209;-0.040257435
-0.019118719;0.036644366;-0.014627825
-0.002794975;0.037127994;0.030094616
0.00401402;-0.012485105;0.0033725675
-0.021788783;0.016574416;0.002698054
-0.017431026;0.013259533;0.0021584432
-0.03894482;0.004357626;-0.009991995
-0.043655857;-0.013701399;-0.011899847
-0.034924686;0.0031013808;0.028370747
-0.04668975;0.021231106;0.0383216
-0.0623518;0.029484883;0.029094778
-0.06238144;0.001712907;0.030307073
-0.04365515;-0.0017546745;0.04143316
-0.01617412;-0.00765374;0.037052777
-0.019189296;-0.031122992;0.046829723
-0.034101438;-0.040523395;0.034338776
-0.04603115;-0.024606215;0.05793977
-0.03682492;-0.05093497;0.019008067
-0.016959935;-0.04387298;0.015206454
-0.0073179486;-0.011660882;-0.0026785869
0.019145641;0.0031712945;-0.03651787
0.034066513;-0.011525464;-0.031558044
0.033503212;-0.012345372;-0.033058938
0.008052568;0.004186203;-0.0162909
1.9205453E-4;-0.010713538;-0.03022022
0.012653643;-0.02575833;-0.035894927
0.022622915;-0.023731664;-0.05137219
0.07434833;0.010702169;-0.07391025
0.103228666;0.047624234;-0.0856907
0.057582933;0.063099384;-0.070505686
0.027316347;0.04579201;-0.08140455
0.0031030767;0.039758608;-0.06902989
-0.022517538;0.008369386;-0.039989535
-0.049264032;0.0020080092;-0.020272879
-0.039411224;-0.012456093;0.0029223217
-0.01902898;-0.006839874;0.0097597325
-0.021473184;-7.843992E-4;0.009760911
-0.017178547;0.03374748;0.009761854
-0.0012428376;0.07074799;3.8760796E-4
0.02400573;0.056598388;0.009685086
0.019204583;-0.0031587898;0.074544944
-0.015886333;-0.027527032;0.06901096
-2.0906629E-4;-0.056396626;0.066927515
-1.6725303E-4;-0.0826173;0.06135451
0.012366198;-0.09734384;0.054552358
-0.021357043;-0.08725007;0.032704387
-0.054585632;-0.06667506;0.052726008
-0.056168508;-0.061152548;0.06483706
-0.057434805;-0.03798454;0.046400897
-0.06469785;-0.03663763;0.06758947
-0.051758274;-0.0011851037;0.027509073
-0.04765662;0.024051918;0.019663509
-0.013125297;0.025491534;-0.003019193
0.014499763;0.040705726;-0.0024153544
0.03034981;0.03256458;-0.011307283
0.024279848;0.036989164;-0.053577077
0.03817388;0.057716332;-0.08856478
0.043039102;0.07429807;-0.08803933
0.040681284;0.06568845;-0.10090021
0.070045024;0.06192576;-0.1326733
0.06853602;0.04641561;-0.11551364
0.061078817;0.037132487;-0.08498903
0.055113055;0.01564349;-0.081272475
0.05659044;0.004702292;-0.07634611
0.007772354;-0.0118631665;-0.020842511
-0.018782116;0.001446967;0.027075991
-0.015025693;0.010532574;0.037285794
0.012979445;0.028738558;0.03725051
0.010383557;0.057365846;0.050894156
0.020806845;0.042767677;0.06962158
0.010395476;0.049839143;0.08225976
-0.010433619;0.028933814;0.06737031
-0.020846896;-0.003415449;0.08670875
-0.041677516;-0.035544857;0.084992
-0.045842014;-0.04562339;0.073462345
-0.05542361;-0.06306121;0.08376988
-0.04433889;-0.07232397;0.110765904
-0.03547111;-0.06254668;0.12142522
-0.01587689;-0.051599838;0.06667143
-0.006451511;-0.05377987;0.041618392
-0.0051612086;-0.077398896;0.021575963
-0.004128967;-0.04629412;-0.034301728
0.015446827;-0.052660294;-0.082910135
0.043607462;-0.039003234;-0.05460936
0.07863597;-0.051515087;-0.015562485
0.062908776;-0.04433707;-0.056199986
0.03157702;-0.029219657;-0.04652249
0.012761616;0.020374274;-0.06221799
0.003959293;0.03661192;-0.07086814
0.0031674344;0.010539535;-0.06606951
0.021283947;0.0053066285;-0.095043115
-0.0017228421;0.018307803;-0.11080012
-0.020128274;0.017771242;-0.08668697
0.008897381;0.007966994;-0.044349574
0.019617904;0.009498595;-0.043292157
0.015694324;0.010723876;-0.034633726
0.025055459;0.0038916008;-0.02380073
0.007544367;0.020300781;0.013771915
-0.012714506;0.014678124;0.0032050319
0.021078395;0.0179925;0.03889215
0.004362716;0.017518999;0.058066845
-0.009009827;0.0046401997;0.061297227
0.005292138;0.01152466;0.05294403
-0.03326629;-0.007967772;0.065792724
-0.08286303;-0.03293672;0.04872793
-0.072540425;-0.016974375;0.06554484
-0.04553234;-0.018267;0.06571712
-0.030175872;-0.023988599;0.0853862
-0.036640696;-0.0051283794;0.06049646
-0.041812558;-9.777037E-4;0.061678417
-0.020950047;0.016405337;0.043873984
-0.016760036;0.03343677;0.027286688
-0.013408029;0.050186917;0.0124543505
-0.004476424;0.05264953;-0.01347402
-0.01608114;0.007744626;-0.010779216
-0.037864912;-0.0313043;-0.029717123
-0.036541928;-0.034418438;-0.046429947
-0.022983544;-0.0056597516;-0.027768958
0.025363166;0.0157847;-0.07338704
0.05154053;0.011065259;-0.053240884
0.053732425;0.018227207;-0.06368646
0.01173594;0.023956766;-0.07751167
0.021888753;0.044165414;-0.07919683
0.017511003;0.03845733;-0.057888716
0.014008801;0.037015863;-0.09006097
0.023707042;0.024925191;-0.04939253
0.025215633;0.004315153;-0.046935897
0.0014225064;-0.023110377;-0.007079968
-0.017611995;-0.026300803;-0.02089835
-0.007839596;-0.014790642;0.015703196
0.006228323;6.674867E-4;-0.0046249437
0.011232658;0.02709649;-0.007606205
0.008986127;0.03417719;0.005633786
-0.0053110984;0.024216752;0.017788278
-0.004248879;-0.0025015974;0.037277497
-0.015899103;0.005811222;0.023962624
-0.025219282;-0.010976022;0.023076348
-0.013925426;-0.016593318;0.05283608
0.0013596592;-0.010149654;0.055550113
-0.0051622726;0.0075052767;0.012018216
-0.004129818;0.018504221;0.019380197
0.0029461456;0.016365876;0.017457282
0.0023569164;0.017780202;0.038575202
0.0143855335;0.011099162;0.025391411
0.042758428;-0.01612067;0.006641254
0.040456742;-0.016021537;-1.557469E-4
0.007365393;-0.0018797294;0.022922277
-3.576856E-4;5.8716458E-5;-8.02803E-4
-0.012786148;-0.020265527;0.020060882
-0.022728918;0.0056625786;0.016048705
-0.0056831352;0.0014050629;0.011276465
-0.004546508;0.0011240502;0.012146172
0.008862793;0.00402424;-0.039501812
-0.005409765;0.009469392;-0.016367074
-0.016827812;-0.0064869863;-0.01309366
-0.019712249;-0.034877088;-0.023756178
-0.0095198;-0.03571417;-0.0115830675
-0.0076158396;-0.069196336;0.004405421
-0.043592673;-0.03973207;0.022664962
-0.016124137;-0.016160656;0.01813197
0.02460069;-0.014491024;0.0047399504
-0.005319448;0.0055946806;-0.019254915
0.0019944417;0.013850744;-0.0056383065
-0.010904446;0.028268095;-0.025604395
-0.033723556;0.022614477;-0.0052491412
-0.0144788455;0.022779081;-0.015527438
9.169233E-4;0.004160765;-0.0050000753
0.013233539;2.036119E-4;0.02256244
0.02933683;1.6288951E-4;-0.015934423
0.060969464;0.022005312;-0.012747538
0.023775572;0.03479175;-0.033244904
2.704574E-4;0.0309584;-0.03792405
0.025216365;0.02164172;-0.049479865
0.032673094;0.028250875;-0.034115143
0.032388475;0.0210382;-0.029245239
0.03841078;0.01526806;0.0035569342
0.011978623;0.023151949;-0.014341952
-0.0029171011;-2.2844133E-4;-0.03647356
-0.0023336809;0.009192247;-0.040506974
0.004383055;-0.0035837025;-0.02693683
-0.002743556;0.004945538;-0.017643213
-0.033444844;0.02114393;0.024166679
-0.076755874;0.024727644;0.017380219
-0.1051547;0.021344615;0.0486698
-0.11537376;0.051450692;0.029170215
-0.12979901;0.052098054;0.010054922
-0.09758921;0.043240942;0.013512688
-0.053071365;0.034592755;0.0397164
-0.03620709;0.013611703;0.03177312
0.027284326;-0.026610637;0.046512246
0.05307746;-0.08066351;0.06767855
0.07371197;-0.09265581;0.06351784
0.09646957;-0.09599964;0.07034552
0.07092566;-0.05179972;0.067213915
0.05674053;-0.041439775;0.053771134
0.039142422;-0.009714318;0.060985655
0.031313937;0.026603544;0.054257274
0.05005115;0.052532837;0.03012457
0.05254092;0.045151267;0.017849656
0.054532737;0.050183516;-0.024001526
0.04987619;0.047959313;-0.023107471
0.03990095;-6.950504E-4;-0.069657855
0.013170761;-0.01149354;-0.08072628
-0.02696339;-0.04513233;-0.08176853
-0.052820712;-0.050168365;-0.08260232
-0.04850657;-0.055759694;-0.09303498
-0.032555256;-0.046170253;-0.070521735
-0.007294205;-0.029123703;-0.03141739
-0.024585364;-0.0061114626;-0.07318079
-0.007168291;-0.02832667;-0.09487275
5.15367E-4;-0.07578634;-0.048945077
4.1229362E-4;-0.065316565;-0.033687312
-0.037170164;-0.039753255;0.013284526
-0.06098613;0.0025723958;0.01844012
-0.042538907;0.047370415;-4.8227876E-4
-0.034031123;0.092583835;0.020707928
-0.0022248996;0.119379565;0.025941342
0.02947008;0.11894115;0.007471823
0.029826064;0.099840425;0.032930583
0.023860851;0.036122337;0.04157884
3.386811E-4;-0.0039146296;0.061778698
-0.005979055;-0.0468817;0.066610456
0.0014667559;-0.039067864;0.09000712
0.0074234046;0.0062457095;0.07903694
0.018438723;0.012809068;0.042135805
0.02100098;0.033684753;0.041521143
-0.0019492168;0.034760304;0.035560664
-0.0015593735;0.054370742;0.024542281
0.011252501;0.010684094;1.02575694E-4
0.015252001;0.0069847754;0.01023831
-0.006548399;-0.00847468;-0.012903102
-0.0052387193;0.0057202564;6.1501877E-4
0.008309024;0.004576205;-0.03349236
0.025397219;0.009910964;-0.024840763
0.014067776;0.028241271;0.0043461397
-0.013745779;0.013218017;0.0034769117
-0.023496624;-0.0034880864;-0.01049972
-0.0062972987;3.3453084E-4;-0.034962278
0.013712161;-0.0044198753;-0.060391698
0.029719729;-0.030098401;-0.056125857
0.005025783;-0.02876622;-0.04294756
-0.039729375;-0.054262977;-0.060920548
-0.0692835;-0.06841038;-0.03936144
-0.0804268;-0.071915805;0.006792099
-0.08309144;-0.043470144;0.01324618
-0.053973153;0.012098885;-0.008543681
-0.06192852;0.029991608;-0.02988182
-0.07454282;0.016180787;-0.025858581
-0.065884255;-0.007367871;-0.012874365
-0.0714574;-0.0668318;0.016263008
-0.04466592;-0.07846544;-0.0022239685
0.0017672622;-0.08152235;0.0556427
0.03891381;-0.07303038;0.06521729
0.07488105;-0.056861803;0.06389258
0.091154836;0.020135557;0.060489062
0.07292387;0.08485845;0.04839125
0.0708391;0.11319926;0.044963
0.037921276;0.11399691;0.05081415
0.036587022;0.11151002;0.03127632
0.03551962;0.08920802;0.021114806
0.053415693;0.046366416;0.030173095
0.036482554;0.037093133;0.045232225
0.060436044;0.049987007;0.03852953
0.060848836;0.0665521;0.051917374
0.067429066;0.100116685;0.0259089
0.060193256;0.10978085;0.02463337
0.041904602;0.10657468;-0.017012054
0.052273683;0.09463474;-0.041734643
0.023068946;0.074145295;-0.031825215
0.018455157;0.017128736;-0.0789758
0.008514126;-0.025359511;-0.09560251
-0.0119386995;-0.06716261;-0.07257576
-0.03455096;-0.102167584;-0.06587311
-0.04639077;-0.09267157;-0.07183911
-0.037112612;-0.08663726;-0.07856504
-0.004690091;-0.064622305;-0.070273906
0.021247927;-0.048572846;-0.0527035
0.029498342;-0.048233274;-0.045678426
0.036098674;-0.04952412;-0.017402114
0.010128939;-0.045869295;-0.010406067
0.008103151;-0.028882938;-0.008324853
2.325207E-4;-0.01529385;0.024199491
-0.043563984;0.02057742;0.036547095
-0.053601187;0.074274436;0.04447205
-0.08038095;0.12348205;0.07385889
-0.07680476;0.15503564;0.03252461
-0.036443807;0.113091014;0.029535314
0.008344954;0.01859781;0.042768877
0.025425963;-0.06324675;0.064683855
-0.0046592294;-0.1334099;0.09627833
-0.034977384;-0.20047793;0.11530391
-0.03423191;-0.17756984;0.06333688
-0.039885525;-0.12643087;0.021763256
-0.03815842;-0.077707194;0.034598105
-0.018026736;3.3424326E-4;0.008928483
-0.03942139;0.045579895;-0.017857213
-0.050287113;0.030213915;-0.0064732707
-0.05897969;-0.008641368;-0.020803617
-0.06593375;-0.005350594;-0.036174145
-0.058997;0.020719524;-0.060970563
-0.0221976;0.05251312;-0.06401083
-0.0052580805;0.048260495;-0.045349285
-0.010456464;0.027670898;-0.049951304
-0.0021151716;0.03307422;-0.043867294
0.035807863;0.054584373;-0.019468835
0.05989629;0.0405425;-0.038621943
0.060417034;0.0308715;-0.055897553
0.054583624;0.0106347;-0.07713992
0.0686669;-8.672405E-4;-0.08085256
0.054933522;8.6870766E-4;-0.072494544
0.037696816;0.006944966;-0.06737064
0.08015745;-0.011631527;-0.04842776
0.076625966;0.025069779;-0.034835957
0.07380077;-0.014319178;-0.004821892
0.059040617;-0.013017842;-0.032763764
0.034732495;-0.008851773;-0.037539136
0.046535995;-0.0070814188;-0.056984432
0.037228797;-0.010352635;-0.047540672
0.017283035;-0.019219607;-0.03412629
-0.0111735705;-0.023188187;-0.029254155
-0.058938857;-0.03573805;-0.004262699
-0.07215109;-0.047340438;0.027449217
-0.06397087;-0.044122353;0.020006247
-0.044926696;-0.03373538;0.014051873
-0.035941355;-0.028550806;0.017100874
-0.028753085;-0.033778142;0.046102572
-0.04175247;-0.011397515;0.056022685
-0.06465197;-0.015368012;0.050677523
-0.03297158;2.055903E-4;0.061635766
-0.020127263;0.0032894723;0.05673049
-0.03485181;0.022944078;0.055150017
-0.04038145;0.027730262;0.03435439
-0.03230516;0.02374671;0.037249137
-0.03209413;0.031497367;0.031752434
-6.753017E-4;0.015822895;0.027355071
-0.013040242;0.0079708155;0.027352808
-0.010432193;0.014189152;0.008600996
0.0041542454;0.04728882;0.0127401715
0.034573395;0.061268557;0.021520263
0.033908717;0.055264845;0.03440371
0.027126973;0.06764938;-0.04903953
0.002951579;0.0634945;-0.0466535
0.0023612631;0.0507956;-0.04122905
0.026889011;0.04844898;-0.059936367
0.015261209;0.035634186;-0.030761592
0.005958967;0.016007347;-0.037890524
-0.0077328268;-0.0028191218;-0.03421867
0.006313739;-0.008505298;-0.0023749352
0.011300991;-0.002116738;0.009428177
0.034040794;0.02486911;-0.032691833
0.06473263;0.021457788;7.996581E-4
0.07053611;0.03122873;-0.020454023
0.075178884;0.018732984;-0.020269468
0.04764311;-6.3861266E-4;-0.016215576
-0.005635513;-0.03332339;0.01593379
-0.02325841;-0.06103371;0.008840782
-0.04985673;-0.07070197;0.018400751
-0.04613538;-0.07687408;-0.0063731493
-0.049408305;-0.05524926;-0.008614144
-0.033276644;-0.027011909;-0.02446944
-0.007871316;-0.012234527;-0.015669303
-0.018797053;-0.037912622;-0.018004192
-0.03378764;-0.081892595;-0.022215854
-0.10203011;-0.06551408;-0.034960184
-0.10662409;-0.06491126;-0.047108773
-0.07279927;-0.05192901;-0.058780767
-0.05823942;-0.021230707;-0.014602738
-0.034091536;-0.015422067;-0.005822816
0.0039767725;-0.020150153;-0.023798877
0.003181418;-0.012995122;-0.034273475
0.015045134;-0.015083598;-0.03523128
0.043286107;0.020745622;-0.039513152
0.028378885;0.046283998;-0.04332927
0.010203109;0.0885897;-0.022944666
0.039412487;0.10368426;-0.030074483
0.0065299897;0.0985724;-0.03929396
0.011473992;0.105420426;-0.041200794
0.027929194;0.10777384;-0.052101262
0.022343354;0.08934407;-0.037774757
0.017874684;0.08085026;-0.03412606
0.014299747;0.078742705;-0.028863346
0.030189797;0.09893166;-0.0023875511
0.017901838;0.07445783;-0.0112850405
0.014321471;0.056441266;-0.003168658
-0.0135428235;0.057653014;0.0029338237
-0.03583426;0.03205991;-0.012887316
-0.06616741;0.016272929;0.0014088972
-0.052933924;-0.010419157;0.031595867
-0.0048471405;-0.033335324;0.048323568
-0.022627713;-0.045418262;0.051940106
-0.03685217;-0.02695961;0.049364585
-0.035731737;-0.004380187;0.037538543
-0.016085388;-0.00819165;0.03745271
-0.02536831;0.01688418;0.045587167
-0.02654465;0.046319846;0.05170411
-0.014985719;0.008930875;0.06636329
-0.018238576;0.024332201;0.03746563
-0.00834086;0.02102826;0.03973813
0.005827312;0.018385109;0.010696753
0.0046618497;-0.022791913;-8.1759767E-4
0.0037294796;-0.02448353;-0.006513453
-0.0032664163;-0.030524325;-0.024351388
0.003636867;-0.02129446;-0.012059235
-0.009590507;-0.026410569;-0.04402239
-0.013922405;-0.0023784542;-0.06373353
-0.011137924;-0.0019027634;-0.05098683
0.0098396605;0.023477789;-0.048601963
-0.010878271;0.0047197314;-0.04669407
0.0037973828;0.010025785;-0.056495883
-0.0032120936;-0.015416872;-0.037384205
0.009930325;-0.010770997;-0.02404799
0.00794426;-0.008616798;-0.050097767
0.006355408;0.010294061;-0.03226571
0.011334326;0.012922749;-0.05471882
0.009067461;0.0165882;-0.03791568
0.0010039689;0.04452056;-0.03619192
-0.0054468247;0.05592895;-0.042234786
0.0018925401;0.05880566;-0.018553454
0.007764032;0.067357026;-0.010936513
0.018711226;0.06638562;-0.010702335
0.01496898;0.021858497;0.0066725067
-0.0067748157;0.0034242976;0.015103631
-0.011669853;0.018364439;0.015989155
-0.021835882;0.02719155;0.0010725734
-0.048718706;0.02175324;-0.010470066
-0.051474966;-0.016972408;-0.018141678
-0.05992997;-0.030765425;-0.010607093
-0.035443977;0.009762659;-0.004579424
-0.04085518;0.020310128;0.0154770855
-0.026434146;-0.008751898;0.010428544
-0.008647316;-7.515186E-4;0.01810846
-0.025667854;0.016586285;0.004721143
-0.014284283;0.005456528;0.0076831644
0.013572574;-0.009697277;0.0061465316
0.02335806;-0.035882823;0.0123391
0.037436448;-0.031831257;0.02549628
0.036199156;-0.022340005;0.016490774
0.028959326;-0.008497005;0.028426994
0.016917462;0.019764896;-0.0042115296
0.0135339685;0.028311918;-0.016650474
0.023327176;0.027337033;-0.015273504
0.04366174;0.0031196268;-0.027453179
0.016179392;-0.0068792985;-0.035243794
0.025443513;-0.022690939;-0.011007534
0.04535481;-0.008777751;0.010334598
0.02378385;-0.027334701;-0.0014979468
0.019027079;-0.03124276;-0.018385857
0.021471662;-0.020306708;-0.02603681
0.03592733;9.4213313E-4;-0.034501325
0.0037418643;0.03981621;-0.040882308
-0.015756508;0.016227964;-0.045987096
-0.025105206;-0.0026426278;-0.025461553
-0.045084164;-0.020864103;-0.010603617
-0.07356733;-0.04950378;-0.004576644
-0.065103866;-0.058353025;0.009619935
-0.020833092;-0.041994922;-1.1655201E-4
-0.022916473;-0.013283436;-0.0055619916
-0.01833318;0.019060751;-0.008355843
-0.020916544;0.0355611;0.0046434505
-0.035483234;0.04719888;0.0076210103
-0.022136588;0.053384103;0.025237434
-0.0114592705;0.059894785;0.026049322
-0.015417417;0.03541583;0.020839456
-0.006083933;0.02364516;0.022140317
-0.011117146;0.029853629;0.014196628
-0.015143717;0.014507904;0.012919802
-0.018364973;0.036606323;0.031429593
-0.02719198;0.071472555;0.04819055
-0.034253582;0.069678046;0.036599312
-0.014902866;0.071367435;0.029279452
0.03807771;0.07428145;0.0081891855
0.055462167;0.06723766;0.010457599
0.11936973;0.04285263;-0.012727671
0.101745784;0.013969602;0.008958488
0.10639663;-0.03257432;0.03216679
0.1163673;-0.06355946;0.023780307
0.08684384;-0.013347563;0.06511799
0.088225074;0.06588445;-0.04751498
0.08933006;0.065207556;-0.051683858
0.07146405;0.014666048;-0.03548771
-0.011578762;0.016420338;-0.06471829
-0.07801301;-0.038426228;-0.038493384
-0.07491041;-0.07136598;-0.04016971
-0.09117833;-0.080530286;-0.039948266
-0.08544266;-0.11911173;-0.028052364
-0.11835413;-0.11091439;-0.037676267
-0.100933306;-0.09966901;-0.030141013
-0.09324664;-0.095360205;-0.016690934
-0.055847313;-0.09347566;-0.015305873
-0.03217785;-0.095093034;-0.010291574
0.0055077192;-0.094824426;-0.0043270085
0.07940617;-0.07585954;0.013725893
0.06977494;-0.023187632;0.018793214
0.074569955;-0.0013626057;0.011128321
0.05965596;0.012972415;0.024137033
0.04147477;0.027565433;0.052122127
0.051929817;0.039239846;0.0510727
0.047793854;0.051704377;0.04476441
0.019485082;0.025738502;0.045186527
0.0030880657;-0.001284199;0.043961722
-0.010029548;-0.03852736;0.023841253
0.010726362;-0.04019689;0.017119877
0.014831089;-0.03372001;0.003930277
0.0056148716;-0.03791351;-7.620284E-4
0.0044918973;-0.033455808;-0.0060783727
-0.0026564822;-0.009577145;-0.024003323
-0.014625186;0.011088284;-0.036780782
-0.030450149;-0.0020668728;-0.03489338
-0.03686012;-0.0016534983;-0.039633453
0.020511905;0.028364701;-0.039128635
0.035159525;8.167611E-4;-0.05239666
0.009377619;0.03502841;-0.039964203
-0.054997906;0.028022727;-0.04369011
-0.12524833;0.017730681;-0.040420838
-0.12519866;-0.0045654546;-0.019055422
-0.12515892;0.040097635;-0.019150587
-0.08762714;0.07270311;0.021007655
-0.045101713;0.09097499;0.012899874
-0.02358137;0.085279986;0.0103199
-0.0063650967;0.07291149;0.025834044
0.013657923;0.06145419;0.022229735
0.029676339;0.039788354;0.017783789
0.01749107;0.033393186;0.01813328
0.0014928564;0.007964547;0.035600375
0.0011942851;0.011059138;0.06676155
0.007205428;0.0010348101;0.042081114
0.0120143425;-0.005422152;0.03171177
0.028361473;-0.0059002214;0.031228788
0.022689179;0.0109048225;0.032404907
0.011901343;0.021223858;0.010689549
0.047021076;0.040416587;-0.01254211
0.06261686;0.010458269;-0.004174313
0.050093487;-0.018195884;-0.0033394506
0.02757479;-0.022369208;-0.008530935
0.047059834;-0.027270366;-0.020105999
0.050147865;-0.024941294;-0.029756675
0.05261829;-0.021515535;-0.042945962
0.060844634;-0.031274926;-0.037872396
0.054925706;-0.042207442;-0.06311042
0.043940566;-0.033765953;-0.06376959
0.035152454;-0.027012764;-0.058828168
0.009371962;-0.03567271;-0.035343785
-0.02375243;-0.03166317;-0.024368776
-0.06900194;-0.056580536;-0.031213772
-0.07395156;-0.06245193;-0.019111643
-0.07791124;-0.032774042;-0.011383064
-0.037328996;-0.035594232;0.002221674
-0.017363196;-0.028475387;0.017011715
-0.038890556;-0.02278031;0.029234372
-0.037362445;-0.052599248;0.032762498
-0.036139958;-0.037391897;0.060584996
-0.047661964;-0.01741352;0.060186747
-0.044379573;-0.009243315;0.06729002
-0.041753657;0.0035428482;0.07297264
-0.039652925;0.021584278;0.058378115
0.005777659;0.04382992;0.071702495
0.035872128;0.021001438;0.05150262
0.041197702;0.02461365;0.029483344
0.020458162;0.03844092;0.035305426
0.003866529;0.0041902363;0.043478716
0.0030932233;2.2718911E-4;0.023454847
0.039974578;0.0126817515;0.016810752
0.044479664;0.042957902;0.0114954775
0.03558373;0.05311632;-0.019709868
0.0034669843;0.053430557;-0.04818977
0.009023587;0.059931945;-0.04441119
0.01971887;0.043258056;-0.054669578
0.040775094;0.026793946;-0.062876284
0.05762008;0.024560155;-0.056160405
0.03359606;0.024335625;-0.062115822
0.020626849;0.014781;-0.072739534
0.022751478;0.0102623;-0.058191627
-0.0067988164;-0.00585266;-0.044600178
-0.011689053;0.007817872;-0.04505514
-0.015601243;4.2975366E-6;-0.03799724
1.9005922E-5;-0.015621562;-0.02258529
0.006265205;-0.01249725;-0.0028338574
0.005012164;-0.0053103;0.001639164
-0.008490269;-0.01831074;-0.004548044
-5.422152E-4;-0.03339859;2.6781502E-4
-0.012933772;-0.048593875;0.03263613
-0.016597018;-0.015437598;0.026108902
-0.019527614;-0.027975079;0.03416837
-0.04687209;-0.023942564;0.042959698
-0.031247674;-0.009779051;0.049602132
-0.03749814;-0.01876074;0.04710358
-0.029998511;-0.013446093;0.06854224
-0.04899881;-0.0013818739;0.025927542
-0.014199047;-0.013605499;0.020742033
-0.030109238;-0.0171344;0.049406126
-0.02408739;-0.03245752;0.027806152
0.011980088;-0.016591016;0.04333867
0.01583407;-0.011710312;0.021389687
0.031417258;0.02344425;-7.575045E-5
0.037633806;0.0312554;-0.0078731
0.030107044;0.04844182;-0.012157856
0.011585635;0.035628457;-0.02886691
0.053018507;0.033190265;-0.0477029
0.023664806;0.03905221;-0.030740447
0.018931845;0.01092927;-0.030061107
0.0026454763;0.0040559154;-0.02600201
0.008366381;-0.026442768;-0.018848484
0.012943105;-0.039904214;-0.04593816
0.0103544835;-0.020985872;-0.059797406
0.008283587;-0.016788697;-0.047837924
0.02537687;-0.013430958;-0.043739088
0.026551496;-0.021682266;-0.012335021
0.021241197;-0.015783314;-0.015336767
0.016992956;-0.012626651;-0.014222538
-0.017655633;-0.03041382;0.009715719
-0.051624507;-0.022768557;0.017147575
-0.041299608;-0.043214846;0.01371806
-0.026789684;-0.011134376;0.026208824
-0.027681747;0.0020299992;0.0037795585
-0.009645398;0.010999;-0.0024451031
-0.0077163186;-0.0021383006;0.019137667
-0.012423055;-0.02671064;0.037966385
-0.009938444;-0.022931011;0.055373106
-0.0017007551;-0.04021981;0.06343911
0.017389396;-0.024363348;0.046845037
-0.0048384834;-0.014803179;0.06247603
0.0023792135;0.013157457;0.0386527
0.0019033707;0.035525966;0.00982841
-0.029727304;0.04560827;0.019190853
-0.017531842;0.048986617;-0.011209818
-0.0015254742;0.036064293;-0.014827229
0.01752962;0.0069764354;-0.023580533
0.0015236965;8.936485E-4;-0.013005052
-0.0050310427;-0.011785082;-0.010404041
0.027225167;-0.026615566;-0.025510734
0.034280133;-0.010354952;-0.039549213
0.033674106;0.013591038;-0.018358119
0.020689284;0.03743533;-0.01663962
0.010301428;0.037760764;-0.047686696
0.0019911423;0.019271111;-0.020961856
0.007842914;0.023229389;-0.02809761
2.4331084E-5;0.031083511;-0.030290589
-0.006230535;0.02330431;-0.018373096
